9.089826947564526582e-01 2.095921980613575999e-02
9.086798014892895070e-01 2.097019882982564809e-02
9.083770091529053126e-01 2.096817129592079901e-02
9.080743177136673117e-01 2.096684946412365885e-02
9.077717271379546204e-01 2.097629752504389170e-02
9.074692373921571242e-01 2.095338373024903389e-02
9.071668484426761436e-01 2.098026713727520892e-02
9.068645602559242125e-01 2.092978023015827985e-02
9.065623727983247448e-01 2.098415463982282458e-02
9.062602860363124790e-01 2.095559308488383413e-02
9.059582999363336997e-01 2.094460937848748733e-02
9.056564144648452386e-01 2.097263433125928778e-02
9.053546295883158068e-01 2.094873013586786778e-02
9.050529452732245517e-01 2.095266727516784805e-02
9.047513614860624998e-01 2.093936839633524227e-02
9.044498781933312248e-01 2.097458149292957125e-02
9.041484953615441800e-01 2.095525569708759847e-02
9.038472129572250324e-01 2.093051710719685474e-02
9.035460309469092177e-01 2.093503274551198126e-02
9.032449492971436067e-01 2.099372598956122243e-02
9.029439679744852842e-01 2.094531077732054297e-02
9.026430869455034367e-01 2.100359872387497218e-02
9.023423061767776865e-01 2.092257459181388543e-02
9.020416256348993134e-01 2.102896713863101549e-02
9.017410452864704773e-01 2.098008802002281764e-02
9.014405650981044404e-01 2.097572973390390491e-02
9.011401850364256783e-01 2.101107353633123107e-02
9.008399050680695463e-01 2.100539726539216168e-02
9.005397251596829467e-01 2.096853180825861140e-02
9.002396452779235503e-01 2.107429878948612750e-02
8.999396653894603526e-01 2.092659242555323582e-02
8.996397854609731182e-01 2.095392596616227690e-02
8.993400054591534909e-01 2.108241222709172913e-02
8.990403253507032177e-01 2.111341471239358905e-02
8.987407451023357030e-01 2.097552352160210812e-02
8.984412646807754532e-01 2.101461436846057546e-02
8.981418840527576331e-01 2.094486287741286965e-02
8.978426031850293976e-01 2.095662503619664940e-02
8.975434220443477829e-01 2.107466611394335013e-02
8.972443405974819264e-01 2.104629500105838560e-02
8.969453588112115128e-01 2.096420755305117983e-02
8.966464766523272178e-01 2.103946102414186101e-02
8.963476940876312637e-01 2.098645674718645909e-02
8.960490110839365308e-01 2.098015060795445710e-02
8.957504276080671124e-01 2.103647489544582458e-02
8.954519436268580934e-01 2.101292330154974630e-02
8.951535591071557718e-01 2.095490733617157153e-02
8.948552740158169927e-01 2.100311749439733033e-02
8.945570883197104806e-01 2.097195907903681364e-02
8.942590019857152850e-01 2.103209893412654255e-02
8.939610149807215578e-01 2.094109710928529489e-02
8.936631272716307750e-01 2.101564669795161558e-02
8.933653388253557370e-01 2.101287587141366028e-02
8.930676496088194583e-01 2.102629904194397784e-02
8.927700595889563884e-01 2.101072965502741655e-02
8.924725687327120793e-01 2.103002169283489653e-02
8.921751770070429632e-01 2.103496233146951583e-02
8.918778843789167965e-01 2.103853632946272798e-02
8.915806908153114385e-01 2.099254539613661444e-02
8.912835962832170722e-01 2.099292596225525373e-02
8.909866007496337614e-01 2.097426723489000805e-02
8.906897041815731164e-01 2.093061876221916431e-02
8.903929065460577386e-01 2.092491354470046513e-02
8.900962078101209984e-01 2.091008872185893402e-02
8.897996079408073689e-01 2.093295726131476006e-02
8.895031069051723138e-01 2.088789138599598735e-02
8.892067046702820665e-01 2.088499437180630844e-02
8.889104012032142954e-01 2.092822173178867859e-02
8.886141964710571051e-01 2.091409586371639415e-02
8.883180904409100354e-01 2.091477553993279642e-02
8.880220830798833953e-01 2.088633424107847261e-02
8.877261743550982631e-01 2.088989549049176039e-02
8.874303642336870412e-01 2.088772618908122519e-02
8.871346526827927903e-01 2.089979282828047236e-02
8.868390396695696731e-01 2.089422426405718181e-02
8.865435251611823997e-01 2.089019042704403500e-02
8.862481091248074483e-01 2.089126143905178923e-02
8.859527915276315113e-01 2.089472101929391867e-02
8.856575723368524944e-01 2.087733021814669118e-02
8.853624515196791833e-01 2.088863443308928980e-02
8.850674290433312441e-01 2.088017158002099596e-02
8.847725048750396670e-01 2.089057531040652838e-02
8.844776789820454344e-01 2.087415171536784533e-02
8.841829513316015188e-01 2.088176514475755668e-02
8.838883218909712181e-01 2.088856904259972502e-02
8.835937906274285991e-01 2.088608554224952868e-02
8.832993575082592752e-01 2.089499809135594161e-02
8.830050225007588516e-01 2.088806166379459511e-02
8.827107855722347018e-01 2.088220109544157432e-02
8.824166466900046357e-01 2.089291099314578154e-02
8.821226058213974541e-01 2.090259725940239732e-02
8.818286629337528382e-01 2.087604135156507362e-02
8.815348179944212381e-01 2.089760293572791305e-02
8.812410709707643175e-01 2.088545771785940697e-02
8.809474218301542869e-01 2.088982194338199691e-02
8.806538705399741263e-01 2.089159779382150986e-02
8.803604170676182505e-01 2.089205084900058740e-02
8.800670613804912890e-01 2.088627982363232619e-02
8.797738034460093060e-01 2.088068233423095305e-02
8.794806432315986910e-01 2.089215105509359058e-02
8.791875807046970470e-01 2.088459764527851245e-02
8.788946158327528568e-01 2.089380263671789667e-02
8.786017485832249285e-01 2.089894946087562586e-02
8.783089789235837275e-01 2.089326833278786627e-02
8.780163068213099331e-01 2.089730253903409815e-02
8.777237322438952161e-01 2.088497265778508499e-02
8.774312551588423492e-01 2.088185661282316793e-02
8.771388755336643195e-01 2.089592015490605165e-02
8.768465933358855491e-01 2.089417210393663266e-02
8.765544085330412294e-01 2.088571657448533292e-02
8.762623210926768769e-01 2.089719252683029660e-02
8.759703309823493322e-01 2.090154096966921962e-02
8.756784381696260944e-01 2.088706922367747354e-02
8.753866426220853203e-01 2.089804324827834042e-02
8.750949443073162692e-01 2.089562902548034590e-02
8.748033431929185255e-01 2.088789557493839211e-02
8.745118392465028867e-01 2.089619202434536693e-02
8.742204324356910305e-01 2.088880788379183021e-02
8.739291227281148489e-01 2.089858020162959143e-02
8.736379100914176687e-01 2.089715390577221235e-02
8.733467944932532534e-01 2.089582850105688172e-02
8.730557759012860242e-01 2.089093982610178493e-02
8.727648542831916156e-01 2.089768412328177338e-02
8.724740296066559875e-01 2.089389241681427131e-02
8.721833018393762016e-01 2.089240695736307996e-02
8.718926709490596449e-01 2.089224586303847775e-02
8.716021369034252508e-01 2.089888066581615730e-02
8.713116996702017225e-01 2.090883258498524300e-02
8.710213592171293095e-01 2.090188122217408531e-02
8.707311155119585866e-01 2.089321801605611983e-02
8.704409685224511195e-01 2.089336485385906439e-02
8.701509182163787992e-01 2.089660462778409472e-02
8.698609645615250630e-01 2.090357397132961911e-02
8.695711075256831180e-01 2.090264939994519733e-02
8.692813470766574957e-01 2.089414361988355118e-02
8.689916831822632748e-01 2.089363151360494955e-02
8.687021158103264140e-01 2.089297402405711560e-02
8.684126449286834193e-01 2.089776366103528876e-02
8.681232705051816767e-01 2.090865670115240466e-02
8.678339925076791195e-01 2.089905834231712764e-02
8.675448109040443390e-01 2.089804999190752327e-02
8.672557256621569177e-01 2.090056579597065339e-02
8.669667367499069854e-01 2.089400079830280865e-02
8.666778441351951079e-01 2.089861648023373653e-02
8.663890477859329531e-01 2.089729108908802702e-02
8.661003476700429582e-01 2.090022341857389332e-02
8.658117437554576634e-01 2.089709811613083695e-02
8.655232360101210443e-01 2.089723550736869231e-02
8.652348244019868462e-01 2.090483358746333953e-02
8.649465088990204720e-01 2.089633241831045582e-02
8.646582894691974275e-01 2.089675720873501036e-02
8.643701660805038767e-01 2.090735699142645329e-02
8.640821387009368637e-01 2.089705850902788542e-02
8.637942072985039799e-01 2.089854481618470469e-02
8.635063718412234746e-01 2.090600167860587680e-02
8.632186322971243664e-01 2.090456873237153332e-02
8.629309886342463320e-01 2.090503968694971265e-02
8.626434408206392623e-01 2.091088081138325200e-02
8.623559888243644833e-01 2.091339212333280864e-02
8.620686326134932020e-01 2.091142179869116477e-02
8.617813721561078388e-01 2.089938704337876429e-02
8.614942074203010280e-01 2.090393110975806781e-02
8.612071383741761732e-01 2.091368613844073535e-02
8.609201649858474470e-01 2.090871534222034367e-02
8.606332872234395692e-01 2.090242453163015240e-02
8.603465050550879178e-01 2.091345256483010534e-02
8.600598184489381959e-01 2.091868360497559781e-02
8.597732273731469865e-01 2.090326180631365757e-02
8.594867317958817532e-01 2.090547437090082769e-02
8.592003316853199513e-01 2.091805137458181696e-02
8.589140270096499163e-01 2.091022589795338282e-02
8.586278177370708642e-01 2.090810755970739718e-02
8.583417038357923357e-01 2.091655407009833725e-02
8.580556852740341967e-01 2.089464009433225286e-02
8.577697620200274153e-01 2.092647057971215932e-02
8.574839340420133960e-01 2.091495903112358321e-02
8.571982013082438678e-01 2.091598746233589573e-02
8.569125637869815515e-01 2.090681045039562841e-02
8.566270214464992705e-01 2.092650769944553318e-02
8.563415742550808396e-01 2.091704291990336903e-02
8.560562221810205097e-01 2.091612587369921783e-02
8.557709651926229677e-01 2.093413613240346569e-02
8.554858032582034477e-01 2.092701430603375809e-02
8.552007363460880640e-01 2.093503106023731145e-02
8.549157644246131449e-01 2.092683466358253794e-02
8.546308874621255658e-01 2.091575999843066705e-02
8.543461054269833044e-01 2.091854308844287927e-02
8.540614182875541083e-01 2.094316659116783261e-02
8.537768260122164943e-01 2.093005015606860808e-02
8.534923285693600814e-01 2.092026846458894945e-02
8.532079259273842586e-01 2.093434788440878824e-02
8.529236180546991841e-01 2.093526389214906552e-02
8.526394049197258962e-01 2.092898129741024155e-02
8.523552864908955362e-01 2.092618344954536025e-02
8.520712627366499037e-01 2.093066976691871847e-02
8.517873336254415673e-01 2.093941029866546941e-02
8.515034991257328656e-01 2.093205055616539217e-02
8.512197592059974616e-01 2.094542200751199276e-02
8.509361138347192322e-01 2.095311122628594480e-02
8.506525629803922683e-01 2.092701199981656865e-02
8.503691066115216524e-01 2.094252164979525446e-02
8.500857446966227915e-01 2.095849039715813600e-02
8.498024772042213071e-01 2.093492312209493944e-02
8.495193041028535896e-01 2.094455258904712180e-02
8.492362253610665768e-01 2.092776270874882605e-02
8.489532409474173091e-01 2.095123566824570738e-02
8.486703508304737076e-01 2.096419567928819658e-02
8.483875549788141290e-01 2.092228825530942360e-02
8.481048533610270335e-01 2.094648878008297660e-02
8.478222459457117610e-01 2.094916826857557909e-02
8.475397327014777549e-01 2.095949310481482267e-02
8.472573135969454494e-01 2.096146968698345270e-02
8.469749886007451600e-01 2.093980395737432901e-02
8.466927576815179712e-01 2.096005786600351264e-02
8.464106208079152927e-01 2.097270029611440420e-02
8.461285779485990810e-01 2.091614325625141407e-02
8.458466290722416181e-01 2.094658588919378131e-02
8.455647741475256218e-01 2.098330571785390203e-02
8.452830131431445793e-01 2.097257838509788280e-02
8.450013460278019695e-01 2.096623366897989310e-02
8.447197727702118186e-01 2.093907848566716259e-02
8.444382933390987001e-01 2.097394193991904132e-02
8.441569077031975121e-01 2.094586152880682436e-02
8.438756158312538114e-01 2.094589375861733924e-02
8.435944176920230353e-01 2.098410345970432023e-02
8.433133132542715016e-01 2.094909678289154711e-02
8.430323024867758530e-01 2.100218223053189337e-02
8.427513853583230574e-01 2.093233948782421278e-02
8.424705618377104077e-01 2.095091461955647313e-02
8.421898318937458550e-01 2.100331487564339669e-02
8.419091954952473422e-01 2.097388853568710881e-02
8.416286526110435817e-01 2.096648645552952328e-02
8.413482032099734997e-01 2.093482275643951396e-02
8.410678472608865697e-01 2.096833592321536988e-02
8.407875847326422569e-01 2.100855343678037154e-02
8.405074155941107961e-01 2.097753234291227856e-02
8.402273398141727467e-01 2.096970209454647113e-02
8.399473573617188826e-01 2.099771330896654103e-02
8.396674682056501915e-01 2.096880862758344552e-02
8.393876723148785413e-01 2.093554336887284983e-02
8.391079696583255698e-01 2.094948060179049887e-02
8.388283602049239063e-01 2.104068252532969793e-02
8.385488439236159497e-01 2.097392319625551380e-02
8.382694207833547573e-01 2.097487729063972003e-02
8.379900907531037113e-01 2.098995217881314754e-02
8.377108538018362971e-01 2.098715599644356347e-02
8.374317098985368801e-01 2.096309310587812086e-02
8.371526590121994849e-01 2.096134873404225177e-02
8.368737011118287938e-01 2.098811664391045037e-02
8.365948361664399258e-01 2.098660425197098126e-02
8.363160641450582133e-01 2.099368255215589701e-02
8.360373850167190923e-01 2.099842559051961349e-02
8.357587987504688787e-01 2.097612997621971578e-02
8.354803053153637693e-01 2.100913398868065052e-02
8.352019046804702862e-01 2.100068920769302197e-02
8.349235968148652764e-01 2.095536212404243426e-02
8.346453816876360232e-01 2.096204228226079824e-02
8.343672592678799127e-01 2.097714284172301491e-02
8.340892295247049892e-01 2.101835052018628802e-02
8.338112924272291782e-01 2.098038422409830364e-02
8.335334479445809519e-01 2.101457621231278550e-02
8.332556960458989970e-01 2.098979472686444969e-02
8.329780367003321029e-01 2.095899279353109421e-02
8.327004698770397173e-01 2.094756267131540547e-02
8.324229955451912799e-01 2.101317287252001814e-02
8.321456136739664444e-01 2.097044485097893443e-02
8.318683242325555227e-01 2.097904769887192974e-02
8.315911271901589297e-01 2.095156307985376887e-02
8.313140225159867391e-01 2.101669230075235359e-02
8.310370101792602382e-01 2.097529463774575401e-02
8.307600901492105949e-01 2.100246313312325794e-02
8.304832623950788584e-01 2.095053392866739334e-02
8.302065268861166247e-01 2.102964216419152613e-02
8.299298835915860373e-01 2.100251005829876366e-02
8.296533324807590093e-01 2.105361248061761795e-02
8.293768735229181122e-01 2.098445022030275345e-02
8.291005066873555762e-01 2.103765060995537242e-02
8.288242319433744010e-01 2.097720976569087889e-02
8.285480492602875779e-01 2.097792955204859713e-02
8.282719586074185347e-01 2.098643866120220372e-02
8.279959599541003579e-01 2.097762447272896735e-02
8.277200532696770141e-01 2.099862221841691801e-02
8.274442385235024622e-01 2.097126305083248446e-02
8.271685156849407639e-01 2.096660316980119079e-02
8.268928847233663060e-01 2.095314742961724985e-02
8.266173456081634674e-01 2.098223171804889514e-02
8.263418983087272851e-01 2.099932938140619196e-02
8.260665427944623440e-01 2.094475548986840172e-02
8.257912790347839982e-01 2.098807566660701104e-02
8.255161069991177047e-01 2.097075651861134149e-02
8.252410266568985797e-01 2.096414681466440832e-02
8.249660379775727304e-01 2.098516512183023694e-02
8.246911409305957008e-01 2.099740828635497311e-02
8.244163354854338044e-01 2.101778478961372626e-02
8.241416216115632354e-01 2.100637710311671624e-02
8.238669992784704021e-01 2.104663715691357240e-02
8.235924684556518161e-01 2.102441993504420778e-02
8.233180291126142025e-01 2.109789036296881928e-02
8.230436812188745010e-01 2.116931496583331768e-02
8.227694247439597541e-01 2.102738458199411922e-02
8.224952596574073294e-01 2.098411721892240456e-02
8.222211859287643643e-01 2.095105844688788937e-02
8.219472035275884325e-01 2.100147829061879690e-02
8.216733124234473218e-01 2.099398755155155658e-02
8.213995125859184787e-01 2.099442615981153559e-02
8.211258039845902301e-01 2.099076489278017821e-02
8.208521865890604507e-01 2.098210739272034914e-02
8.205786603689374514e-01 2.100427155323642686e-02
8.203052252938394240e-01 2.101814422315144079e-02
8.200318813333948853e-01 2.100140430810631259e-02
8.197586284572424553e-01 2.097607175746724062e-02
8.194854666350307459e-01 2.099849353024823770e-02
8.192123958364184722e-01 2.100164795298703480e-02
8.189394160310747850e-01 2.097858746543972835e-02
8.186665271886786055e-01 2.096382213220715843e-02
8.183937292789188467e-01 2.100841482280911207e-02
8.181210222714948577e-01 2.102543082429257290e-02
8.178484061361160906e-01 2.099938703787836494e-02
8.175758808425021007e-01 2.098225618174713938e-02
8.173034463603818800e-01 2.098446201863612970e-02
8.170311026594951898e-01 2.101374135212324273e-02
8.167588497095920053e-01 2.105285791661851494e-02
8.164866874804317387e-01 2.104434191694057321e-02
8.162146159417844604e-01 2.097437075716105173e-02
8.159426350634298997e-01 2.102175399852505150e-02
8.156707448151582218e-01 2.104812394914700943e-02
8.153989451667691402e-01 2.099937711613411931e-02
8.151272360880732482e-01 2.108257472084002979e-02
8.148556175488901321e-01 2.099432124701652858e-02
8.145840895190503694e-01 2.103317630186692447e-02
8.143126519683941966e-01 2.107975931182425045e-02
8.140413048667719531e-01 2.097157577398437237e-02
8.137700481840438593e-01 2.105546926855064380e-02
8.134988818900803498e-01 2.108802629924409061e-02
8.132278059547620730e-01 2.108938352666895472e-02
8.129568203479794475e-01 2.098813862570053299e-02
8.126859250396326617e-01 2.100670262563963248e-02
8.124151199996328954e-01 2.109652695717493393e-02
8.121444051979000989e-01 2.101870206303962235e-02
8.118737806043653249e-01 2.096031651529647877e-02
8.116032461889689520e-01 2.107507893155799797e-02
8.113328019216617948e-01 2.105599285558914374e-02
8.110624477724041048e-01 2.102990073520122349e-02
8.107921837111670138e-01 2.100968072839929854e-02
8.105220097079309793e-01 2.102787017705351133e-02
8.102519257326866731e-01 2.102806385783017110e-02
8.099819317554348697e-01 2.103436627825084476e-02
8.097120277461861138e-01 2.099602331827709473e-02
8.094422136749609420e-01 2.099213603131197883e-02
8.091724895117903271e-01 2.102826875011606228e-02
8.089028552267147898e-01 2.099540016675187359e-02
8.086333107897848427e-01 2.099078051872648593e-02
8.083638561710609904e-01 2.099646465506157730e-02
8.080944913406140628e-01 2.096263982302501785e-02
8.078252162685244375e-01 2.096888496512934463e-02
8.075560309248828172e-01 2.094762186804268247e-02
8.072869352797894527e-01 2.099027683506672626e-02
8.070179293033550305e-01 2.096387114328716536e-02
8.067490129656997855e-01 2.097327048134405014e-02
8.064801862369539442e-01 2.095262389153221272e-02
8.062114490872582806e-01 2.097048030303306013e-02
8.059428014867626722e-01 2.094829165651082570e-02
8.056742434056273217e-01 2.094812686558591985e-02
8.054057748140226458e-01 2.096459484718474903e-02
8.051373956821284983e-01 2.093455615835379882e-02
8.048691059801350578e-01 2.093868699198500258e-02
8.046009056782422730e-01 2.095210986840888648e-02
8.043327947466599737e-01 2.096198782401920840e-02
8.040647731556080924e-01 2.093876249655036645e-02
8.037968408753162208e-01 2.094344956410914768e-02
8.035289978760242757e-01 2.094652956948995365e-02
8.032612441279814997e-01 2.094564908527879465e-02
8.029935796014475713e-01 2.095549479098328741e-02
8.027260042666919393e-01 2.094730379873370810e-02
8.024585180939940443e-01 2.094570390238005564e-02
8.021911210536426529e-01 2.094630858877132365e-02
8.019238131159373006e-01 2.095134607578925945e-02
8.016565942511868492e-01 2.094520043245113455e-02
8.013894644297102632e-01 2.093999863599121242e-02
8.011224236218362771e-01 2.093065961501498415e-02
8.008554717979035065e-01 2.095126280575759087e-02
8.005886089282606699e-01 2.093924399591148497e-02
8.003218349832663669e-01 2.094498537655529666e-02
8.000551499332884120e-01 2.095568161433890991e-02
7.997885537487053886e-01 2.093758564993294588e-02
7.995220463999055394e-01 2.095504037567548841e-02
7.992556278572864326e-01 2.094084299935893706e-02
7.989892980912558507e-01 2.094992390234734145e-02
7.987230570722317902e-01 2.094313232969492733e-02
7.984569047706414624e-01 2.094994045518301998e-02
7.981908411569224038e-01 2.093746190212079569e-02
7.979248662015218096e-01 2.094272985311854129e-02
7.976589798748967564e-01 2.094213361110737470e-02
7.973931821475142012e-01 2.093029772855806506e-02
7.971274729898509825e-01 2.094980117055991048e-02
7.968618523723934866e-01 2.093672340572038174e-02
7.965963202656382025e-01 2.095565941733954635e-02
7.963308766400913896e-01 2.095086362466680799e-02
7.960655214662692991e-01 2.093424406564354731e-02
7.958002547146976191e-01 2.092461192751148696e-02
7.955350763559123628e-01 2.093176308787792275e-02
7.952699863604588693e-01 2.093346782983142654e-02
7.950049846988924696e-01 2.093119505027935326e-02
7.947400713417783757e-01 2.092668033983327222e-02
7.944752462596917919e-01 2.092557523210432022e-02
7.942105094232173590e-01 2.092883941876735529e-02
7.939458608029497100e-01 2.092871862227702745e-02
7.936813003694930257e-01 2.092614650743215149e-02
7.934168280934619233e-01 2.092827783229244537e-02
7.931524439454801234e-01 2.094242588002262137e-02
7.928881478961812279e-01 2.092121148181245310e-02
7.926239399162091637e-01 2.093821796330011531e-02
7.923598199762169614e-01 2.092793964352184649e-02
7.920957880468679768e-01 2.092874093872146637e-02
7.918318440988348916e-01 2.092893653621717004e-02
7.915679881028007125e-01 2.092794060203224255e-02
7.913042200294574391e-01 2.093387159875392464e-02
7.910405398495076179e-01 2.093700030020658950e-02
7.907769475336630105e-01 2.093036220631132316e-02
7.905134430526452594e-01 2.094429144686254032e-02
7.902500263771862210e-01 2.093186212125399542e-02
7.899866974780268558e-01 2.092996660452704077e-02
7.897234563259181161e-01 2.094018135040067938e-02
7.894603028916209464e-01 2.093686128243671396e-02
7.891972371459055058e-01 2.093436995447840732e-02
7.889342590595522786e-01 2.094129614078897236e-02
7.886713686033511861e-01 2.092786788630666625e-02
7.884085657481016973e-01 2.094091902704470903e-02
7.881458504646133845e-01 2.092704711298668321e-02
7.878832227237055896e-01 2.093749087240855469e-02
7.876206824962067587e-01 2.094048712840073864e-02
7.873582297529556628e-01 2.093267360819144052e-02
7.870958644648007319e-01 2.093482918990640512e-02
7.868335866025997216e-01 2.094919634494929461e-02
7.865713961372207130e-01 2.094383266291627993e-02
7.863092930395407798e-01 2.094647891028736386e-02
7.860472772804472097e-01 2.092891506886940256e-02
7.857853488308369494e-01 2.094556093851155862e-02
7.855235076616163825e-01 2.093558563112813548e-02
7.852617537437016626e-01 2.093413516871557231e-02
7.850000870480190462e-01 2.093439002053413753e-02
7.847385075455037828e-01 2.094080491990381321e-02
7.844770152071013358e-01 2.093108121017334122e-02
7.842156100037667166e-01 2.094163779806407916e-02
7.839542919064644844e-01 2.094015996286122810e-02
7.836930608861690795e-01 2.093509273079653329e-02
7.834319169138643790e-01 2.093551473999997331e-02
7.831708599605441412e-01 2.093614338390506827e-02
7.829098899972116721e-01 2.093123749627603253e-02
7.826490069948800476e-01 2.093358669058952709e-02
7.823882109245716698e-01 2.093257989754187393e-02
7.821275017573192656e-01 2.093707756805359560e-02
7.818668794641645547e-01 2.093840633945368360e-02
7.816063440161590270e-01 2.093234232359142064e-02
7.813458953843641641e-01 2.093201721273243651e-02
7.810855335398508847e-01 2.093610601025289869e-02
7.808252584536995444e-01 2.093376903710964659e-02
7.805650700970004907e-01 2.093299645164179920e-02
7.803049684408535080e-01 2.093339116608212980e-02
7.800449534563680398e-01 2.093252368901248744e-02
7.797850251146629663e-01 2.093568967349266133e-02
7.795251833868674929e-01 2.093296983167180353e-02
7.792654282441193736e-01 2.093576294649079905e-02
7.790057596575667986e-01 2.093495838364094544e-02
7.787461775983672840e-01 2.093460525153103755e-02
7.784866820376878938e-01 2.093328256121958914e-02
7.782272729467056838e-01 2.093254462798288529e-02
7.779679502966068139e-01 2.093260910723799412e-02
7.777087140585872138e-01 2.093310347339949473e-02
7.774495642038524723e-01 2.093415029214370712e-02
7.771905007036179480e-01 2.093656001969378122e-02
7.769315235291081034e-01 2.093483146140800999e-02
7.766726326515575041e-01 2.093406853302153675e-02
7.764138280422101523e-01 2.093568402445997179e-02
7.761551096723192655e-01 2.093532045370336686e-02
7.758964775131481639e-01 2.093479741175936076e-02
7.756379315359696047e-01 2.093430198428923236e-02
7.753794717120654489e-01 2.093803217194482869e-02
7.751210980127277717e-01 2.093659461205298750e-02
7.748628104092580848e-01 2.093857077625399868e-02
7.746046088729670043e-01 2.093913746995300015e-02
7.743464933751751378e-01 2.093751331907248853e-02
7.740884638872127521e-01 2.093842756828569185e-02
7.738305203804191068e-01 2.094218934566720314e-02
7.735726628261438975e-01 2.094049479436599706e-02
7.733148911957451466e-01 2.094206906309256308e-02
7.730572054605915344e-01 2.094091688382430927e-02
7.727996055920607343e-01 2.094225999535515720e-02
7.725420915615401896e-01 2.094483679986228197e-02
7.722846633404267802e-01 2.094542339293574765e-02
7.720273209001266013e-01 2.094805050314136816e-02
7.717700642120558507e-01 2.094946958530475786e-02
7.715128932476399415e-01 2.095249378251482636e-02
7.712558079783138343e-01 2.095151586734414137e-02
7.709988083755218158e-01 2.095764382200733175e-02
7.707418944107182757e-01 2.096114087999002493e-02
7.704850660553663744e-01 2.097107340625625413e-02
7.702283232809394864e-01 2.104289850804720585e-02
7.699716660589197570e-01 2.100176045927831803e-02
7.697150943607994344e-01 2.096858935346862518e-02
7.694586081580799819e-01 2.096199076600300387e-02
7.692022074222725214e-01 2.095832814532664484e-02
7.689458921248975010e-01 2.095737203731179790e-02
7.686896622374850274e-01 2.095809582809673305e-02
7.684335177315744225e-01 2.095758852834282010e-02
7.681774585787148890e-01 2.095732136249649213e-02
7.679214847504646224e-01 2.096195306836193262e-02
7.676655962183916992e-01 2.096483707362442259e-02
7.674097929540736329e-01 2.096795835882023229e-02
7.671540749290971517e-01 2.097715416239422440e-02
7.668984421150588648e-01 2.099948392773493336e-02
7.666428944835642634e-01 2.112133409098122111e-02
7.663874320062288303e-01 2.098462740772883209e-02
7.661320546546771526e-01 2.097414907869953743e-02
7.658767624005435870e-01 2.096758126670641639e-02
7.656215552154718162e-01 2.096360954332407434e-02
7.653664330711147379e-01 2.096167273973808740e-02
7.651113959391349084e-01 2.095849237967201475e-02
7.648564437912045433e-01 2.095859044305963328e-02
7.646015765990047397e-01 2.095570742248933221e-02
7.643467943342265869e-01 2.095053035931750129e-02
7.640920969685703890e-01 2.095007717983261852e-02
7.638374844737457758e-01 2.094909088706592773e-02
7.635829568214718144e-01 2.095210429042544675e-02
7.633285139834772304e-01 2.095182593395967380e-02
7.630741559315000755e-01 2.094752044673381386e-02
7.628198826372875052e-01 2.094501730772671544e-02
7.625656940725966670e-01 2.094532051960373495e-02
7.623115902091935903e-01 2.094692269502018353e-02
7.620575710188538521e-01 2.094712649660166251e-02
7.618036364733627996e-01 2.095305372818416154e-02
7.615497865445145509e-01 2.094521036877117562e-02
7.612960212041131047e-01 2.094849816168306914e-02
7.610423404239716749e-01 2.094664583335947503e-02
7.607887441759130231e-01 2.095232432387882787e-02
7.605352324317691259e-01 2.094893614611309865e-02
7.602818051633811747e-01 2.094636013493975102e-02
7.600284623426002417e-01 2.094838050596411344e-02
7.597752039412865033e-01 2.095181704365770003e-02
7.595220299313092394e-01 2.095954763127009027e-02
7.592689402845477220e-01 2.095245767040383386e-02
7.590159349728901050e-01 2.094993504270168186e-02
7.587630139682339792e-01 2.095657943030874298e-02
7.585101772424864830e-01 2.094886364504653167e-02
7.582574247675638590e-01 2.095196307845260258e-02
7.580047565153918976e-01 2.094953141749677367e-02
7.577521724579060480e-01 2.095455996811325730e-02
7.574996725670501974e-01 2.095508905991692525e-02
7.572472568147785577e-01 2.095539217108510766e-02
7.569949251730542228e-01 2.094662815885545148e-02
7.567426776138495015e-01 2.095994741141245926e-02
7.564905141091464724e-01 2.096008565895661133e-02
7.562384346309360961e-01 2.095626534042019026e-02
7.559864391512189918e-01 2.095433662086850987e-02
7.557345276420048830e-01 2.095739905640683909e-02
7.554827000753130406e-01 2.096272136036360367e-02
7.552309564231719508e-01 2.095610658948083085e-02
7.549792966576193143e-01 2.096022537791359872e-02
7.547277207507023800e-01 2.095881610509545481e-02
7.544762286744775004e-01 2.096563115292108051e-02
7.542248204010104651e-01 2.095436901773091443e-02
7.539734959023762784e-01 2.096214263141025699e-02
7.537222551506593815e-01 2.096196402059937597e-02
7.534710981179534306e-01 2.095827825477212733e-02
7.532200247763610745e-01 2.096815484495311716e-02
7.529690350979950653e-01 2.096172815751536772e-02
7.527181290549767034e-01 2.096991597288857048e-02
7.524673066194368376e-01 2.097968973326178738e-02
7.522165677635156422e-01 2.096099613939881104e-02
7.519659124593625066e-01 2.096696237287344264e-02
7.517153406791360348e-01 2.096859326431266962e-02
7.514648523950043790e-01 2.097192921289867465e-02
7.512144475791445730e-01 2.095904106945773240e-02
7.509641262037433096e-01 2.096043596892047112e-02
7.507138882409961633e-01 2.098390062528287039e-02
7.504637336631084787e-01 2.096987182164044075e-02
7.502136624422943711e-01 2.099114918018153003e-02
7.499636745507773927e-01 2.096690296106647200e-02
7.497137699607904215e-01 2.097377930305445795e-02
7.494639486445754395e-01 2.096187173804771320e-02
7.492142105743839764e-01 2.097890381120866635e-02
7.489645557224764438e-01 2.097526152946016867e-02
7.487149840611225793e-01 2.097642980011747704e-02
7.484654955626017792e-01 2.097875862091361926e-02
7.482160901992019886e-01 2.100140050047338489e-02
7.479667679432208116e-01 2.098592167921058821e-02
7.477175287669651782e-01 2.097545188234220537e-02
7.474683726427507890e-01 2.096009982640297670e-02
7.472192995429032258e-01 2.098642714367435561e-02
7.469703094397565080e-01 2.097369473608070092e-02
7.467214023056545358e-01 2.097250237847327753e-02
7.464725781129502025e-01 2.099001287168559757e-02
7.462238368340055050e-01 2.098350948598452087e-02
7.459751784411917663e-01 2.099471069716591504e-02
7.457266029068893021e-01 2.100204751409779497e-02
7.454781102034881979e-01 2.098676035107076635e-02
7.452297003033869771e-01 2.096657411299552090e-02
7.449813731789938220e-01 2.097733983358330417e-02
7.447331288027263518e-01 2.098465285624281570e-02
7.444849671470106234e-01 2.100288555960372686e-02
7.442368881842824635e-01 2.101374997212659620e-02
7.439888918869868029e-01 2.102211787603983084e-02
7.437409782275774539e-01 2.100112664961061373e-02
7.434931471785178880e-01 2.097526588097095926e-02
7.432453987122803474e-01 2.097433517436718062e-02
7.429977328013466220e-01 2.097957931191134912e-02
7.427501494182071617e-01 2.102503547734908482e-02
7.425026485353619643e-01 2.099926878785833909e-02
7.422552301253201312e-01 2.101143624164278009e-02
7.420078941605998679e-01 2.098166018462460994e-02
7.417606406137285946e-01 2.101480251589472187e-02
7.415134694572428353e-01 2.098207437605921141e-02
7.412663806636882180e-01 2.101247307135285097e-02
7.410193742056195854e-01 2.099797026530292321e-02
7.407724500556009950e-01 2.100764295376014029e-02
7.405256081862056083e-01 2.099963545453837829e-02
7.402788485700154686e-01 2.101414142187216227e-02
7.400321711796222779e-01 2.101398674530192967e-02
7.397855759876263981e-01 2.099215641829966367e-02
7.395390629666374060e-01 2.100008156076036206e-02
7.392926320892742043e-01 2.101706408739673418e-02
7.390462833281649102e-01 2.102338803563074884e-02
7.388000166559461901e-01 2.098543289112217436e-02
7.385538320452642580e-01 2.106903096830192029e-02
7.383077294687747649e-01 2.100333606538029585e-02
7.380617088991415775e-01 2.100201770894838740e-02
7.378157703090386654e-01 2.100945972994738842e-02
7.375699136711481030e-01 2.102251474571172063e-02
7.373241389581620675e-01 2.102177382606921011e-02
7.370784461427809520e-01 2.101972302003684429e-02
7.368328351977150303e-01 2.106339872662552071e-02
7.365873060956831253e-01 2.101361254109134283e-02
7.363418588094132744e-01 2.103018798673284701e-02
7.360964933116426190e-01 2.101004656603861973e-02
7.358512095751176263e-01 2.099487814102041910e-02
7.356060075725934233e-01 2.102604955052441577e-02
7.353608872768343518e-01 2.098218656924595929e-02
7.351158486606140796e-01 2.106652551987863581e-02
7.348708916967152671e-01 2.099985066060209085e-02
7.346260163579291236e-01 2.102309322284083917e-02
7.343812226170567392e-01 2.100822250199844282e-02
7.341365104469077529e-01 2.099081993776260105e-02
7.338918798203009075e-01 2.100078716052001387e-02
7.336473307100641605e-01 2.103441539675189251e-02
7.334028630890344624e-01 2.104600000339483523e-02
7.331584769300577564e-01 2.099598953166772336e-02
7.329141722059890895e-01 2.106324724612300414e-02
7.326699488896923906e-01 2.098619986519496133e-02
7.324258069540410254e-01 2.101061990419184067e-02
7.321817463719170194e-01 2.101802973499574886e-02
7.319377671162116128e-01 2.107466938298880807e-02
7.316938691598248168e-01 2.102794011487472969e-02
7.314500524756663014e-01 2.104898318104305235e-02
7.312063170366540632e-01 2.108742884954024899e-02
7.309626628157153139e-01 2.100296744105703550e-02
7.307190897857867018e-01 2.107651244273099980e-02
7.304755979198134241e-01 2.104441079009217869e-02
7.302321871907497819e-01 2.108905289569397781e-02
7.299888575715591799e-01 2.098211479170730351e-02
7.297456090352141267e-01 2.106697325098642881e-02
7.295024415546957908e-01 2.104195346039765616e-02
7.292593551029947774e-01 2.105204218933985974e-02
7.290163496531103515e-01 2.102251269815164775e-02
7.287734251780508821e-01 2.097035252022033322e-02
7.285305816508339527e-01 2.100396798475234750e-02
7.282878190444858069e-01 2.100797450712163505e-02
7.280451373320416808e-01 2.102868926009278383e-02
7.278025364865461366e-01 2.106155403302157475e-02
7.275600164810523962e-01 2.102986306830385149e-02
7.273175772886227852e-01 2.101674431852753461e-02
7.270752188823286222e-01 2.102151967658512366e-02
7.268329412352501073e-01 2.102107269913280896e-02
7.265907443204766558e-01 2.104247598644899686e-02
7.263486281111062315e-01 2.107665533851400472e-02
7.261065925802461241e-01 2.104053090763416747e-02
7.258646377010122830e-01 2.103385825095234474e-02
7.256227634465300946e-01 2.106035397497833112e-02
7.253809697899333830e-01 2.107009578193336577e-02
7.251392567043652981e-01 2.101816236430321255e-02
7.248976241629775386e-01 2.104530512138308787e-02
7.246560721389311288e-01 2.106588846144234403e-02
7.244146006053959752e-01 2.099163408031991945e-02
7.241732095355508658e-01 2.106698806474382318e-02
7.239318989025832485e-01 2.103810347371530901e-02
7.236906686796898969e-01 2.105425225100880995e-02
7.234495188400765775e-01 2.103261897986924076e-02
7.232084493569574946e-01 2.103320463856397232e-02
7.229674602035562891e-01 2.104788116321101507e-02
7.227265513531052621e-01 2.101798929919349024e-02
7.224857227788455960e-01 2.103131985587512048e-02
7.222449744540274663e-01 2.101672076372741726e-02
7.220043063519101523e-01 2.105247787610954255e-02
7.217637184457614818e-01 2.102317683839754689e-02
7.215232107088584979e-01 2.102159061837922949e-02
7.212827831144869029e-01 2.104149434090146070e-02
7.210424356359416143e-01 2.104043145668650291e-02
7.208021682465259872e-01 2.106394096558928536e-02
7.205619809195528136e-01 2.105616567282567533e-02
7.203218736283433232e-01 2.108444171284872340e-02
7.200818463462278496e-01 2.103027791593916826e-02
7.198418990465456080e-01 2.101769170104178519e-02
7.196020317026446955e-01 2.107716950318660326e-02
7.193622442878819800e-01 2.103317188343542532e-02
7.191225367756234332e-01 2.100916507366065028e-02
7.188829091392436865e-01 2.108520842741307827e-02
7.186433613521261421e-01 2.107096596815141026e-02
7.184038933876636390e-01 2.103486898954246009e-02
7.181645052192571210e-01 2.102245059017910159e-02
7.179251968203169687e-01 2.109271558682217912e-02
7.176859681642622224e-01 2.104268236509104079e-02
7.174468192245205822e-01 2.108655339316792623e-02
7.172077499745290741e-01 2.107298775501778229e-02
7.169687603877330506e-01 2.111128734019277614e-02
7.167298504375871904e-01 2.116597727054028016e-02
7.164910200975546095e-01 2.107557828639599132e-02
7.162522693411075281e-01 2.101134928790811610e-02
7.160135981417269369e-01 2.104987099552243363e-02
7.157750064729025974e-01 2.101570831785230103e-02
7.155364943081331530e-01 2.098411580378252081e-02
7.152980616209261289e-01 2.101071282030559165e-02
7.150597083847978208e-01 2.100010201192718112e-02
7.148214345732734065e-01 2.099269366619197635e-02
7.145832401598867234e-01 2.098658654424916462e-02
7.143451251181804906e-01 2.101191805041339317e-02
7.141070894217065312e-01 2.098727536334229343e-02
7.138691330440251059e-01 2.098573931278096411e-02
7.136312559587055793e-01 2.098958629534761547e-02
7.133934581393257535e-01 2.099035291487593227e-02
7.131557395594725346e-01 2.100559082546816364e-02
7.129181001927415995e-01 2.098537151548449803e-02
7.126805400127373957e-01 2.102103681047830935e-02
7.124430589930729196e-01 2.098838596213559518e-02
7.122056571073703823e-01 2.099881235464415644e-02
7.119683343292605437e-01 2.098644125071382621e-02
7.117310906323830455e-01 2.099357357251512013e-02
7.114939259903861890e-01 2.097397374373743961e-02
7.112568403769271574e-01 2.099292730291239459e-02
7.110198337656719048e-01 2.100109055132504815e-02
7.107829061302951557e-01 2.099323126332989370e-02
7.105460574444802946e-01 2.097415489662794383e-02
7.103092876819195878e-01 2.099129113355753182e-02
7.100725968163140722e-01 2.098958330242542761e-02
7.098359848213735557e-01 2.097969013405337479e-02
7.095994516708166167e-01 2.100525178684466490e-02
7.093629973383703824e-01 2.099056515978850110e-02
7.091266217977711950e-01 2.099976022337859960e-02
7.088903250227635011e-01 2.098034269513523661e-02
7.086541069871010734e-01 2.097091577723536951e-02
7.084179676645461221e-01 2.097436561587726067e-02
7.081819070288698503e-01 2.101624215030549817e-02
7.079459250538518988e-01 2.097995150147313054e-02
7.077100217132806792e-01 2.098574127868528885e-02
7.074741969809537068e-01 2.101043146282318905e-02
7.072384508306768236e-01 2.097755586945451375e-02
7.070027832362646425e-01 2.097283639916647235e-02
7.067671941715406581e-01 2.101809877629168960e-02
7.065316836103372466e-01 2.098019868554506021e-02
7.062962515264950003e-01 2.098571734936618971e-02
7.060608978938637259e-01 2.098682722716705557e-02
7.058256226863015570e-01 2.098374661572711963e-02
7.055904258776756199e-01 2.098169104992422124e-02
7.053553074418615898e-01 2.100884922843204022e-02
7.051202673527439124e-01 2.098884844944248762e-02
7.048853055842158044e-01 2.098496343606586281e-02
7.046504221101790311e-01 2.100028879826619163e-02
7.044156169045442395e-01 2.098074988359094339e-02
7.041808899412304035e-01 2.099722924044506583e-02
7.039462411941656006e-01 2.098661524737693851e-02
7.037116706372864572e-01 2.098314180588523384e-02
7.034771782445382593e-01 2.097085706098458097e-02
7.032427639898749527e-01 2.099337456492433862e-02
7.030084278472590320e-01 2.100213439449208699e-02
7.027741697906622065e-01 2.100082287664999450e-02
7.025399897940640681e-01 2.098504882562346463e-02
7.023058878314535347e-01 2.098695512210491110e-02
7.020718638768278508e-01 2.098139517835868537e-02
7.018379179041931426e-01 2.100569156437696525e-02
7.016040498875639742e-01 2.097477564083958038e-02
7.013702598009635691e-01 2.101038980886785895e-02
7.011365476184239220e-01 2.097708014647459845e-02
7.009029133139860201e-01 2.098357823596129490e-02
7.006693568616987333e-01 2.100184206871121700e-02
7.004358782356201463e-01 2.097946799570798646e-02
7.002024774098167814e-01 2.099273054792179238e-02
6.999691543583639319e-01 2.099564537998640373e-02
6.997359090553455507e-01 2.097760541081567648e-02
6.995027414748538064e-01 2.098919135654709126e-02
6.992696515909900823e-01 2.098446119880782029e-02
6.990366393778640886e-01 2.099225469528108803e-02
6.988037048095941950e-01 2.099085907597113276e-02
6.985708478603073202e-01 2.097373756469726389e-02
6.983380685041392644e-01 2.098229267374903881e-02
6.981053667152341546e-01 2.097252899400227355e-02
6.978727424677447777e-01 2.098355727666914236e-02
6.976401957358329131e-01 2.097971131694927049e-02
6.974077264936683340e-01 2.097783759710720661e-02
6.971753347154296954e-01 2.098631091703325249e-02
6.969430203753046449e-01 2.097266948544036086e-02
6.967107834474888239e-01 2.098280749169745968e-02
6.964786239061866446e-01 2.098478420632158420e-02
6.962465417256114009e-01 2.100056882566138719e-02
6.960145368799847132e-01 2.099294543587815545e-02
6.957826093435367509e-01 2.100841113159504156e-02
6.955507590905065651e-01 2.098545332831373844e-02
6.953189860951415335e-01 2.099950491877997441e-02
6.950872903316974716e-01 2.099489184513978618e-02
6.948556717744392985e-01 2.100433746478972893e-02
6.946241303976400383e-01 2.100067813750896087e-02
6.943926661755814855e-01 2.102025259879751473e-02
6.941612790825538726e-01 2.101845226038203535e-02
6.939299690928563136e-01 2.100265582089642577e-02
6.936987361807959163e-01 2.099243992244776563e-02
6.934675803206890032e-01 2.103387587888312649e-02
6.932365014868600017e-01 2.103749651286399708e-02
6.930054996536421097e-01 2.100772797309597914e-02
6.927745747953768518e-01 2.100713880983308413e-02
6.925437268864147455e-01 2.106896052987491594e-02
6.923129559011143019e-01 2.106845789688432252e-02
6.920822618138429139e-01 2.104056925691020347e-02
6.918516445989765229e-01 2.101176255233618700e-02
6.916211042308996193e-01 2.100516319747524827e-02
6.913906406840047980e-01 2.099334325839250642e-02
6.911602539326939798e-01 2.098182626558143041e-02
6.909299439513767460e-01 2.098785485922657207e-02
6.906997107144718928e-01 2.097695180259555661e-02
6.904695541964063210e-01 2.099422411853418130e-02
6.902394743716157022e-01 2.098160675637638500e-02
6.900094712145442566e-01 2.097576869131460159e-02
6.897795446996443092e-01 2.097503321760319644e-02
6.895496948013771776e-01 2.097745576135683770e-02
6.893199214942123954e-01 2.097684098289924817e-02
6.890902247526280444e-01 2.097366764560107052e-02
6.888606045511109777e-01 2.097483914328526766e-02
6.886310608641562636e-01 2.097462651429310432e-02
6.884015936662674084e-01 2.097456305430402124e-02
6.881722029319568001e-01 2.097456965288459554e-02
6.879428886357448203e-01 2.097958632688497541e-02
6.877136507521607323e-01 2.098517063299174673e-02
6.874844892557421261e-01 2.097168452617232184e-02
6.872554041210350295e-01 2.097222597112000445e-02
6.870263953225941300e-01 2.097316608062197926e-02
6.867974628349823307e-01 2.097476102790633498e-02
6.865686066327714165e-01 2.097214220150088113e-02
6.863398266905411660e-01 2.097539038535798511e-02
6.861111229828802394e-01 2.097138619274351370e-02
6.858824954843852906e-01 2.097308140960990608e-02
6.856539441696620774e-01 2.097191333867248070e-02
6.854254690133242400e-01 2.097255438711329717e-02
6.851970699899943007e-01 2.097196454646075778e-02
6.849687470743027751e-01 2.097388731699284525e-02
6.847405002408890606e-01 2.097523143624903039e-02
6.845123294644008816e-01 2.097362686451997166e-02
6.842842347194943997e-01 2.097308369429988495e-02
6.840562159808339926e-01 2.097578501310085053e-02
6.838282732230929195e-01 2.097419712578426493e-02
6.836004064209525444e-01 2.097436797853257512e-02
6.833726155491028909e-01 2.097285418009073310e-02
6.831449005822419762e-01 2.097547105197779607e-02
6.829172614950770326e-01 2.097601224410062040e-02
6.826896982623228416e-01 2.097432816359815627e-02
6.824622108587031777e-01 2.097502391255038137e-02
6.822347992589502530e-01 2.097625527532870002e-02
6.820074634378041623e-01 2.097640310069463082e-02
6.817802033700141040e-01 2.097959796547387359e-02
6.815530190303372704e-01 2.097652828182127935e-02
6.813259103935394023e-01 2.097582566826530770e-02
6.810988774343945673e-01 2.097621512538883418e-02
6.808719201276852706e-01 2.097772589987380656e-02
6.806450384482025662e-01 2.097710097459156917e-02
6.804182323707455016e-01 2.097586768388587028e-02
6.801915018701221172e-01 2.097790595174119088e-02
6.799648469211483359e-01 2.097856951165801009e-02
6.797382674986488516e-01 2.097690965868445959e-02
6.795117635774562403e-01 2.097870583548866116e-02
6.792853351324121824e-01 2.097788994824163061e-02
6.790589821383659075e-01 2.097890015286773061e-02
6.788327045701757489e-01 2.097923121975543703e-02
6.786065024027081449e-01 2.097830941420843545e-02
6.783803756108378602e-01 2.097957986265435934e-02
6.781543241694479862e-01 2.097889013168168643e-02
6.779283480534301631e-01 2.097998568196947008e-02
6.777024472376842468e-01 2.098057316119452537e-02
6.774766216971185306e-01 2.098009160118559369e-02
6.772508714066495239e-01 2.098031284036594793e-02
6.770251963412023954e-01 2.098040065149732458e-02
6.767995964757105298e-01 2.098065349664812035e-02
6.765740717851154162e-01 2.098019806662850331e-02
6.763486222443672036e-01 2.098083102195828428e-02
6.761232478284243674e-01 2.098127374999889799e-02
6.758979485122535991e-01 2.098117558438066313e-02
6.756727242708299164e-01 2.098168667572480189e-02
6.754475750791368860e-01 2.098197247516795858e-02
6.752225009121660682e-01 2.098100706359330367e-02
6.749975017449176828e-01 2.098108134598049984e-02
6.747725775524002767e-01 2.098336314111053438e-02
6.745477283096302790e-01 2.098288084290982417e-02
6.743229539916330006e-01 2.098286047652805908e-02
6.740982545734418574e-01 2.098489132463640661e-02
6.738736300300984805e-01 2.098478049174373403e-02
6.736490803366528279e-01 2.098431336624550364e-02
6.734246054681635174e-01 2.098303395369476021e-02
6.732002053996968272e-01 2.098568806270458692e-02
6.729758801063279172e-01 2.098593299323966641e-02
6.727516295631401633e-01 2.098594422568365522e-02
6.725274537452250456e-01 2.098477984021929546e-02
6.723033526276824823e-01 2.098542105101859276e-02
6.720793261856206069e-01 2.098700566577559046e-02
6.718553743941557688e-01 2.098594432199714366e-02
6.716314972284129770e-01 2.098611254111426572e-02
6.714076946635250120e-01 2.098607052262452949e-02
6.711839666746335364e-01 2.098856528679934885e-02
6.709603132368877620e-01 2.098805414581320083e-02
6.707367343254460046e-01 2.098610779393240977e-02
6.705132299154741293e-01 2.099130410925861487e-02
6.702897999821466613e-01 2.098863007749348503e-02
6.700664445006464520e-01 2.098846665699707903e-02
6.698431634461642359e-01 2.098937285999582028e-02
6.696199567938996289e-01 2.099136188492797470e-02
6.693968245190599076e-01 2.098939974374201128e-02
6.691737665968608972e-01 2.099266247452899817e-02
6.689507830025266388e-01 2.099266932264975960e-02
6.687278737112896110e-01 2.098978395845882070e-02
6.685050386983900639e-01 2.098926314266271256e-02
6.682822779390769075e-01 2.099404598099737645e-02
6.680595914086073783e-01 2.099394468889123969e-02
6.678369790822465957e-01 2.099416587708271414e-02
6.676144409352681164e-01 2.098977083399022545e-02
6.673919769429538240e-01 2.099688260699171874e-02
6.671695870805934847e-01 2.099177151590594231e-02
6.669472713234856354e-01 2.099522338978209585e-02
6.667250296469365844e-01 2.099514800409133311e-02
6.665028620262610781e-01 2.099510397142554524e-02
6.662807684367821892e-01 2.099808587883788061e-02
6.660587488538308731e-01 2.099311578990008254e-02
6.658368032527465230e-01 2.099783670141478972e-02
6.656149316088768586e-01 2.099839886231303840e-02
6.653931338975777043e-01 2.099547877966827930e-02
6.651714100942128782e-01 2.099595693568959490e-02
6.649497601741547470e-01 2.099581549293760493e-02
6.647281841127837820e-01 2.099926050271604464e-02
6.645066818854886703e-01 2.099474611120316983e-02
6.642852534676659815e-01 2.100480760864587362e-02
6.640638988347210558e-01 2.099842626927382258e-02
6.638426179620670053e-01 2.099819968677722748e-02
6.636214108251252686e-01 2.099719396271297264e-02
6.634002773993253887e-01 2.100422079451756338e-02
6.631792176601052358e-01 2.100107880089997769e-02
6.629582315829110062e-01 2.100237695589874873e-02
6.627373191431965571e-01 2.100380200202102421e-02
6.625164803164244054e-01 2.100068141285857740e-02
6.622957150780649505e-01 2.099970937465893764e-02
6.620750234035970294e-01 2.100136638649472212e-02
6.618544052685074730e-01 2.100279041339888145e-02
6.616338606482913276e-01 2.100030198556235989e-02
6.614133895184518552e-01 2.101055618797656802e-02
6.611929918545003115e-01 2.100656395472326465e-02
6.609726676319562788e-01 2.099971506083618544e-02
6.607524168263474440e-01 2.100574524293707945e-02
6.605322394132097097e-01 2.099943071237040867e-02
6.603121353680868610e-01 2.101036029473811115e-02
6.600921046665313430e-01 2.100925171810709771e-02
6.598721472841032609e-01 2.100921687058643697e-02
6.596522631963710470e-01 2.100485528711182326e-02
6.594324523789114600e-01 2.100350109752200170e-02
6.592127148073089193e-01 2.100286443490428229e-02
6.589930504571565040e-01 2.100431238147645527e-02
6.587734593040550646e-01 2.101706275857863349e-02
6.585539413236138895e-01 2.101265749738701408e-02
6.583344964914500386e-01 2.101058427472554321e-02
6.581151247831888984e-01 2.100422058261984526e-02
6.578958261744640712e-01 2.100492380245497226e-02
6.576766006409170418e-01 2.102092989867590522e-02
6.574574481581976215e-01 2.102006257406149534e-02
6.572383687019635046e-01 2.101073096171593435e-02
6.570193622478808226e-01 2.101372947338848995e-02
6.568004287716235901e-01 2.101086300998050022e-02
6.565815682488740368e-01 2.101543237708414918e-02
6.563627806553221644e-01 2.101033810957748590e-02
6.561440659666665232e-01 2.100852949938826486e-02
6.559254241586136569e-01 2.101579438359732141e-02
6.557068552068779921e-01 2.101123341490815366e-02
6.554883590871821708e-01 2.101751140961928208e-02
6.552699357752570508e-01 2.100847568596473508e-02
6.550515852468414835e-01 2.101334192036655169e-02
6.548333074776822027e-01 2.100782260438239027e-02
6.546151024435341581e-01 2.101379049262344645e-02
6.543969701201608480e-01 2.101084630020930155e-02
6.541789104833329871e-01 2.100659590782161246e-02
6.539609235088300609e-01 2.101190271108825669e-02
6.537430091724391046e-01 2.101260639340038136e-02
6.535251674499558128e-01 2.101357344259556850e-02
6.533073983171833188e-01 2.100862768184012450e-02
6.530897017499333046e-01 2.101026899029878950e-02
6.528720777240252238e-01 2.101254636074839297e-02
6.526545262152868565e-01 2.101541052252439701e-02
6.524370471995536436e-01 2.102062135816224614e-02
6.522196406526693524e-01 2.102352694712324860e-02
6.520023065504857440e-01 2.103501036469385480e-02
6.517850448688627951e-01 2.103173053054486347e-02
6.515678555836681429e-01 2.102425922218886453e-02
6.513507386707778624e-01 2.101452245140502523e-02
6.511336941060757999e-01 2.101278204674873751e-02
6.509167218654539067e-01 2.101003421088027193e-02
6.506998219248123494e-01 2.101054414347138313e-02
6.504829942600589554e-01 2.101631253864430851e-02
6.502662388471098787e-01 2.101170186708248983e-02
6.500495556618891557e-01 2.101327401571735989e-02
6.498329446803290388e-01 2.101961845246968705e-02
6.496164058783695516e-01 2.101340509723042746e-02
6.493999392319588226e-01 2.102099124411189665e-02
6.491835447170529738e-01 2.102200670583178471e-02
6.489672223096164538e-01 2.101991361436149688e-02
6.487509719856212609e-01 2.102010957589944481e-02
6.485347937210474978e-01 2.102910079746216077e-02
6.483186874918834830e-01 2.101840135049280051e-02
6.481026532741254176e-01 2.102748255228924570e-02
6.478866910437773852e-01 2.102245351600090517e-02
6.476708007768517961e-01 2.103804254964595014e-02
6.474549824493686101e-01 2.103052907918364148e-02
6.472392360373561138e-01 2.102363496286597383e-02
6.470235615168504761e-01 2.103371577841445239e-02
6.468079588638957489e-01 2.103942870620841010e-02
6.465924280545443104e-01 2.104643987440470848e-02
6.463769690648558663e-01 2.101726490329260816e-02
6.461615818708988934e-01 2.103685416091864713e-02
6.459462664487493067e-01 2.103020236571903970e-02
6.457310227744910147e-01 2.102197996914963174e-02
6.455158508242163640e-01 2.103611610169635673e-02
6.453007505740249172e-01 2.102299441338753572e-02
6.450857220000248970e-01 2.102304162695106324e-02
6.448707650783320755e-01 2.101982602462933170e-02
6.446558797850702183e-01 2.102606238668641367e-02
6.444410660963714177e-01 2.102500923964814236e-02
6.442263239883753156e-01 2.102452639548416449e-02
6.440116534372294366e-01 2.102274176286880042e-02
6.437970544190897426e-01 2.101757922000091830e-02
6.435825269101196344e-01 2.102215716107432714e-02
6.433680708864908393e-01 2.102411896777102787e-02
6.431536863243826341e-01 2.101878733727354995e-02
6.429393731999826223e-01 2.101832703858879520e-02
6.427251314894860679e-01 2.102226080554857671e-02
6.425109611690963396e-01 2.101952316913885746e-02
6.422968622150245777e-01 2.102057609987232137e-02
6.420828346034901379e-01 2.102123987383621578e-02
6.418688783107198148e-01 2.102103297928479414e-02
6.416549933129487293e-01 2.102084898957944439e-02
6.414411795864198851e-01 2.102098745083195303e-02
6.412274371073840573e-01 2.102013792044754581e-02
6.410137658521000148e-01 2.102395281856229287e-02
6.408001657968342979e-01 2.102164496344165884e-02
6.405866369178616626e-01 2.102163076264250766e-02
6.403731791914645255e-01 2.102127675041146060e-02
6.401597925939331857e-01 2.102302936040183895e-02
6.399464771015658249e-01 2.102179948641423948e-02
6.397332326906689515e-01 2.102264472624276737e-02
6.395200593375564013e-01 2.102475252175696127e-02
6.393069570185502259e-01 2.102356567891873820e-02
6.390939257099801374e-01 2.102366608568232917e-02
6.388809653881840633e-01 2.102391266562942534e-02
6.386680760295074810e-01 2.102475266087141387e-02
6.384552576103039723e-01 2.102666842308557882e-02
6.382425101069350015e-01 2.102504161426648963e-02
6.380298334957696937e-01 2.102616494741758185e-02
6.378172277531852785e-01 2.102400299927467339e-02
6.376046928555667570e-01 2.102493100643843676e-02
6.373922287793069019e-01 2.102840581646592613e-02
6.371798355008065906e-01 2.102520077834500734e-02
6.369675129964743610e-01 2.102606296729708779e-02
6.367552612427268555e-01 2.102486877988829495e-02
6.365430802159880441e-01 2.102544160100495649e-02
6.363309698926904456e-01 2.102708645589218897e-02
6.361189302492740172e-01 2.102663570844836433e-02
6.359069612621864875e-01 2.102639905526556413e-02
6.356950629078839121e-01 2.102678661108580913e-02
6.354832351628295628e-01 2.102718744996441569e-02
6.352714780034950381e-01 2.102799220519637954e-02
6.350597914063595972e-01 2.102705608975478924e-02
6.348481753479101597e-01 2.102916387461572362e-02
6.346366298046419718e-01 2.102827051177018694e-02
6.344251547530576074e-01 2.102927851157474978e-02
6.342137501696675228e-01 2.102908375407723518e-02
6.340024160309905010e-01 2.102991988562569539e-02
6.337911523135526526e-01 2.102995749906895473e-02
6.335799589938879706e-01 2.103107465636805742e-02
6.333688360485384417e-01 2.103192169656198027e-02
6.331577834540537131e-01 2.103042209785766642e-02
6.329468011869913147e-01 2.103196396603533927e-02
6.327358892239166588e-01 2.103186485133932623e-02
6.325250475414028184e-01 2.103388115269653330e-02
6.323142761160307490e-01 2.103269457951319893e-02
6.321035749243891777e-01 2.103300656291441639e-02
6.318929439430748252e-01 2.103378083158290168e-02
6.316823831486918506e-01 2.103257383313544837e-02
6.314718925178526288e-01 2.103334396987269900e-02
6.312614720271768620e-01 2.103277601841601827e-02
6.310511216532923573e-01 2.103328972598391897e-02
6.308408413728348041e-01 2.103352267122676408e-02
6.306306311624472194e-01 2.103397895318135161e-02
6.304204909987808358e-01 2.103393057109669353e-02
6.302104208584947687e-01 2.103414957374487651e-02
6.300004207182552385e-01 2.103535196663643136e-02
6.297904905547370147e-01 2.103481962094930907e-02
6.295806303446220831e-01 2.103606686895356445e-02
6.293708400646004231e-01 2.103615690283112960e-02
6.291611196913698967e-01 2.103636339136774960e-02
6.289514692016360264e-01 2.103638828592806903e-02
6.287418885721118844e-01 2.103786206433086794e-02
6.285323777795186473e-01 2.103736998856546234e-02
6.283229368005851523e-01 2.103887317608925042e-02
6.281135656120477861e-01 2.103710749255493020e-02
6.279042641906508182e-01 2.104240468409046896e-02
6.276950325131464004e-01 2.103980920985496286e-02
6.274858705562942340e-01 2.104111119841454644e-02
6.272767782968619033e-01 2.104135325366181947e-02
6.270677557116246525e-01 2.104081581777006785e-02
6.268588027773654980e-01 2.104503194928979484e-02
6.266499194708751164e-01 2.104190719208083246e-02
6.264411057689520668e-01 2.104133275475867162e-02
6.262323616484026800e-01 2.104225014857384959e-02
6.260236870860406144e-01 2.104346245780350233e-02
6.258150820586877439e-01 2.104338419352214801e-02
6.256065465431732697e-01 2.104221592584526457e-02
6.253980805163343870e-01 2.104215201822932230e-02
6.251896839550160623e-01 2.104290785881656606e-02
6.249813568360705895e-01 2.104357795982471704e-02
6.247730991363584785e-01 2.104389686172957255e-02
6.245649108327474552e-01 2.104328627007867603e-02
6.243567919021134616e-01 2.104353728648092683e-02
6.241487423213395447e-01 2.104407656348755706e-02
6.239407620673171895e-01 2.104440921347069948e-02
6.237328511169447642e-01 2.104477496971461636e-02
6.235250094471289639e-01 2.104473420770780825e-02
6.233172370347840330e-01 2.104524856674063957e-02
6.231095338568317654e-01 2.104545959635914162e-02
6.229018998902016158e-01 2.104605231630606726e-02
6.226943351118310321e-01 2.104635227533382599e-02
6.224868394986646791e-01 2.104675285461622691e-02
6.222794130276554370e-01 2.104708903780424731e-02
6.220720556757635133e-01 2.104733693845275283e-02
6.218647674199567765e-01 2.104781351630940350e-02
6.216575482372109773e-01 2.104798515070182424e-02
6.214503981045095271e-01 2.104850465194100725e-02
6.212433169988431647e-01 2.104879845909821828e-02
6.210363048972107336e-01 2.104929170121720358e-02
6.208293617766185157e-01 2.104955454818929761e-02
6.206224876140803426e-01 2.105026876049429993e-02
6.204156823866181503e-01 2.105061284496078863e-02
6.202089460712610913e-01 2.105084589096418296e-02
6.200022786450458678e-01 2.105145067576074530e-02
6.197956800850176196e-01 2.105169365821537436e-02
6.195891503682281476e-01 2.105209096078160952e-02
6.193826894717374687e-01 2.105245660298763616e-02
6.191762973726132602e-01 2.105289115525894525e-02
6.189699740479305268e-01 2.105331554590302023e-02
6.187637194747722669e-01 2.105359755429840954e-02
6.185575336302289173e-01 2.105428930861462031e-02
6.183514164913983535e-01 2.105495677161746404e-02
6.181453680353865554e-01 2.105500218330367407e-02
6.179393882393067194e-01 2.105549474638002128e-02
6.177334770802799246e-01 2.105596794409821462e-02
6.175276345354346885e-01 2.105635409329074254e-02
6.173218605819074112e-01 2.105680735357286920e-02
6.171161551968417092e-01 2.105726148929548680e-02
6.169105183573891926e-01 2.105788863130414468e-02
6.167049500407089102e-01 2.105830280691187162e-02
6.164994502239675711e-01 2.105862944357933531e-02
6.162940188843394340e-01 2.105917890729923012e-02
6.160886559990064182e-01 2.105936410508787993e-02
6.158833615451579924e-01 2.105984004120322120e-02
6.156781354999911748e-01 2.106046324347548085e-02
6.154729778407109775e-01 2.106112481516170254e-02
6.152678885445294066e-01 2.106131036701328757e-02
6.150628675886664620e-01 2.106221053144095509e-02
6.148579149503496932e-01 2.106282021063033555e-02
6.146530306068139771e-01 2.106313728630726176e-02
6.144482145353021840e-01 2.106345025387085235e-02
6.142434667130645121e-01 2.106404115296214505e-02
6.140387871173585976e-01 2.106434946272234265e-02
6.138341757254500708e-01 2.106477101364077897e-02
6.136296325146118891e-01 2.106560828642752015e-02
6.134251574621244485e-01 2.106609306454813174e-02
6.132207505452760277e-01 2.106667264084487179e-02
6.130164117413621216e-01 2.106686097156507120e-02
6.128121410276862191e-01 2.106791912935201960e-02
6.126079383815590251e-01 2.106812146209676578e-02
6.124038037802987944e-01 2.106866786332358549e-02
6.121997372012316641e-01 2.106930951020182310e-02
6.119957386216910988e-01 2.106989937019417697e-02
6.117918080190181129e-01 2.107076287335125919e-02
6.115879453705611590e-01 2.107139489102618016e-02
6.113841506536765724e-01 2.107183087866528956e-02
6.111804238457280158e-01 2.107196111250300014e-02
6.109767649240865905e-01 2.107274907826937535e-02
6.107731738661311693e-01 2.107401116335371263e-02
6.105696506492480635e-01 2.107426332005147770e-02
6.103661952508311339e-01 2.107433124813922962e-02
6.101628076482815688e-01 2.107476346256335897e-02
6.099594878190085501e-01 2.107637213521668454e-02
6.097562357404283651e-01 2.107764076967444042e-02
6.095530513899649616e-01 2.107756368861734772e-02
6.093499347450499481e-01 2.107837060557275419e-02
6.091468857831222605e-01 2.107927186896839736e-02
6.089439044816282731e-01 2.107891594799389187e-02
6.087409908180222429e-01 2.107981931184702701e-02
6.085381447697656432e-01 2.108176211750754231e-02
6.083353663143274970e-01 2.108133395677134689e-02
6.081326554291843767e-01 2.108188464214121385e-02
6.079300120918204042e-01 2.108272579327726687e-02
6.077274362797270291e-01 2.108467072554328844e-02
6.075249279704035832e-01 2.108503808959141454e-02
6.073224871413563930e-01 2.108480388531333224e-02
6.071201137700996675e-01 2.108671361165564279e-02
6.069178078341550542e-01 2.108776521575313548e-02
6.067155693110511949e-01 2.108715756145558562e-02
6.065133981783250583e-01 2.108892015806975231e-02
6.063112944135204962e-01 2.109020436705002707e-02
6.061092579941890213e-01 2.108960149422304045e-02
6.059072888978896954e-01 2.109119263363277638e-02
6.057053871021890190e-01 2.109507391470198667e-02
6.055035525846607092e-01 2.109119026399841959e-02
6.053017853228864764e-01 2.109387282664430818e-02
6.051000852944548036e-01 2.109446200353385162e-02
6.048984524769623894e-01 2.109541226367316058e-02
6.046968868480130377e-01 2.109703917419699162e-02
6.044953883852178800e-01 2.110111896270951484e-02
6.042939570661958193e-01 2.109827467225329489e-02
6.040925928685729751e-01 2.110102864829467920e-02
6.038912957699830164e-01 2.109859467286123724e-02
6.036900657480668286e-01 2.110188031366188807e-02
6.034889027804734019e-01 2.110175881237798257e-02
6.032878068448583875e-01 2.110632381145670713e-02
6.030867779188854305e-01 2.110391981049451401e-02
6.028858159802251704e-01 2.110797238264785353e-02
6.026849210065563511e-01 2.110685297205281558e-02
6.024840929755643781e-01 2.110845045804784006e-02
6.022833318649428724e-01 2.110955041300066268e-02
6.020826376523918944e-01 2.111187596152493476e-02
6.018820103156199419e-01 2.110908768152593151e-02
6.016814498323425076e-01 2.112002745279124155e-02
6.014809561802823001e-01 2.111417631701156122e-02
6.012805293371699111e-01 2.111517316017394105e-02
6.010801692807430374e-01 2.111766497244031704e-02
6.008798759887465923e-01 2.111848195647136883e-02
6.006796494389337049e-01 2.111993829120203947e-02
6.004794896090638323e-01 2.112213566332619974e-02
6.002793964769050916e-01 2.112162803995274937e-02
6.000793700202314840e-01 2.112623994103835987e-02
5.998794102168258924e-01 2.112617713786352214e-02
5.996795170444776391e-01 2.112912064864697070e-02
5.994796904809839289e-01 2.112824057307334871e-02
5.992799305041491831e-01 2.113252485033327230e-02
5.990802370917852615e-01 2.113536520180889569e-02
5.988806102217113514e-01 2.113254060861936151e-02
5.986810498717540785e-01 2.113480568304984888e-02
5.984815560197473960e-01 2.113495453068012231e-02
5.982821286435328068e-01 2.113897928142646765e-02
5.980827677209591409e-01 2.113822946715288725e-02
5.978834732298824450e-01 2.114678992550747538e-02
5.976842451481663154e-01 2.114438253359999381e-02
5.974850834536818978e-01 2.114596094003872231e-02
5.972859881243069990e-01 2.114687611266800188e-02
5.970869591379276420e-01 2.115432818912066359e-02
5.968879964724367326e-01 2.115353221528459490e-02
5.966891001057348376e-01 2.115512166962772375e-02
5.964902700157296289e-01 2.115877585877011177e-02
5.962915061803359951e-01 2.115720472231630289e-02
5.960928085774769292e-01 2.116350959343708815e-02
5.958941771850817526e-01 2.116619423256364818e-02
5.956956119810880024e-01 2.116564412215930779e-02
5.954971129434402100e-01 2.116901060824368311e-02
5.952986800500902342e-01 2.117400583052046759e-02
5.951003132789970396e-01 2.117965988114988221e-02
5.949020126081275839e-01 2.118545234498862145e-02
5.947037780154557085e-01 2.118962119139931530e-02
5.945056094789628043e-01 2.119219862314533284e-02
5.943075069766371454e-01 2.119466931526927528e-02
5.941094704864751108e-01 2.119440686683190384e-02
5.939114999864794076e-01 2.119959976144930591e-02
5.937135954546611805e-01 2.120464474387400225e-02
5.935157568690382357e-01 2.121042265216893652e-02
5.933179842076354849e-01 2.121704628992571520e-02
5.931202774484860551e-01 2.122470399628581528e-02
5.929226365696294021e-01 2.123326858121895450e-02
5.927250615491130858e-01 2.124354607111251028e-02
5.925275523649913278e-01 2.125650704175621394e-02
5.923301089953262322e-01 2.126645372109781107e-02
5.921327314181867862e-01 2.128394517666616637e-02
5.919354196116495270e-01 2.130527216748926561e-02
5.917381735537982079e-01 2.132809838520215162e-02
5.915409932227239098e-01 2.135598670388607484e-02
5.913438785965250410e-01 2.139219463937109406e-02
5.911468296533072264e-01 2.143741552848368176e-02
5.909498463711833072e-01 2.148511296742767335e-02
5.907529287282740071e-01 2.155098473163594847e-02
5.905560767027063784e-01 2.163764544165931031e-02
5.903592902726154668e-01 2.173719986247171776e-02
5.901625694161434232e-01 2.190655624197851772e-02
5.899659141114395045e-01 2.225818771295992940e-02
5.897693243366606275e-01 2.281860922540358827e-02
5.895728000699705929e-01 2.237490136230016469e-02
5.893763412895407505e-01 2.245904848622754663e-02
5.891799479735494449e-01 2.292473559492693921e-02
5.889836201001826810e-01 2.254529089926213259e-02
5.887873576476334581e-01 2.212482350058660868e-02
5.885911605941021030e-01 2.187751975659245340e-02
5.883950289177960480e-01 2.174859204970279458e-02
5.881989625969303859e-01 2.163461086709530037e-02
5.880029616097270928e-01 2.153954763767501612e-02
5.878070259344155835e-01 2.146964548355355731e-02
5.876111555492323779e-01 2.141787811421731053e-02
5.874153504324216568e-01 2.137534384793245146e-02
5.872196105622341511e-01 2.134412505297565363e-02
5.870239359169285853e-01 2.131741976204596864e-02
5.868283264747701233e-01 2.129784097375250762e-02
5.866327822140321446e-01 2.128128614814356334e-02
5.864373031129944680e-01 2.126695801987806000e-02
5.862418891499444618e-01 2.125584434749424809e-02
5.860465403031767107e-01 2.124663370827735431e-02
5.858512565509929049e-01 2.123692745467222615e-02
5.856560378717023951e-01 2.122855017763702890e-02
5.854608842436210825e-01 2.122179634540868193e-02
5.852657956450727506e-01 2.121516211271692876e-02
5.850707720543878443e-01 2.120929078770814047e-02
5.848758134499045802e-01 2.120448690493496879e-02
5.846809198099679472e-01 2.120097198913487371e-02
5.844860911129302616e-01 2.119769902764284328e-02
5.842913273371509453e-01 2.119475746780544526e-02
5.840966284609974135e-01 2.119340966881092664e-02
5.839019944628429659e-01 2.118963671708327598e-02
5.837074253210693398e-01 2.118700945775062877e-02
5.835129210140646006e-01 2.118406497937059402e-02
5.833184815202244744e-01 2.118198068409169604e-02
5.831241068179517928e-01 2.117999645855330251e-02
5.829297968856566037e-01 2.117869910533964548e-02
5.827355517017559494e-01 2.117633120448430065e-02
5.825413712446743109e-01 2.117375483420999571e-02
5.823472554928433853e-01 2.117164872575045750e-02
5.821532044247017534e-01 2.116945858041310163e-02
5.819592180186954344e-01 2.116751240968247835e-02
5.817652962532777750e-01 2.116812080539673749e-02
5.815714391069086719e-01 2.116423342032213925e-02
5.813776465580559050e-01 2.116312766331496925e-02
5.811839185851941370e-01 2.116164354772859593e-02
5.809902551668052473e-01 2.115888881959334528e-02
5.807966562813781097e-01 2.115818871069835919e-02
5.806031219074089256e-01 2.115952171927967113e-02
5.804096520234010015e-01 2.115542673534351326e-02
5.802162466078649716e-01 2.115311032642026856e-02
5.800229056393185756e-01 2.115290551854681622e-02
5.798296290962864363e-01 2.114989806003927247e-02
5.796364169573005043e-01 2.115015421571616802e-02
5.794432692009001684e-01 2.115098139884894618e-02
5.792501858056317010e-01 2.114643032061723146e-02
5.790571667500482578e-01 2.114471173360431624e-02
5.788642120127106550e-01 2.114535533033775130e-02
5.786713215721865922e-01 2.114272059144633314e-02
5.784784954070508745e-01 2.114391434479293702e-02
5.782857334958855233e-01 2.114271040343313965e-02
5.780930358172796657e-01 2.114172575818037275e-02
5.779004023498297560e-01 2.113858143379181848e-02
5.777078330721390209e-01 2.113847692996409164e-02
5.775153279628180147e-01 2.113873745312188149e-02
5.773228870004845081e-01 2.113871855145882384e-02
5.771305101637631552e-01 2.113608977100043043e-02
5.769381974312860484e-01 2.113512254535748411e-02
5.767459487816921637e-01 2.113267458064594165e-02
5.765537641936275826e-01 2.113437138739863649e-02
5.763616436457456027e-01 2.113342340562767568e-02
5.761695871167065164e-01 2.113102668079704788e-02
5.759775945851781653e-01 2.113109461058252161e-02
5.757856660298349416e-01 2.112905803478338368e-02
5.755938014293583427e-01 2.113098692950813803e-02
5.754020007624376376e-01 2.113030307242934683e-02
5.752102640077683127e-01 2.112713360417451877e-02
5.750185911440535147e-01 2.112720634208496012e-02
5.748269821500036070e-01 2.112907676937439416e-02
5.746354370043353921e-01 2.112797608188914447e-02
5.744439556857733331e-01 2.112553638732939457e-02
5.742525381730489986e-01 2.112369092971175602e-02
5.740611844449006185e-01 2.112418611542769831e-02
5.738698944800740831e-01 2.112434414447973002e-02
5.736786682573215002e-01 2.112388614147318877e-02
5.734875057554029709e-01 2.112195557239758201e-02
5.732964069530852580e-01 2.112023395900601563e-02
5.731053718291420074e-01 2.112450886630631158e-02
5.729144003623546366e-01 2.112198465414645912e-02
5.727234925315106695e-01 2.111846327535592607e-02
5.725326483154055124e-01 2.111914630109503616e-02
5.723418676928412330e-01 2.111875813211487249e-02
5.721511506426271154e-01 2.111982621020331435e-02
5.719604971435791052e-01 2.111865683546016934e-02
5.717699071745209194e-01 2.111641016063460496e-02
5.715793807142829364e-01 2.111610589175621708e-02
5.713889177417021958e-01 2.111636750393275017e-02
5.711985182356236201e-01 2.111494405754385864e-02
5.710081821748985709e-01 2.111452099591913656e-02
5.708179095383857371e-01 2.111412459422501095e-02
5.706277003049506913e-01 2.111384349208261790e-02
5.704375544534662223e-01 2.111352591232287454e-02
5.702474719628118915e-01 2.111393286399027708e-02
5.700574528118746986e-01 2.111693261742280531e-02
5.698674969795480827e-01 2.111339956242795288e-02
5.696776044447330323e-01 2.111285538711291793e-02
5.694877751863376414e-01 2.111646962966812549e-02
5.692980091832764433e-01 2.111277715309183706e-02
5.691083064144715209e-01 2.111753393935950768e-02
5.689186668588520623e-01 2.111582075695751445e-02
5.687290904953534731e-01 2.111467401972234870e-02
5.685395773029191524e-01 2.111935080697929790e-02
5.683501272604989385e-01 2.111893665883447790e-02
5.681607403470498863e-01 2.112542886721636287e-02
5.679714165415359339e-01 2.111036627451244249e-02
5.677821558229283472e-01 2.111019989723765186e-02
5.675929581702048310e-01 2.111175758221793541e-02
5.674038235623506399e-01 2.110808466274512532e-02
5.672147519783579117e-01 2.110761034746720319e-02
5.670257433972255567e-01 2.110729703625537426e-02
5.668367977979593686e-01 2.110802286049909965e-02
5.666479151595728014e-01 2.110599577270711596e-02
5.664590954610857487e-01 2.110644185087918318e-02
5.662703386815253204e-01 2.110546524079847178e-02
5.660816447999251766e-01 2.110506370595206793e-02
5.658930137953266382e-01 2.110483290898103326e-02
5.657044456467776872e-01 2.110471011842744715e-02
5.655159403333333001e-01 2.110412946052745917e-02
5.653274978340553369e-01 2.110372475593848274e-02
5.651391181280125409e-01 2.110369710198348875e-02
5.649508011942810937e-01 2.110329169778224490e-02
5.647625470119436164e-01 2.110297056873849594e-02
5.645743555600902797e-01 2.110276540956489491e-02
5.643862268178176933e-01 2.110264415318214778e-02
5.641981607642295726e-01 2.110250725710584654e-02
5.640101573784367384e-01 2.110225112070715156e-02
5.638222166395567836e-01 2.110184408727225000e-02
5.636343385267145178e-01 2.110173503675188966e-02
5.634465230190415230e-01 2.110146363749623027e-02
5.632587700956762644e-01 2.110129816537346242e-02
5.630710797357643127e-01 2.110113212021792056e-02
5.628834519184580110e-01 2.110083657797463472e-02
5.626958866229171408e-01 2.110067661473168446e-02
5.625083838283075899e-01 2.110066321039037046e-02
5.623209435138029066e-01 2.110048009707603256e-02
5.621335656585834117e-01 2.110015685806623797e-02
5.619462502418360872e-01 2.109990620556188162e-02
5.617589972427550205e-01 2.109964854173657783e-02
5.615718066405416264e-01 2.109950594982269723e-02
5.613846784144034263e-01 2.109927783581228705e-02
5.611976125435554907e-01 2.109928676481158741e-02
5.610106090072197738e-01 2.109882162836886760e-02
5.608236677846248908e-01 2.109881837249499154e-02
5.606367888550064515e-01 2.109858826102266327e-02
5.604499721976070603e-01 2.109844743719654220e-02
5.602632177916765377e-01 2.109827566364186335e-02
5.600765256164711436e-01 2.109816584414622026e-02
5.598898956512540215e-01 2.109795017093091946e-02
5.597033278752955310e-01 2.109774151173153187e-02
5.595168222678729153e-01 2.109755276252206838e-02
5.593303788082700789e-01 2.109750627758874564e-02
5.591439974757781428e-01 2.109724036798089550e-02
5.589576782496948892e-01 2.109717669956461331e-02
5.587714211093249839e-01 2.109685645786701924e-02
5.585852260339801978e-01 2.109691790402716885e-02
5.583990930029794075e-01 2.109672328336641492e-02
5.582130219956473738e-01 2.109654916717812467e-02
5.580270129913168509e-01 2.109644490875774853e-02
5.578410659693270324e-01 2.109637507171723686e-02
5.576551809090239953e-01 2.109610640646652699e-02
5.574693577897607000e-01 2.109622463850465909e-02
5.572835965908971012e-01 2.109610870209713621e-02
5.570978972917997041e-01 2.109614903942617567e-02
5.569122598718423411e-01 2.109565858521494919e-02
5.567266843104056173e-01 2.109549776571793822e-02
5.565411705868765768e-01 2.109552162820604176e-02
5.563557186806497024e-01 2.109535443406770558e-02
5.561703285711259159e-01 2.109504600509107958e-02
5.559850002377132450e-01 2.109499338635814972e-02
5.557997336598267113e-01 2.109488603196650602e-02
5.556145288168876650e-01 2.109512560750258572e-02
5.554293856883248948e-01 2.109467391342243967e-02
5.552443042535735174e-01 2.109460114419075064e-02
5.550592844920761992e-01 2.109460197882859558e-02
5.548743263832818240e-01 2.109449126509289896e-02
5.546894299066461587e-01 2.109475410203318774e-02
5.545045950416321867e-01 2.109443223840982290e-02
5.543198217677097750e-01 2.109393804423221469e-02
5.541351100643547856e-01 2.109407891318790251e-02
5.539504599110510741e-01 2.109400687292724633e-02
5.537658712872886024e-01 2.109399436637182657e-02
5.535813441725645490e-01 2.109441518509789365e-02
5.533968785463823092e-01 2.109372003537748549e-02
5.532124743882528284e-01 2.109356449693153973e-02
5.530281316776936018e-01 2.109373210166675533e-02
5.528438503942287863e-01 2.109304813212055027e-02
5.526596305173896440e-01 2.109396901359434154e-02
5.524754720267139874e-01 2.109385789660280647e-02
5.522913749017467344e-01 2.109290416338079760e-02
5.521073391220392423e-01 2.109301096387017349e-02
5.519233646671501958e-01 2.109264464555662272e-02
5.517394515166447189e-01 2.109318643203519916e-02
5.515555996500945968e-01 2.109339187303628169e-02
5.513718090470788313e-01 2.109300755699569652e-02
5.511880796871830857e-01 2.109265148979026436e-02
5.510044115499997952e-01 2.109263153093565712e-02
5.508208046151280568e-01 2.109257274174730634e-02
5.506372588621739617e-01 2.109245637143066648e-02
5.504537742707503734e-01 2.109300717114601098e-02
5.502703508204768168e-01 2.109270876383873353e-02
5.500869884909798113e-01 2.109235152644003269e-02
5.499036872618923155e-01 2.109204162982435474e-02
5.497204471128547265e-01 2.109245745734031341e-02
5.495372680235136587e-01 2.109269439841134422e-02
5.493541499735223876e-01 2.109210913782968988e-02
5.491710929425415166e-01 2.109186782034249211e-02
5.489880969102380881e-01 2.109179505333217200e-02
5.488051618562858058e-01 2.109244783525536862e-02
5.486222877603657011e-01 2.109161263453331395e-02
5.484394746021649114e-01 2.109168820069063158e-02
5.482567223613777907e-01 2.109125805387213060e-02
5.480740310177051322e-01 2.109158599191629513e-02
5.478914005508548346e-01 2.109311686645305023e-02
5.477088309405413469e-01 2.109082884683032011e-02
5.475263221664858904e-01 2.109167490658189759e-02
5.473438742084162367e-01 2.109074974587554080e-02
5.471614870460674851e-01 2.109167208892574752e-02
5.469791606591810629e-01 2.109122153143246775e-02
5.467968950275052809e-01 2.109130919201480242e-02
5.466146901307948891e-01 2.109258075310417591e-02
5.464325459488118542e-01 2.109207539876794754e-02
5.462504624613246929e-01 2.109065558515419575e-02
5.460684396481088054e-01 2.109161784607953283e-02
5.458864774889458094e-01 2.109153771773406710e-02
5.457045759636245386e-01 2.109037446789702175e-02
5.455227350519403773e-01 2.108976136571001289e-02
5.453409547336958152e-01 2.109014281375334865e-02
5.451592349886995592e-01 2.109006085149307125e-02
5.449775757967673107e-01 2.109042736022182299e-02
5.447959771377213212e-01 2.109054356618966786e-02
5.446144389913908368e-01 2.108985578902114813e-02
5.444329613376115429e-01 2.109148936850862091e-02
5.442515441562261191e-01 2.109029195840176479e-02
5.440701874270837957e-01 2.108993655440954615e-02
5.438888911300404638e-01 2.109076752292141435e-02
5.437076552449586764e-01 2.109122902409928460e-02
5.435264797517080915e-01 2.109034816846766872e-02
5.433453646301646955e-01 2.108966323670609030e-02
5.431643098602113584e-01 2.109006698075437808e-02
5.429833154217372782e-01 2.109028087046019642e-02
5.428023812946390914e-01 2.108958749864117341e-02
5.426215074588193188e-01 2.108997694162369554e-02
5.424406938941879197e-01 2.109016356763855973e-02
5.422599405806609596e-01 2.108979738129998505e-02
5.420792474981616094e-01 2.108993260342599541e-02
5.418986146266193682e-01 2.108950722124559168e-02
5.417180419459707297e-01 2.108978820887099162e-02
5.415375294361586267e-01 2.109050899795756467e-02
5.413570770771327645e-01 2.109020074143394888e-02
5.411766848488498427e-01 2.108936969018279997e-02
5.409963527312727782e-01 2.109041391375485533e-02
5.408160807043712603e-01 2.109066342564958063e-02
5.406358687481218617e-01 2.108910428744215082e-02
5.404557168425075941e-01 2.109068461750821660e-02
5.402756249675183531e-01 2.109053068492039440e-02
5.400955931031506951e-01 2.108930508550458521e-02
5.399156212294075052e-01 2.108885958742979377e-02
5.397357093262987737e-01 2.108900660394427695e-02
5.395558573738408192e-01 2.108867487688501768e-02
5.393760653520566217e-01 2.108871723154165378e-02
5.391963332409762666e-01 2.108831712905132050e-02
5.390166610206360565e-01 2.108831189849171353e-02
5.388370486710789553e-01 2.108816203130893865e-02
5.386574961723549215e-01 2.108794577770055356e-02
5.384780035045200197e-01 2.108784712622434332e-02
5.382985706476374199e-01 2.108776739691048396e-02
5.381191975817767315e-01 2.108755580241281069e-02
5.379398842870143360e-01 2.108775738972941058e-02
5.377606307434331656e-01 2.108783995973149972e-02
5.375814369311227026e-01 2.108757393427464211e-02
5.374023028301793126e-01 2.108748173572762633e-02
5.372232284207056896e-01 2.108758083188646409e-02
5.370442136828114110e-01 2.108748675113879950e-02
5.368652585966124935e-01 2.108742711991627716e-02
5.366863631422317260e-01 2.108743170027544897e-02
5.365075272997985589e-01 2.108731831868848258e-02
5.363287510494485488e-01 2.108742982596347251e-02
5.361500343713246908e-01 2.108715320700815798e-02
5.359713772455761971e-01 2.108716605507419267e-02
5.357927796523586084e-01 2.108714722465052094e-02
5.356142415718347927e-01 2.108710120520971773e-02
5.354357629841733912e-01 2.108709853801385078e-02
5.352573438695501507e-01 2.108710432542442240e-02
5.350789842081473680e-01 2.108698759558272351e-02
5.349006839801540014e-01 2.108692219262212758e-02
5.347224431657653376e-01 2.108703553708702813e-02
5.345442617451835465e-01 2.108687280137915704e-02
5.343661396986173484e-01 2.108681498273958996e-02
5.341880770062819028e-01 2.108680311838157656e-02
5.340100736483990307e-01 2.108677275686392932e-02
5.338321296051971032e-01 2.108674964337270419e-02
5.336542448569115971e-01 2.108676382554315956e-02
5.334764193837836510e-01 2.108680473242829576e-02
5.332986531660616203e-01 2.108671247954289202e-02
5.331209461840001884e-01 2.108666957079719309e-02
5.329432984178608113e-01 2.108663589602847305e-02
5.327657098479114950e-01 2.108666702213127589e-02
5.325881804544266851e-01 2.108683001165328336e-02
5.324107102176873774e-01 2.108655949759139989e-02
5.322332991179814510e-01 2.108650857118646305e-02
5.320559471356027803e-01 2.108667854792628527e-02
5.318786542508524562e-01 2.108647113734241768e-02
5.317014204440377867e-01 2.108652766594252756e-02
5.315242456954726302e-01 2.108637376464902666e-02
5.313471299854773955e-01 2.108649133423787236e-02
5.311700732943792636e-01 2.108647285908499952e-02
5.309930756025117438e-01 2.108630371246358534e-02
5.308161368902148958e-01 2.108648936482603042e-02
5.306392571378356626e-01 2.108658350787697561e-02
5.304624363257269826e-01 2.108654952202478408e-02
5.302856744342487882e-01 2.108620887527625637e-02
5.301089714437675626e-01 2.108617285203638267e-02
5.299323273346560059e-01 2.108641327674964927e-02
5.297557420872935907e-01 2.108613655677538112e-02
5.295792156820661178e-01 2.108617214927254943e-02
5.294027480993662715e-01 2.108603700110677284e-02
5.292263393195930643e-01 2.108624505982013148e-02
5.290499893231519479e-01 2.108589700933559408e-02
5.288736980904552576e-01 2.108611807023516582e-02
5.286974656019212127e-01 2.108598873317703293e-02
5.285212918379751379e-01 2.108599196605814505e-02
5.283451767790486864e-01 2.108586967077724986e-02
5.281691204055801725e-01 2.108592654050563467e-02
5.279931226980141279e-01 2.108582811517371175e-02
5.278171836368017455e-01 2.108607047673345669e-02
5.276413032024009908e-01 2.108590779492392278e-02
5.274654813752759352e-01 2.108602035631034280e-02
5.272897181358972007e-01 2.108620664510549303e-02
5.271140134647422926e-01 2.108608752117968263e-02
5.269383673422948222e-01 2.108570026110051163e-02
5.267627797490449515e-01 2.108589104804954248e-02
5.265872506654898366e-01 2.108566151619982107e-02
5.264117800721325180e-01 2.108564138487890177e-02
5.262363679494826973e-01 2.108555050122851507e-02
5.260610142780565157e-01 2.108564943058423291e-02
5.258857190383769975e-01 2.108550273334514405e-02
5.257104822109732734e-01 2.108554110297133910e-02
5.255353037763812463e-01 2.108562857817440628e-02
5.253601837151428144e-01 2.108557845545931328e-02
5.251851220078068705e-01 2.108569417900112847e-02
5.250101186349284133e-01 2.108551885462156897e-02
5.248351735770694360e-01 2.108560690424450892e-02
5.246602868147977050e-01 2.108563185640888876e-02
5.244854583286880922e-01 2.108567915904194581e-02
5.243106880993216867e-01 2.108556217987379508e-02
5.241359761072859058e-01 2.108621764401651458e-02
5.239613223331748282e-01 2.108582511976208468e-02
5.237867267575888608e-01 2.108580794881349807e-02
5.236121893611351830e-01 2.108610389014341224e-02
5.234377101244269692e-01 2.108553111580634479e-02
5.232632890280842775e-01 2.108598686838200620e-02
5.230889260527332718e-01 2.108544046038109826e-02
5.229146211790069998e-01 2.108526112030637348e-02
5.227403743875443931e-01 2.108541054641937390e-02
5.225661856589913778e-01 2.108531327467576960e-02
5.223920549739999863e-01 2.108541539125689812e-02
5.222179823132289123e-01 2.108518411074017732e-02
5.220439676573430665e-01 2.108526655679126074e-02
5.218700109870140214e-01 2.108520035840485279e-02
5.216961122829196773e-01 2.108521942511063299e-02
5.215222715257443742e-01 2.108512680841089643e-02
5.213484886961788911e-01 2.108518450097347785e-02
5.211747637749206685e-01 2.108510390964537379e-02
5.210010967426730311e-01 2.108514391678611294e-02
5.208274875801462978e-01 2.108511212946734617e-02
5.206539362680568939e-01 2.108509177456404857e-02
5.204804427871277950e-01 2.108511028881858082e-02
5.203070071180884160e-01 2.108513019135928659e-02
5.201336292416745000e-01 2.108506839725387758e-02
5.199603091386282294e-01 2.108504876011459833e-02
5.197870467896982261e-01 2.108502989518728360e-02
5.196138421756397729e-01 2.108502623235511755e-02
5.194406952772139263e-01 2.108517133975132754e-02
5.192676060751888478e-01 2.108512069380878359e-02
5.190945745503386943e-01 2.108504567515314537e-02
5.189216006834441730e-01 2.108506888818371949e-02
5.187486844552924303e-01 2.108509697847466349e-02
5.185758258466768300e-01 2.108502987575668758e-02
5.184030248383973971e-01 2.108510007200197281e-02
5.182302814112602629e-01 2.108510529170959033e-02
5.180575955460781090e-01 2.108515981383016213e-02
5.178849672236701673e-01 2.108507591519205235e-02
5.177123964248618870e-01 2.108523246934594642e-02
5.175398831304849345e-01 2.108517800722701369e-02
5.173674273213778596e-01 2.108513810070483316e-02
5.171950289783850963e-01 2.108519236971106992e-02
5.170226880823575177e-01 2.108541063041065311e-02
5.168504046141527697e-01 2.108526312401732064e-02
5.166781785546344929e-01 2.108519652510284711e-02
5.165060098846729897e-01 2.108525548745563555e-02
5.163338985851444463e-01 2.108530709038079071e-02
5.161618446369322655e-01 2.108532854994163777e-02
5.159898480209251792e-01 2.108528518495722884e-02
5.158179087180191358e-01 2.108533804147537036e-02
5.156460267091160787e-01 2.108544812658513096e-02
5.154742019751243909e-01 2.108544893741453458e-02
5.153024344969586723e-01 2.108552380038052759e-02
5.151307242555401844e-01 2.108533884988182325e-02
5.149590712317961838e-01 2.108556139302667984e-02
5.147874754066604774e-01 2.108544542064693175e-02
5.146159367610734225e-01 2.108585765223738862e-02
5.144444552759813716e-01 2.108542589543350304e-02
5.142730309323373383e-01 2.108568575383585816e-02
5.141016637111002208e-01 2.108547123829174544e-02
5.139303535932358002e-01 2.108587974837095383e-02
5.137591005597158533e-01 2.108562263285667163e-02
5.135879045915187069e-01 2.108579771157098603e-02
5.134167656696287940e-01 2.108580224123879007e-02
5.132456837750370982e-01 2.108580238861832226e-02
5.130746588887408199e-01 2.108564652751535040e-02
5.129036909917433773e-01 2.108620255782338304e-02
5.127327800650550715e-01 2.108594497463125300e-02
5.125619260896917551e-01 2.108565984586675476e-02
5.123911290466762747e-01 2.108594940914891233e-02
5.122203889170372504e-01 2.108608656274036167e-02
5.120497056818098525e-01 2.108583454064243828e-02
5.118790793220358015e-01 2.108617598130148318e-02
5.117085098187629244e-01 2.108649048433547737e-02
5.115379971530451542e-01 2.108550786295747270e-02
5.113675413059430852e-01 2.108653666212263050e-02
5.111971422585236402e-01 2.108590772473657379e-02
5.110267999918596260e-01 2.108630028508732060e-02
5.108565144870306218e-01 2.108635804185942167e-02
5.106862857251220911e-01 2.108594213126068623e-02
5.105161136872263805e-01 2.108602845764333267e-02
5.103459983544414991e-01 2.108656461165876392e-02
5.101759397078722280e-01 2.108600071308108087e-02
5.100059377286293438e-01 2.108637374895482725e-02
5.098359923978299513e-01 2.108649334450486343e-02
5.096661036965978164e-01 2.108639941514533350e-02
5.094962716060622565e-01 2.108625409361902098e-02
5.093264961073599162e-01 2.108737779734340054e-02
5.091567771816326582e-01 2.108579942132810317e-02
5.089871148100293397e-01 2.108600149760373257e-02
5.088175089737045909e-01 2.108671994871588393e-02
5.086479596538200365e-01 2.108648054903824315e-02
5.084784668315428524e-01 2.108661497074112295e-02
5.083090304880467647e-01 2.108684792261756799e-02
5.081396506045118278e-01 2.108645670610118789e-02
5.079703271621244243e-01 2.108673144131479119e-02
5.078010601420770431e-01 2.108692697843584513e-02
5.076318495255685015e-01 2.108657768342283439e-02
5.074626952938039448e-01 2.108675251013681154e-02
5.072935974279945137e-01 2.108711621592234547e-02
5.071245559093580102e-01 2.108638411279133151e-02
5.069555707191183425e-01 2.108687950618439236e-02
5.067866418385054139e-01 2.108773562119183390e-02
5.066177692487559003e-01 2.108629658896866640e-02
5.064489529311120286e-01 2.108604760865949099e-02
5.062801928668231310e-01 2.108649228580168275e-02
5.061114890371440911e-01 2.108660022792574820e-02
5.059428414233362314e-01 2.108707466840854805e-02
5.057742500066673141e-01 2.108676305854678690e-02
5.056057147684112074e-01 2.108637553401058323e-02
5.054372356898477747e-01 2.108618184075673405e-02
5.052688127522637629e-01 2.108619523663360709e-02
5.051004459369513588e-01 2.108594438559427062e-02
5.049321352252095219e-01 2.108610072753616324e-02
5.047638805983434285e-01 2.108611725611573423e-02
5.045956820376641394e-01 2.108596166497985619e-02
5.044275395244892657e-01 2.108656966927712970e-02
5.042594530401425246e-01 2.108639536159524763e-02
5.040914225659538506e-01 2.108638278063209789e-02
5.039234480832593954e-01 2.108679689705957386e-02
5.037555295734016392e-01 2.108642799634104573e-02
5.035876670177289460e-01 2.108713342316255110e-02
5.034198603975963415e-01 2.108667039353693054e-02
5.032521096943648464e-01 2.108521934942639633e-02
5.030844148894016987e-01 2.108655000587920242e-02
5.029167759640803537e-01 2.108619324674228940e-02
5.027491928997803727e-01 2.108538367212197881e-02
5.025816656778877567e-01 2.108544947516891380e-02
5.024141942797943905e-01 2.108598340559270090e-02
5.022467786868988204e-01 2.108470277557631875e-02
5.020794188806052549e-01 2.108417838114511403e-02
5.019121148423243417e-01 2.108359504322331393e-02
5.017448665534731678e-01 2.108321869957745925e-02
5.015776739954747043e-01 2.108287743039788387e-02
5.014105371497580288e-01 2.108240054586927106e-02
5.012434559977587689e-01 2.108237118216034836e-02
5.010764305209184366e-01 2.108188551980728909e-02
5.009094607006847610e-01 2.108161099743113137e-02
5.007425465185119107e-01 2.108141556057415225e-02
5.005756879558600492e-01 2.108124756691423865e-02
5.004088849941952244e-01 2.108098045268623488e-02
5.002421376149901455e-01 2.108055648374315347e-02
