9.089826947564526582e-01 2.096001102325579027e-02
9.086798014892895070e-01 2.097096343159643092e-02
9.083770091529053126e-01 2.096876899848783282e-02
9.080743177136673117e-01 2.096779019714630626e-02
9.077717271379546204e-01 2.097712006951042013e-02
9.074692373921571242e-01 2.095397883908447709e-02
9.071668484426761436e-01 2.098113771359724766e-02
9.068645602559242125e-01 2.093064549940157337e-02
9.065623727983247448e-01 2.098483434699650874e-02
9.062602860363124790e-01 2.095633708912987211e-02
9.059582999363336997e-01 2.094532894589707164e-02
9.056564144648452386e-01 2.097341140326081099e-02
9.053546295883158068e-01 2.094948767624606883e-02
9.050529452732245517e-01 2.095353001756811162e-02
9.047513614860624998e-01 2.094018764098836555e-02
9.044498781933312248e-01 2.097536211735713876e-02
9.041484953615441800e-01 2.095601671247408759e-02
9.038472129572250324e-01 2.093112839241229386e-02
9.035460309469092177e-01 2.093595713320531987e-02
9.032449492971436067e-01 2.099450526772432199e-02
9.029439679744852842e-01 2.094584280288208644e-02
9.026430869455034367e-01 2.100455903461021304e-02
9.023423061767776865e-01 2.092334493913613341e-02
9.020416256348993134e-01 2.102986007059615484e-02
9.017410452864704773e-01 2.098091360475679706e-02
9.014405650981044404e-01 2.097654716675110068e-02
9.011401850364256783e-01 2.101180996189810218e-02
9.008399050680695463e-01 2.100608950540588243e-02
9.005397251596829467e-01 2.096918850511137952e-02
9.002396452779235503e-01 2.107504075658437476e-02
8.999396653894603526e-01 2.092735882384688662e-02
8.996397854609731182e-01 2.095470815179092949e-02
8.993400054591534909e-01 2.108307541843823171e-02
8.990403253507032177e-01 2.111412651587582165e-02
8.987407451023357030e-01 2.097630029309570376e-02
8.984412646807754532e-01 2.101532644233344502e-02
8.981418840527576331e-01 2.094568843765342442e-02
8.978426031850293976e-01 2.095730280570335530e-02
8.975434220443477829e-01 2.107548755144868918e-02
8.972443405974819264e-01 2.104711666208915893e-02
8.969453588112115128e-01 2.096490887106135237e-02
8.966464766523272178e-01 2.104013538339591025e-02
8.963476940876312637e-01 2.098692744685936099e-02
8.960490110839365308e-01 2.098087077538000542e-02
8.957504276080671124e-01 2.103684612305015134e-02
8.954519436268580934e-01 2.101358073275228638e-02
8.951535591071557718e-01 2.095539272444811585e-02
8.948552740158169927e-01 2.100353423455449467e-02
8.945570883197104806e-01 2.097204303999062464e-02
8.942590019857152850e-01 2.103258847174511309e-02
8.939610149807215578e-01 2.094146193223466595e-02
8.936631272716307750e-01 2.101624727029079848e-02
8.933653388253557370e-01 2.101353479880250369e-02
8.930676496088194583e-01 2.102674827093378024e-02
8.927700595889563884e-01 2.101110933674207523e-02
8.924725687327120793e-01 2.103063499747726342e-02
8.921751770070429632e-01 2.103562292112865981e-02
8.918778843789167965e-01 2.103910889027824430e-02
8.915806908153114385e-01 2.099326703460204641e-02
8.912835962832170722e-01 2.099338676819744939e-02
8.909866007496337614e-01 2.097479794408104586e-02
8.906897041815731164e-01 2.093067581423834964e-02
8.903929065460577386e-01 2.092545074567330951e-02
8.900962078101209984e-01 2.091042250749813869e-02
8.897996079408073689e-01 2.093306925616010908e-02
8.895031069051723138e-01 2.088796062788943891e-02
8.892067046702820665e-01 2.088511291614418217e-02
8.889104012032142954e-01 2.092868083106020488e-02
8.886141964710571051e-01 2.091423843872676838e-02
8.883180904409100354e-01 2.091511922864223647e-02
8.880220830798833953e-01 2.088619405778184210e-02
8.877261743550982631e-01 2.088968592490233686e-02
8.874303642336870412e-01 2.088775298681640885e-02
8.871346526827927903e-01 2.090010729365671116e-02
8.868390396695696731e-01 2.089401817716653870e-02
8.865435251611823997e-01 2.089004842257093444e-02
8.862481091248074483e-01 2.089116995096598414e-02
8.859527915276315113e-01 2.089485812992392805e-02
8.856575723368524944e-01 2.087677949545723929e-02
8.853624515196791833e-01 2.088853164965106396e-02
8.850674290433312441e-01 2.087980556292802145e-02
8.847725048750396670e-01 2.089056896952264791e-02
8.844776789820454344e-01 2.087366524837777279e-02
8.841829513316015188e-01 2.088161809166337937e-02
8.838883218909712181e-01 2.088854567401578557e-02
8.835937906274285991e-01 2.088630380420392410e-02
8.832993575082592752e-01 2.089497768016844448e-02
8.830050225007588516e-01 2.088780146573345972e-02
8.827107855722347018e-01 2.088176825984298934e-02
8.824166466900046357e-01 2.089314836196827160e-02
8.821226058213974541e-01 2.090273433620599280e-02
8.818286629337528382e-01 2.087535621843798067e-02
8.815348179944212381e-01 2.089761377008403712e-02
8.812410709707643175e-01 2.088548788915363386e-02
8.809474218301542869e-01 2.088984809804634440e-02
8.806538705399741263e-01 2.089174302617436904e-02
8.803604170676182505e-01 2.089195878403309406e-02
8.800670613804912890e-01 2.088619750760397839e-02
8.797738034460093060e-01 2.088032017214332819e-02
8.794806432315986910e-01 2.089207204686452379e-02
8.791875807046970470e-01 2.088434314649060403e-02
8.788946158327528568e-01 2.089389483733030545e-02
8.786017485832249285e-01 2.089915548008589030e-02
8.783089789235837275e-01 2.089330668506698963e-02
8.780163068213099331e-01 2.089759685738868875e-02
8.777237322438952161e-01 2.088467443494106818e-02
8.774312551588423492e-01 2.088123669700760188e-02
8.771388755336643195e-01 2.089606242843566886e-02
8.768465933358855491e-01 2.089408963524945831e-02
8.765544085330412294e-01 2.088569732943737489e-02
8.762623210926768769e-01 2.089719893039503409e-02
8.759703309823493322e-01 2.090161275624133688e-02
8.756784381696260944e-01 2.088692360960234598e-02
8.753866426220853203e-01 2.089830333379259775e-02
8.750949443073162692e-01 2.089551254033680458e-02
8.748033431929185255e-01 2.088749505322855249e-02
8.745118392465028867e-01 2.089622805297257357e-02
8.742204324356910305e-01 2.088862909511434579e-02
8.739291227281148489e-01 2.089866389498271429e-02
8.736379100914176687e-01 2.089731401813473000e-02
8.733467944932532534e-01 2.089588782275936599e-02
8.730557759012860242e-01 2.089083872467188685e-02
8.727648542831916156e-01 2.089775568013169799e-02
8.724740296066559875e-01 2.089395951072286692e-02
8.721833018393762016e-01 2.089245331471863837e-02
8.718926709490596449e-01 2.089224217563789843e-02
8.716021369034252508e-01 2.089926653614838578e-02
8.713116996702017225e-01 2.090938177961308361e-02
8.710213592171293095e-01 2.090202134786307842e-02
8.707311155119585866e-01 2.089312777324651635e-02
8.704409685224511195e-01 2.089340591133343958e-02
8.701509182163787992e-01 2.089680024407754994e-02
8.698609645615250630e-01 2.090402034130545497e-02
8.695711075256831180e-01 2.090295462691491024e-02
8.692813470766574957e-01 2.089413638293989225e-02
8.689916831822632748e-01 2.089372377304082873e-02
8.687021158103264140e-01 2.089282230250172692e-02
8.684126449286834193e-01 2.089793300598152825e-02
8.681232705051816767e-01 2.090913041958343196e-02
8.678339925076791195e-01 2.089909143873428313e-02
8.675448109040443390e-01 2.089817583757592329e-02
8.672557256621569177e-01 2.090087652838422752e-02
8.669667367499069854e-01 2.089402151830709042e-02
8.666778441351951079e-01 2.089876501260851116e-02
8.663890477859329531e-01 2.089735155369376943e-02
8.661003476700429582e-01 2.090048200224644409e-02
8.658117437554576634e-01 2.089724649147156610e-02
8.655232360101210443e-01 2.089710727113664596e-02
8.652348244019868462e-01 2.090489932950088253e-02
8.649465088990204720e-01 2.089617339392041417e-02
8.646582894691974275e-01 2.089674867108405956e-02
8.643701660805038767e-01 2.090786004875385892e-02
8.640821387009368637e-01 2.089699903248454921e-02
8.637942072985039799e-01 2.089856814395200935e-02
8.635063718412234746e-01 2.090636729509291053e-02
8.632186322971243664e-01 2.090484715318106923e-02
8.629309886342463320e-01 2.090519987608609187e-02
8.626434408206392623e-01 2.091125967631647653e-02
8.623559888243644833e-01 2.091372061424624090e-02
8.620686326134932020e-01 2.091167913304899442e-02
8.617813721561078388e-01 2.089949234691252170e-02
8.614942074203010280e-01 2.090390362714862615e-02
8.612071383741761732e-01 2.091403492198977768e-02
8.609201649858474470e-01 2.090900215351424590e-02
8.606332872234395692e-01 2.090252960442632452e-02
8.603465050550879178e-01 2.091381246276038594e-02
8.600598184489381959e-01 2.091896610552539115e-02
8.597732273731469865e-01 2.090334043793986435e-02
8.594867317958817532e-01 2.090537758695449819e-02
8.592003316853199513e-01 2.091838105759355471e-02
8.589140270096499163e-01 2.091022166057250609e-02
8.586278177370708642e-01 2.090836212428795124e-02
8.583417038357923357e-01 2.091701167255910834e-02
8.580556852740341967e-01 2.089426551231222604e-02
8.577697620200274153e-01 2.092674609209652786e-02
8.574839340420133960e-01 2.091494063072784487e-02
8.571982013082438678e-01 2.091653543058252795e-02
8.569125637869815515e-01 2.090708609105503685e-02
8.566270214464992705e-01 2.092630943345226424e-02
8.563415742550808396e-01 2.091739580327611758e-02
8.560562221810205097e-01 2.091639639566407471e-02
8.557709651926229677e-01 2.093445760146086729e-02
8.554858032582034477e-01 2.092737706078128673e-02
8.552007363460880640e-01 2.093567765173738604e-02
8.549157644246131449e-01 2.092726533442331588e-02
8.546308874621255658e-01 2.091593169326586357e-02
8.543461054269833044e-01 2.091891253225220543e-02
8.540614182875541083e-01 2.094368371951341873e-02
8.537768260122164943e-01 2.093023025027296313e-02
8.534923285693600814e-01 2.092059843988013437e-02
8.532079259273842586e-01 2.093463913098481816e-02
8.529236180546991841e-01 2.093578094347947616e-02
8.526394049197258962e-01 2.092929447767566745e-02
8.523552864908955362e-01 2.092654032631131519e-02
8.520712627366499037e-01 2.093092961907125349e-02
8.517873336254415673e-01 2.094002156470971959e-02
8.515034991257328656e-01 2.093241005509162422e-02
8.512197592059974616e-01 2.094538333609848035e-02
8.509361138347192322e-01 2.095358631449762907e-02
8.506525629803922683e-01 2.092730697191716796e-02
8.503691066115216524e-01 2.094294525464590953e-02
8.500857446966227915e-01 2.095883632867708707e-02
8.498024772042213071e-01 2.093531423373162434e-02
8.495193041028535896e-01 2.094494608342689287e-02
8.492362253610665768e-01 2.092790034880351313e-02
8.489532409474173091e-01 2.095154730591175518e-02
8.486703508304737076e-01 2.096480944116279471e-02
8.483875549788141290e-01 2.092241172524049106e-02
8.481048533610270335e-01 2.094684638393609633e-02
8.478222459457117610e-01 2.094958761251214732e-02
8.475397327014777549e-01 2.096002825297935829e-02
8.472573135969454494e-01 2.096168141581838257e-02
8.469749886007451600e-01 2.094016620177179336e-02
8.466927576815179712e-01 2.096042546629149975e-02
8.464106208079152927e-01 2.097299676762334406e-02
8.461285779485990810e-01 2.091621716615865365e-02
8.458466290722416181e-01 2.094676867387732996e-02
8.455647741475256218e-01 2.098358423753250018e-02
8.452830131431445793e-01 2.097321174739721558e-02
8.450013460278019695e-01 2.096649660181938365e-02
8.447197727702118186e-01 2.093913381307835678e-02
8.444382933390987001e-01 2.097425359133699152e-02
8.441569077031975121e-01 2.094598350884845431e-02
8.438756158312538114e-01 2.094637034961659150e-02
8.435944176920230353e-01 2.098436209194767810e-02
8.433133132542715016e-01 2.094942242290901216e-02
8.430323024867758530e-01 2.100278328923352311e-02
8.427513853583230574e-01 2.093227889359142863e-02
8.424705618377104077e-01 2.095125561160267325e-02
8.421898318937458550e-01 2.100363247856063334e-02
8.419091954952473422e-01 2.097429850061626258e-02
8.416286526110435817e-01 2.096681644250987173e-02
8.413482032099734997e-01 2.093479243692500033e-02
8.410678472608865697e-01 2.096876947694984242e-02
8.407875847326422569e-01 2.100876922925145121e-02
8.405074155941107961e-01 2.097792524725286545e-02
8.402273398141727467e-01 2.096977722630636448e-02
8.399473573617188826e-01 2.099786188364035494e-02
8.396674682056501915e-01 2.096869334633045742e-02
8.393876723148785413e-01 2.093561317543406533e-02
8.391079696583255698e-01 2.095002022373302838e-02
8.388283602049239063e-01 2.104119534295826807e-02
8.385488439236159497e-01 2.097408807390096011e-02
8.382694207833547573e-01 2.097517598728958557e-02
8.379900907531037113e-01 2.099015320762107756e-02
8.377108538018362971e-01 2.098762199202869327e-02
8.374317098985368801e-01 2.096323874675196097e-02
8.371526590121994849e-01 2.096141657254629864e-02
8.368737011118287938e-01 2.098801444893955148e-02
8.365948361664399258e-01 2.098690965543644968e-02
8.363160641450582133e-01 2.099419516163288091e-02
8.360373850167190923e-01 2.099859495488806335e-02
8.357587987504688787e-01 2.097629768837986144e-02
8.354803053153637693e-01 2.100964459072976465e-02
8.352019046804702862e-01 2.100093989462019015e-02
8.349235968148652764e-01 2.095550169642811447e-02
8.346453816876360232e-01 2.096239590302105202e-02
8.343672592678799127e-01 2.097748248147359579e-02
8.340892295247049892e-01 2.101854648041482157e-02
8.338112924272291782e-01 2.098072877818587395e-02
8.335334479445809519e-01 2.101497584109759259e-02
8.332556960458989970e-01 2.098995289036229700e-02
8.329780367003321029e-01 2.095872634804164802e-02
8.327004698770397173e-01 2.094753850194194800e-02
8.324229955451912799e-01 2.101352201978149217e-02
8.321456136739664444e-01 2.097013854955088324e-02
8.318683242325555227e-01 2.097890333410960470e-02
8.315911271901589297e-01 2.095147687086161906e-02
8.313140225159867391e-01 2.101699708097116287e-02
8.310370101792602382e-01 2.097550966716794224e-02
8.307600901492105949e-01 2.100259203436560113e-02
8.304832623950788584e-01 2.095044555429076763e-02
8.302065268861166247e-01 2.103001375056840622e-02
8.299298835915860373e-01 2.100274743809374747e-02
8.296533324807590093e-01 2.105396995402550320e-02
8.293768735229181122e-01 2.098466421766728707e-02
8.291005066873555762e-01 2.103788901699308114e-02
8.288242319433744010e-01 2.097757714778874377e-02
8.285480492602875779e-01 2.097778002634957673e-02
8.282719586074185347e-01 2.098622626501509686e-02
8.279959599541003579e-01 2.097773074032334081e-02
8.277200532696770141e-01 2.099895939251789079e-02
8.274442385235024622e-01 2.097084698668683425e-02
8.271685156849407639e-01 2.096624818872454624e-02
8.268928847233663060e-01 2.095260343448075019e-02
8.266173456081634674e-01 2.098200035721540721e-02
8.263418983087272851e-01 2.099947074244318257e-02
8.260665427944623440e-01 2.094448235138638217e-02
8.257912790347839982e-01 2.098837091337483335e-02
8.255161069991177047e-01 2.097037672704568645e-02
8.252410266568985797e-01 2.096427132384649436e-02
8.249660379775727304e-01 2.098555553054717859e-02
8.246911409305957008e-01 2.099775816142630813e-02
8.244163354854338044e-01 2.101783717024395537e-02
8.241416216115632354e-01 2.100621087977908030e-02
8.238669992784704021e-01 2.104678969021616872e-02
8.235924684556518161e-01 2.102448571810006106e-02
8.233180291126142025e-01 2.109819458612306395e-02
8.230436812188745010e-01 2.116956775861009513e-02
8.227694247439597541e-01 2.102763235921708412e-02
8.224952596574073294e-01 2.098413798382765469e-02
8.222211859287643643e-01 2.095081583028938349e-02
8.219472035275884325e-01 2.100168170768751744e-02
8.216733124234473218e-01 2.099425580899804897e-02
8.213995125859184787e-01 2.099485272974775316e-02
8.211258039845902301e-01 2.099078676522437431e-02
8.208521865890604507e-01 2.098212077089596853e-02
8.205786603689374514e-01 2.100411121806769130e-02
8.203052252938394240e-01 2.101870025013097276e-02
8.200318813333948853e-01 2.100134376428241384e-02
8.197586284572424553e-01 2.097651842159256597e-02
8.194854666350307459e-01 2.099834495658475797e-02
8.192123958364184722e-01 2.100168018806138764e-02
8.189394160310747850e-01 2.097837833545309824e-02
8.186665271886786055e-01 2.096430665544297967e-02
8.183937292789188467e-01 2.100857167223037225e-02
8.181210222714948577e-01 2.102523797675610179e-02
8.178484061361160906e-01 2.099915589749353981e-02
8.175758808425021007e-01 2.098250893943702511e-02
8.173034463603818800e-01 2.098412925838478299e-02
8.170311026594951898e-01 2.101388871785026674e-02
8.167588497095920053e-01 2.105323738387119420e-02
8.164866874804317387e-01 2.104414546184818838e-02
8.162146159417844604e-01 2.097450980451955049e-02
8.159426350634298997e-01 2.102208156243507917e-02
8.156707448151582218e-01 2.104823635119281583e-02
8.153989451667691402e-01 2.099952902404993507e-02
8.151272360880732482e-01 2.108282797739205808e-02
8.148556175488901321e-01 2.099422154825754047e-02
8.145840895190503694e-01 2.103336682544256278e-02
8.143126519683941966e-01 2.107936631980780046e-02
8.140413048667719531e-01 2.097155269958806897e-02
8.137700481840438593e-01 2.105546584715808217e-02
8.134988818900803498e-01 2.108825561459169370e-02
8.132278059547620730e-01 2.108956631169508350e-02
8.129568203479794475e-01 2.098835024051838929e-02
8.126859250396326617e-01 2.100640439642072199e-02
8.124151199996328954e-01 2.109668663557373244e-02
8.121444051979000989e-01 2.101881751491616740e-02
8.118737806043653249e-01 2.096002928158441012e-02
8.116032461889689520e-01 2.107527702931552213e-02
8.113328019216617948e-01 2.105591995773407887e-02
8.110624477724041048e-01 2.102985963092707244e-02
8.107921837111670138e-01 2.100942299015964507e-02
8.105220097079309793e-01 2.102812315046604513e-02
8.102519257326866731e-01 2.102808176461073639e-02
8.099819317554348697e-01 2.103453952246737979e-02
8.097120277461861138e-01 2.099607518517650900e-02
8.094422136749609420e-01 2.099236341881603393e-02
8.091724895117903271e-01 2.102836390219286339e-02
8.089028552267147898e-01 2.099512939827391164e-02
8.086333107897848427e-01 2.099070077146580199e-02
8.083638561710609904e-01 2.099624175061492320e-02
8.080944913406140628e-01 2.096158727523460621e-02
8.078252162685244375e-01 2.096793323020541486e-02
8.075560309248828172e-01 2.094635246993672983e-02
8.072869352797894527e-01 2.099001040001967355e-02
8.070179293033550305e-01 2.096269985826031829e-02
8.067490129656997855e-01 2.097248155503441541e-02
8.064801862369539442e-01 2.095075550594558550e-02
8.062114490872582806e-01 2.096897994469889073e-02
8.059428014867626722e-01 2.094656518020321379e-02
8.056742434056273217e-01 2.094680247087508940e-02
8.054057748140226458e-01 2.096340836061394083e-02
8.051373956821284983e-01 2.093278497471946428e-02
8.048691059801350578e-01 2.093673968256081971e-02
8.046009056782422730e-01 2.095045532616416489e-02
8.043327947466599737e-01 2.096110342681425931e-02
8.040647731556080924e-01 2.093630819826826708e-02
8.037968408753162208e-01 2.094110113763014008e-02
8.035289978760242757e-01 2.094478745138574072e-02
8.032612441279814997e-01 2.094345082171577416e-02
8.029935796014475713e-01 2.095352867518184004e-02
8.027260042666919393e-01 2.094552113919233294e-02
8.024585180939940443e-01 2.094375955855247440e-02
8.021911210536426529e-01 2.094435453012413392e-02
8.019238131159373006e-01 2.094907505186269225e-02
8.016565942511868492e-01 2.094318546354496935e-02
8.013894644297102632e-01 2.093702070826290382e-02
8.011224236218362771e-01 2.092778375347383035e-02
8.008554717979035065e-01 2.094909633833960672e-02
8.005886089282606699e-01 2.093644861588455156e-02
8.003218349832663669e-01 2.094236690259766026e-02
8.000551499332884120e-01 2.095398915172807727e-02
7.997885537487053886e-01 2.093452920446836271e-02
7.995220463999055394e-01 2.095292912193718465e-02
7.992556278572864326e-01 2.093820999147517209e-02
7.989892980912558507e-01 2.094754618792685902e-02
7.987230570722317902e-01 2.094060225384420867e-02
7.984569047706414624e-01 2.094713923587563503e-02
7.981908411569224038e-01 2.093408197547946478e-02
7.979248662015218096e-01 2.093977913585530481e-02
7.976589798748967564e-01 2.093940858663416102e-02
7.973931821475142012e-01 2.092681344060285178e-02
7.971274729898509825e-01 2.094694034767340118e-02
7.968618523723934866e-01 2.093383096227716123e-02
7.965963202656382025e-01 2.095307980681074614e-02
7.963308766400913896e-01 2.094843484684138710e-02
7.960655214662692991e-01 2.093034055687342798e-02
7.958002547146976191e-01 2.092027511274080834e-02
7.955350763559123628e-01 2.092803413585143935e-02
7.952699863604588693e-01 2.092938628768403059e-02
7.950049846988924696e-01 2.092745947907971235e-02
7.947400713417783757e-01 2.092268077031540774e-02
7.944752462596917919e-01 2.092150207800912501e-02
7.942105094232173590e-01 2.092461465795443856e-02
7.939458608029497100e-01 2.092479768632553652e-02
7.936813003694930257e-01 2.092195075636399393e-02
7.934168280934619233e-01 2.092428265224244993e-02
7.931524439454801234e-01 2.093896940173641322e-02
7.928881478961812279e-01 2.091641039762412099e-02
7.926239399162091637e-01 2.093488289327560120e-02
7.923598199762169614e-01 2.092298440616389629e-02
7.920957880468679768e-01 2.092442006128781076e-02
7.918318440988348916e-01 2.092442759113153153e-02
7.915679881028007125e-01 2.092381964590602633e-02
7.913042200294574391e-01 2.092996322744303944e-02
7.910405398495076179e-01 2.093275210295081692e-02
7.907769475336630105e-01 2.092621549992958879e-02
7.905134430526452594e-01 2.094087083775039715e-02
7.902500263771862210e-01 2.092758503559819308e-02
7.899866974780268558e-01 2.092612236252182692e-02
7.897234563259181161e-01 2.093622925694771028e-02
7.894603028916209464e-01 2.093179388701888605e-02
7.891972371459055058e-01 2.093035288954704642e-02
7.889342590595522786e-01 2.093748706874798762e-02
7.886713686033511861e-01 2.092305545305584574e-02
7.884085657481016973e-01 2.093682353686505265e-02
7.881458504646133845e-01 2.092236406313130459e-02
7.878832227237055896e-01 2.093298325246236574e-02
7.876206824962067587e-01 2.093575904519261524e-02
7.873582297529556628e-01 2.092775480252839077e-02
7.870958644648007319e-01 2.093022654684185274e-02
7.868335866025997216e-01 2.094510516860634969e-02
7.865713961372207130e-01 2.093983135721577682e-02
7.863092930395407798e-01 2.094253646454319676e-02
7.860472772804472097e-01 2.092357008021878545e-02
7.857853488308369494e-01 2.094146590348716294e-02
7.855235076616163825e-01 2.093105689814628995e-02
7.852617537437016626e-01 2.092910849143971366e-02
7.850000870480190462e-01 2.092956055366517951e-02
7.847385075455037828e-01 2.093623882109798065e-02
7.844770152071013358e-01 2.092600094853258250e-02
7.842156100037667166e-01 2.093686362577482085e-02
7.839542919064644844e-01 2.093603392740643956e-02
7.836930608861690795e-01 2.093074380602997012e-02
7.834319169138643790e-01 2.093123287268256263e-02
7.831708599605441412e-01 2.093146766514982632e-02
7.829098899972116721e-01 2.092593348198156997e-02
7.826490069948800476e-01 2.092855278656026788e-02
7.823882109245716698e-01 2.092747981700662091e-02
7.821275017573192656e-01 2.093249580931823631e-02
7.818668794641645547e-01 2.093376187390581789e-02
7.816063440161590270e-01 2.092707889086330500e-02
7.813458953843641641e-01 2.092664834109889127e-02
7.810855335398508847e-01 2.093123460363916291e-02
7.808252584536995444e-01 2.092862151324294609e-02
7.805650700970004907e-01 2.092761351069694770e-02
7.803049684408535080e-01 2.092823887599797733e-02
7.800449534563680398e-01 2.092696415421814102e-02
7.797850251146629663e-01 2.093050447707484746e-02
7.795251833868674929e-01 2.092762969279174032e-02
7.792654282441193736e-01 2.093076581474813402e-02
7.790057596575667986e-01 2.092975431876982484e-02
7.787461775983672840e-01 2.092905610740159600e-02
7.784866820376878938e-01 2.092767039504929427e-02
7.782272729467056838e-01 2.092659551225454009e-02
7.779679502966068139e-01 2.092629636333783599e-02
7.777087140585872138e-01 2.092675799979392542e-02
7.774495642038524723e-01 2.092824370373861168e-02
7.771905007036179480e-01 2.093108364937767280e-02
7.769315235291081034e-01 2.092887148718599113e-02
7.766726326515575041e-01 2.092783401512296818e-02
7.764138280422101523e-01 2.092944867198173395e-02
7.761551096723192655e-01 2.092887291602049671e-02
7.758964775131481639e-01 2.092821403590482479e-02
7.756379315359696047e-01 2.092732165158622468e-02
7.753794717120654489e-01 2.093188458186761788e-02
7.751210980127277717e-01 2.093003290104631514e-02
7.748628104092580848e-01 2.093220977141858549e-02
7.746046088729670043e-01 2.093288170105132850e-02
7.743464933751751378e-01 2.093056143102995509e-02
7.740884638872127521e-01 2.093163954077728595e-02
7.738305203804191068e-01 2.093629340911487210e-02
7.735726628261438975e-01 2.093366021787241085e-02
7.733148911957451466e-01 2.093555177046986515e-02
7.730572054605915344e-01 2.093356476528738380e-02
7.727996055920607343e-01 2.093502703759635847e-02
7.725420915615401896e-01 2.093799206184588854e-02
7.722846633404267802e-01 2.093823279253257535e-02
7.720273209001266013e-01 2.094104564412118535e-02
7.717700642120558507e-01 2.094220178472374488e-02
7.715128932476399415e-01 2.094516367148061692e-02
7.712558079783138343e-01 2.094323116335534279e-02
7.709988083755218158e-01 2.094942506660514570e-02
7.707418944107182757e-01 2.095235527588302366e-02
7.704850660553663744e-01 2.096178183112634361e-02
7.702283232809394864e-01 2.100511104345669650e-02
7.699716660589197570e-01 2.098067054720776162e-02
7.697150943607994344e-01 2.095887282878443336e-02
7.694586081580799819e-01 2.095330234033808414e-02
7.692022074222725214e-01 2.094985088992189562e-02
7.689458921248975010e-01 2.094922695239951824e-02
7.686896622374850274e-01 2.095049438329494793e-02
7.684335177315744225e-01 2.094992791499449350e-02
7.681774585787148890e-01 2.094899331607225079e-02
7.679214847504646224e-01 2.095392688663044387e-02
7.676655962183916992e-01 2.095651205051823202e-02
7.674097929540736329e-01 2.095872804771317655e-02
7.671540749290971517e-01 2.096685693341372725e-02
7.668984421150588648e-01 2.098175724275168352e-02
7.666428944835642634e-01 2.104975105480909325e-02
7.663874320062288303e-01 2.097253587090290583e-02
7.661320546546771526e-01 2.096479761102105349e-02
7.658767624005435870e-01 2.095891037141587102e-02
7.656215552154718162e-01 2.095540467542835600e-02
7.653664330711147379e-01 2.095397111155111042e-02
7.651113959391349084e-01 2.095124312303107625e-02
7.648564437912045433e-01 2.095208383049272649e-02
7.646015765990047397e-01 2.094921914964409729e-02
7.643467943342265869e-01 2.094345054083123631e-02
7.640920969685703890e-01 2.094337605893619933e-02
7.638374844737457758e-01 2.094280342369612968e-02
7.635829568214718144e-01 2.094661774986168734e-02
7.633285139834772304e-01 2.094674164503503716e-02
7.630741559315000755e-01 2.094195731619293011e-02
7.628198826372875052e-01 2.093927583728308339e-02
7.625656940725966670e-01 2.093973673305728547e-02
7.623115902091935903e-01 2.094186742711961688e-02
7.620575710188538521e-01 2.094210610638790049e-02
7.618036364733627996e-01 2.094948406709050068e-02
7.615497865445145509e-01 2.093986711367341186e-02
7.612960212041131047e-01 2.094413995852300453e-02
7.610423404239716749e-01 2.094182709807050971e-02
7.607887441759130231e-01 2.094890972365778814e-02
7.605352324317691259e-01 2.094498189343315178e-02
7.602818051633811747e-01 2.094197802189761218e-02
7.600284623426002417e-01 2.094433562880592195e-02
7.597752039412865033e-01 2.094804418180475428e-02
7.595220299313092394e-01 2.095721835848226786e-02
7.592689402845477220e-01 2.094890181313679642e-02
7.590159349728901050e-01 2.094602277709462987e-02
7.587630139682339792e-01 2.095352957738036773e-02
7.585101772424864830e-01 2.094528459012649779e-02
7.582574247675638590e-01 2.094845050820470442e-02
7.580047565153918976e-01 2.094594879237567445e-02
7.577521724579060480e-01 2.095143111331623439e-02
7.574996725670501974e-01 2.095210881730656671e-02
7.572472568147785577e-01 2.095280491939981518e-02
7.569949251730542228e-01 2.094259939318922001e-02
7.567426776138495015e-01 2.095751778738684512e-02
7.564905141091464724e-01 2.095783679643201114e-02
7.562384346309360961e-01 2.095361744727685174e-02
7.559864391512189918e-01 2.095146004489535640e-02
7.557345276420048830e-01 2.095474160103054720e-02
7.554827000753130406e-01 2.096071995424101178e-02
7.552309564231719508e-01 2.095323045958772529e-02
7.549792966576193143e-01 2.095780329099258127e-02
7.547277207507023800e-01 2.095627476846957660e-02
7.544762286744775004e-01 2.096351535968716054e-02
7.542248204010104651e-01 2.095157792575523883e-02
7.539734959023762784e-01 2.095974742200682611e-02
7.537222551506593815e-01 2.095949713636633543e-02
7.534710981179534306e-01 2.095567012027088616e-02
7.532200247763610745e-01 2.096629155166412212e-02
7.529690350979950653e-01 2.095957561319653634e-02
7.527181290549767034e-01 2.096810892151005495e-02
7.524673066194368376e-01 2.097824000070576400e-02
7.522165677635156422e-01 2.095884276832195303e-02
7.519659124593625066e-01 2.096524428123881442e-02
7.517153406791360348e-01 2.096649745681463534e-02
7.514648523950043790e-01 2.097016911351357385e-02
7.512144475791445730e-01 2.095713280787961028e-02
7.509641262037433096e-01 2.095837383274996163e-02
7.507138882409961633e-01 2.098269145454654400e-02
7.504637336631084787e-01 2.096838564432398216e-02
7.502136624422943711e-01 2.099058866264013820e-02
7.499636745507773927e-01 2.096535224436286982e-02
7.497137699607904215e-01 2.097176706253848361e-02
7.494639486445754395e-01 2.096002652164376603e-02
7.492142105743839764e-01 2.097766813957068974e-02
7.489645557224764438e-01 2.097345533731179157e-02
7.487149840611225793e-01 2.097454000997847623e-02
7.484654955626017792e-01 2.097754489103157219e-02
7.482160901992019886e-01 2.100080680582627757e-02
7.479667679432208116e-01 2.098514322528292203e-02
7.477175287669651782e-01 2.097389277836964050e-02
7.474683726427507890e-01 2.095781448501518943e-02
7.472192995429032258e-01 2.098496954519419797e-02
7.469703094397565080e-01 2.097167630665183052e-02
7.467214023056545358e-01 2.097078579246730579e-02
7.464725781129502025e-01 2.098884627274430828e-02
7.462238368340055050e-01 2.098208675487934008e-02
7.459751784411917663e-01 2.099303983868412021e-02
7.457266029068893021e-01 2.100081375545838694e-02
7.454781102034881979e-01 2.098518754420613044e-02
7.452297003033869771e-01 2.096497875476348652e-02
7.449813731789938220e-01 2.097612954729235688e-02
7.447331288027263518e-01 2.098333680959042075e-02
7.444849671470106234e-01 2.100231986605122919e-02
7.442368881842824635e-01 2.101288874392739925e-02
7.439888918869868029e-01 2.102189665368986091e-02
7.437409782275774539e-01 2.100034754983874305e-02
7.434931471785178880e-01 2.097376838280618980e-02
7.432453987122803474e-01 2.097290259981387725e-02
7.429977328013466220e-01 2.097824636561785444e-02
7.427501494182071617e-01 2.102417990695889388e-02
7.425026485353619643e-01 2.099821987631789871e-02
7.422552301253201312e-01 2.101022929339197223e-02
7.420078941605998679e-01 2.098064892371213908e-02
7.417606406137285946e-01 2.101387518930490292e-02
7.415134694572428353e-01 2.098105556331760282e-02
7.412663806636882180e-01 2.101181162478055198e-02
7.410193742056195854e-01 2.099685610392949472e-02
7.407724500556009950e-01 2.100674747801305892e-02
7.405256081862056083e-01 2.099900491410030753e-02
7.402788485700154686e-01 2.101334068536023919e-02
7.400321711796222779e-01 2.101308314166347446e-02
7.397855759876263981e-01 2.099094113004855780e-02
7.395390629666374060e-01 2.099935746639122053e-02
7.392926320892742043e-01 2.101649370843635886e-02
7.390462833281649102e-01 2.102267163270164427e-02
7.388000166559461901e-01 2.098431217096186768e-02
7.385538320452642580e-01 2.106909775401295121e-02
7.383077294687747649e-01 2.100271281654925853e-02
7.380617088991415775e-01 2.100160697899325704e-02
7.378157703090386654e-01 2.100932155497916079e-02
7.375699136711481030e-01 2.102245489826778946e-02
7.373241389581620675e-01 2.102146117594373698e-02
7.370784461427809520e-01 2.101941569583198541e-02
7.368328351977150303e-01 2.106323442093897824e-02
7.365873060956831253e-01 2.101316481298714026e-02
7.363418588094132744e-01 2.102988524260596126e-02
7.360964933116426190e-01 2.100965730014058702e-02
7.358512095751176263e-01 2.099420966301250580e-02
7.356060075725934233e-01 2.102593736670258992e-02
7.353608872768343518e-01 2.098148064911835309e-02
7.351158486606140796e-01 2.106623948025661969e-02
7.348708916967152671e-01 2.099942275251837423e-02
7.346260163579291236e-01 2.102275273466980635e-02
7.343812226170567392e-01 2.100770556690496199e-02
7.341365104469077529e-01 2.099033166546115589e-02
7.338918798203009075e-01 2.100049193697505964e-02
7.336473307100641605e-01 2.103394822128266603e-02
7.334028630890344624e-01 2.104582915423044293e-02
7.331584769300577564e-01 2.099582303802455599e-02
7.329141722059890895e-01 2.106367656347763254e-02
7.326699488896923906e-01 2.098559112623490583e-02
7.324258069540410254e-01 2.101052678149806230e-02
7.321817463719170194e-01 2.101777163136785836e-02
7.319377671162116128e-01 2.107477970774919440e-02
7.316938691598248168e-01 2.102810447409200756e-02
7.314500524756663014e-01 2.104904524153580758e-02
7.312063170366540632e-01 2.108739812977744599e-02
7.309626628157153139e-01 2.100274478561445571e-02
7.307190897857867018e-01 2.107670471756169922e-02
7.304755979198134241e-01 2.104438565045747486e-02
7.302321871907497819e-01 2.108933764732473168e-02
7.299888575715591799e-01 2.098171008927300282e-02
7.297456090352141267e-01 2.106715556828859387e-02
7.295024415546957908e-01 2.104219182559169052e-02
7.292593551029947774e-01 2.105230521440251690e-02
7.290163496531103515e-01 2.102249307037129186e-02
7.287734251780508821e-01 2.097004180039532470e-02
7.285305816508339527e-01 2.100385613676659241e-02
7.282878190444858069e-01 2.100795763669660934e-02
7.280451373320416808e-01 2.102876114025024543e-02
7.278025364865461366e-01 2.106184498671060529e-02
7.275600164810523962e-01 2.103027072903832645e-02
7.273175772886227852e-01 2.101698889874673709e-02
7.270752188823286222e-01 2.102184594486379565e-02
7.268329412352501073e-01 2.102138242049096314e-02
7.265907443204766558e-01 2.104296595356866528e-02
7.263486281111062315e-01 2.107709973939110928e-02
7.261065925802461241e-01 2.104094552416562597e-02
7.258646377010122830e-01 2.103430380826249932e-02
7.256227634465300946e-01 2.106075807162533994e-02
7.253809697899333830e-01 2.107067272872475971e-02
7.251392567043652981e-01 2.101861830525367236e-02
7.248976241629775386e-01 2.104578743125750870e-02
7.246560721389311288e-01 2.106637230579562134e-02
7.244146006053959752e-01 2.099180583063918470e-02
7.241732095355508658e-01 2.106744618746882874e-02
7.239318989025832485e-01 2.103860185278775760e-02
7.236906686796898969e-01 2.105484178920705857e-02
7.234495188400765775e-01 2.103316259223010631e-02
7.232084493569574946e-01 2.103377133959867529e-02
7.229674602035562891e-01 2.104845041160245331e-02
7.227265513531052621e-01 2.101834069701294383e-02
7.224857227788455960e-01 2.103172957593770279e-02
7.222449744540274663e-01 2.101718526065432871e-02
7.220043063519101523e-01 2.105297984531546984e-02
7.217637184457614818e-01 2.102367061594065389e-02
7.215232107088584979e-01 2.102211169186167170e-02
7.212827831144869029e-01 2.104210593153474015e-02
7.210424356359416143e-01 2.104090191916483180e-02
7.208021682465259872e-01 2.106470006216224974e-02
7.205619809195528136e-01 2.105686770620253043e-02
7.203218736283433232e-01 2.108510546694179755e-02
7.200818463462278496e-01 2.103066162572761813e-02
7.198418990465456080e-01 2.101809932886022567e-02
7.196020317026446955e-01 2.107779636798571415e-02
7.193622442878819800e-01 2.103349956399408818e-02
7.191225367756234332e-01 2.100945755652281963e-02
7.188829091392436865e-01 2.108563115397041679e-02
7.186433613521261421e-01 2.107155342557693808e-02
7.184038933876636390e-01 2.103520153279967927e-02
7.181645052192571210e-01 2.102293946394627119e-02
7.179251968203169687e-01 2.109319626718347482e-02
7.176859681642622224e-01 2.104313375360320620e-02
7.174468192245205822e-01 2.108704249179325918e-02
7.172077499745290741e-01 2.107338523824224541e-02
7.169687603877330506e-01 2.111189605547451192e-02
7.167298504375871904e-01 2.116665788981001925e-02
7.164910200975546095e-01 2.107590337363162217e-02
7.162522693411075281e-01 2.101179052950458842e-02
7.160135981417269369e-01 2.105031050303885279e-02
7.157750064729025974e-01 2.101583991562155918e-02
7.155364943081331530e-01 2.098432073439015361e-02
7.152980616209261289e-01 2.101115095219586656e-02
7.150597083847978208e-01 2.100044364595709395e-02
7.148214345732734065e-01 2.099293728542939164e-02
7.145832401598867234e-01 2.098665436835613074e-02
7.143451251181804906e-01 2.101240537160952229e-02
7.141070894217065312e-01 2.098750325319919188e-02
7.138691330440251059e-01 2.098605837855933159e-02
7.136312559587055793e-01 2.098987051807569768e-02
7.133934581393257535e-01 2.099059118451711281e-02
7.131557395594725346e-01 2.100597840781834313e-02
7.129181001927415995e-01 2.098570263784288459e-02
7.126805400127373957e-01 2.102158479261494878e-02
7.124430589930729196e-01 2.098860190035865825e-02
7.122056571073703823e-01 2.099922909496450621e-02
7.119683343292605437e-01 2.098667377320473718e-02
7.117310906323830455e-01 2.099393785419914615e-02
7.114939259903861890e-01 2.097410690052656929e-02
7.112568403769271574e-01 2.099327763320360529e-02
7.110198337656719048e-01 2.100129017272425042e-02
7.107829061302951557e-01 2.099359565073772443e-02
7.105460574444802946e-01 2.097431143675372242e-02
7.103092876819195878e-01 2.099168888453760429e-02
7.100725968163140722e-01 2.098998335951592076e-02
7.098359848213735557e-01 2.098002558776186285e-02
7.095994516708166167e-01 2.100538681838257440e-02
7.093629973383703824e-01 2.099100127361587867e-02
7.091266217977711950e-01 2.100007030006438569e-02
7.088903250227635011e-01 2.098059959495187504e-02
7.086541069871010734e-01 2.097114051265576429e-02
7.084179676645461221e-01 2.097462179838844101e-02
7.081819070288698503e-01 2.101661283842439290e-02
7.079459250538518988e-01 2.098020477640320097e-02
7.077100217132806792e-01 2.098613658394229975e-02
7.074741969809537068e-01 2.101096078314475951e-02
7.072384508306768236e-01 2.097779971359166676e-02
7.070027832362646425e-01 2.097302667109611496e-02
7.067671941715406581e-01 2.101853901835474756e-02
7.065316836103372466e-01 2.098041003023339360e-02
7.062962515264950003e-01 2.098590399423427844e-02
7.060608978938637259e-01 2.098710972588878343e-02
7.058256226863015570e-01 2.098398789296554087e-02
7.055904258776756199e-01 2.098187611223181759e-02
7.053553074418615898e-01 2.100921146600351688e-02
7.051202673527439124e-01 2.098917175985427763e-02
7.048853055842158044e-01 2.098529232761003199e-02
7.046504221101790311e-01 2.100067579558913267e-02
7.044156169045442395e-01 2.098105908356723281e-02
7.041808899412304035e-01 2.099748576040224787e-02
7.039462411941656006e-01 2.098689805958736665e-02
7.037116706372864572e-01 2.098347022936079484e-02
7.034771782445382593e-01 2.097111343128675587e-02
7.032427639898749527e-01 2.099378250737404458e-02
7.030084278472590320e-01 2.100255606613743442e-02
7.027741697906622065e-01 2.100113780008994180e-02
7.025399897940640681e-01 2.098539333198333814e-02
7.023058878314535347e-01 2.098744180941257767e-02
7.020718638768278508e-01 2.098172518531477362e-02
7.018379179041931426e-01 2.100614184950192614e-02
7.016040498875639742e-01 2.097507145953595581e-02
7.013702598009635691e-01 2.101082561993617218e-02
7.011365476184239220e-01 2.097750005789935507e-02
7.009029133139860201e-01 2.098408382323361035e-02
7.006693568616987333e-01 2.100240948454248566e-02
7.004358782356201463e-01 2.097992823007730628e-02
7.002024774098167814e-01 2.099323225192809700e-02
6.999691543583639319e-01 2.099617886006285850e-02
6.997359090553455507e-01 2.097813947323883682e-02
6.995027414748538064e-01 2.098967720561131095e-02
6.992696515909900823e-01 2.098498343110693359e-02
6.990366393778640886e-01 2.099280590036388047e-02
6.988037048095941950e-01 2.099138986911195520e-02
6.985708478603073202e-01 2.097420825291323315e-02
6.983380685041392644e-01 2.098286887918186447e-02
6.981053667152341546e-01 2.097300473778857671e-02
6.978727424677447777e-01 2.098416069218819041e-02
6.976401957358329131e-01 2.098033134344234191e-02
6.974077264936683340e-01 2.097843562472406775e-02
6.971753347154296954e-01 2.098701956650245865e-02
6.969430203753046449e-01 2.097322503509707961e-02
6.967107834474888239e-01 2.098340812095501537e-02
6.964786239061866446e-01 2.098548027753798992e-02
6.962465417256114009e-01 2.100130276793380629e-02
6.960145368799847132e-01 2.099374745387135033e-02
6.957826093435367509e-01 2.100919836889691625e-02
6.955507590905065651e-01 2.098615578937463449e-02
6.953189860951415335e-01 2.100023912214290384e-02
6.950872903316974716e-01 2.099564245500291221e-02
6.948556717744392985e-01 2.100508397248411485e-02
6.946241303976400383e-01 2.100146174086818529e-02
6.943926661755814855e-01 2.102103240086777153e-02
6.941612790825538726e-01 2.101931094008979706e-02
6.939299690928563136e-01 2.100343189683464770e-02
6.936987361807959163e-01 2.099326327641988163e-02
6.934675803206890032e-01 2.103472254511566664e-02
6.932365014868600017e-01 2.103834544860493094e-02
6.930054996536421097e-01 2.100859828250073794e-02
6.927745747953768518e-01 2.100796136115071558e-02
6.925437268864147455e-01 2.106987658603736574e-02
6.923129559011143019e-01 2.106931454259077310e-02
6.920822618138429139e-01 2.104149596586149182e-02
6.918516445989765229e-01 2.101267891217161940e-02
6.916211042308996193e-01 2.100608313259489171e-02
6.913906406840047980e-01 2.099422062968519728e-02
6.911602539326939798e-01 2.098273668064615932e-02
6.909299439513767460e-01 2.098876781197216157e-02
6.906997107144718928e-01 2.097785981381590850e-02
6.904695541964063210e-01 2.099517529286198600e-02
6.902394743716157022e-01 2.098256270453099231e-02
6.900094712145442566e-01 2.097673434537625919e-02
6.897795446996443092e-01 2.097598926879516018e-02
6.895496948013771776e-01 2.097843208160872150e-02
6.893199214942123954e-01 2.097783996515022870e-02
6.890902247526280444e-01 2.097467180993902239e-02
6.888606045511109777e-01 2.097585217441290048e-02
6.886310608641562636e-01 2.097565598114890448e-02
6.884015936662674084e-01 2.097560521524843846e-02
6.881722029319568001e-01 2.097561711964974693e-02
6.879428886357448203e-01 2.098064978113775916e-02
6.877136507521607323e-01 2.098622797890657005e-02
6.874844892557421261e-01 2.097276485995473380e-02
6.872554041210350295e-01 2.097331714025349458e-02
6.870263953225941300e-01 2.097427080277523143e-02
6.867974628349823307e-01 2.097588552866158640e-02
6.865686066327714165e-01 2.097326784271891578e-02
6.863398266905411660e-01 2.097652318682245373e-02
6.861111229828802394e-01 2.097252445016950864e-02
6.858824954843852906e-01 2.097423618405399801e-02
6.856539441696620774e-01 2.097307519185554955e-02
6.854254690133242400e-01 2.097372177513414163e-02
6.851970699899943007e-01 2.097313856386014488e-02
6.849687470743027751e-01 2.097507479412381165e-02
6.847405002408890606e-01 2.097642958351292677e-02
6.845123294644008816e-01 2.097482943621519283e-02
6.842842347194943997e-01 2.097429246124906527e-02
6.840562159808339926e-01 2.097700591418690322e-02
6.838282732230929195e-01 2.097541313467526577e-02
6.836004064209525444e-01 2.097559547332084745e-02
6.833726155491028909e-01 2.097408402720858656e-02
6.831449005822419762e-01 2.097670935145719978e-02
6.829172614950770326e-01 2.097725553994404801e-02
6.826896982623228416e-01 2.097557443738455249e-02
6.824622108587031777e-01 2.097627512740789235e-02
6.822347992589502530e-01 2.097750860439411350e-02
6.820074634378041623e-01 2.097766206508109438e-02
6.817802033700141040e-01 2.098085526007175891e-02
6.815530190303372704e-01 2.097779534519774239e-02
6.813259103935394023e-01 2.097709508298777059e-02
6.810988774343945673e-01 2.097748924609102797e-02
6.808719201276852706e-01 2.097900263277311175e-02
6.806450384482025662e-01 2.097838143078470385e-02
6.804182323707455016e-01 2.097715137545414291e-02
6.801915018701221172e-01 2.097919068273839532e-02
6.799648469211483359e-01 2.097984768887608403e-02
6.797382674986488516e-01 2.097819738851667420e-02
6.795117635774562403e-01 2.097998976889095535e-02
6.792853351324121824e-01 2.097918054605196758e-02
6.790589821383659075e-01 2.098019169274354528e-02
6.788327045701757489e-01 2.098052373542689045e-02
6.786065024027081449e-01 2.097960455319074907e-02
6.783803756108378602e-01 2.098087493879591259e-02
6.781543241694479862e-01 2.098018449868379112e-02
6.779283480534301631e-01 2.098127555547631834e-02
6.777024472376842468e-01 2.098186284124874124e-02
6.774766216971185306e-01 2.098139056721213744e-02
6.772508714066495239e-01 2.098161278713564504e-02
6.770251963412023954e-01 2.098170270428027090e-02
6.767995964757105298e-01 2.098195308304556111e-02
6.765740717851154162e-01 2.098149948997312872e-02
6.763486222443672036e-01 2.098213033829428656e-02
6.761232478284243674e-01 2.098257369786720936e-02
6.758979485122535991e-01 2.098247841694367635e-02
6.756727242708299164e-01 2.098298950005356503e-02
6.754475750791368860e-01 2.098327581930796090e-02
6.752225009121660682e-01 2.098231535603227796e-02
6.749975017449176828e-01 2.098239064758672043e-02
6.747725775524002767e-01 2.098465800779289805e-02
6.745477283096302790e-01 2.098418276979595667e-02
6.743229539916330006e-01 2.098416537773282672e-02
6.740982545734418574e-01 2.098618126019477850e-02
6.738736300300984805e-01 2.098607340845499644e-02
6.736490803366528279e-01 2.098560973914629160e-02
6.734246054681635174e-01 2.098434171813641502e-02
6.732002053996968272e-01 2.098698221456302832e-02
6.729758801063279172e-01 2.098722732010651487e-02
6.727516295631401633e-01 2.098724474933577611e-02
6.725274537452250456e-01 2.098608503930232683e-02
6.723033526276824823e-01 2.098672346553203186e-02
6.720793261856206069e-01 2.098830260707176820e-02
6.718553743941557688e-01 2.098724646671279795e-02
6.716314972284129770e-01 2.098741428073859494e-02
6.714076946635250120e-01 2.098737479620969154e-02
6.711839666746335364e-01 2.098985627295408760e-02
6.709603132368877620e-01 2.098934895484154753e-02
6.707367343254460046e-01 2.098741568436520918e-02
6.705132299154741293e-01 2.099258376402582046e-02
6.702897999821466613e-01 2.098992746250034208e-02
6.700664445006464520e-01 2.098976863585050312e-02
6.698431634461642359e-01 2.099066931140546391e-02
6.696199567938996289e-01 2.099264446663001021e-02
6.693968245190599076e-01 2.099069923992989695e-02
6.691737665968608972e-01 2.099394785135968305e-02
6.689507830025266388e-01 2.099396020749303218e-02
6.687278737112896110e-01 2.099108015154247872e-02
6.685050386983900639e-01 2.099056887776961505e-02
6.682822779390769075e-01 2.099532820375521122e-02
6.680595914086073783e-01 2.099523024139698241e-02
6.678369790822465957e-01 2.099545445263996737e-02
6.676144409352681164e-01 2.099107339743252337e-02
6.673919769429538240e-01 2.099816766263156581e-02
6.671695870805934847e-01 2.099306951653336084e-02
6.669472713234856354e-01 2.099650433009474584e-02
6.667250296469365844e-01 2.099643589169388272e-02
6.665028620262610781e-01 2.099638950230997558e-02
6.662807684367821892e-01 2.099936619139815969e-02
6.660587488538308731e-01 2.099441031429741950e-02
6.658368032527465230e-01 2.099912070771304054e-02
6.656149316088768586e-01 2.099967769368103060e-02
6.653931338975777043e-01 2.099676549853948804e-02
6.651714100942128782e-01 2.099724383090124588e-02
6.649497601741547470e-01 2.099710552237785480e-02
6.647281841127837820e-01 2.100053844913434345e-02
6.645066818854886703e-01 2.099604393077124723e-02
6.642852534676659815e-01 2.100607819896312470e-02
6.640638988347210558e-01 2.099970607994919303e-02
6.638426179620670053e-01 2.099948352950996300e-02
6.636214108251252686e-01 2.099847989118981684e-02
6.634002773993253887e-01 2.100548916289837059e-02
6.631792176601052358e-01 2.100235682143693217e-02
6.629582315829110062e-01 2.100364909626428397e-02
6.627373191431965571e-01 2.100507414625383748e-02
6.625164803164244054e-01 2.100195897256083161e-02
6.622957150780649505e-01 2.100099521224862639e-02
6.620750234035970294e-01 2.100264343465616662e-02
6.618544052685074730e-01 2.100406876305501921e-02
6.616338606482913276e-01 2.100158889885418018e-02
6.614133895184518552e-01 2.101181932062726881e-02
6.611929918545003115e-01 2.100783411242788251e-02
6.609726676319562788e-01 2.100099586041577135e-02
6.607524168263474440e-01 2.100702226811231726e-02
6.605322394132097097e-01 2.100071472304895770e-02
6.603121353680868610e-01 2.101162700153411111e-02
6.600921046665313430e-01 2.101052221805962614e-02
6.598721472841032609e-01 2.101047815375902197e-02
6.596522631963710470e-01 2.100613403103168686e-02
6.594324523789114600e-01 2.100477749466611588e-02
6.592127148073089193e-01 2.100414352266895615e-02
6.589930504571565040e-01 2.100559039663364366e-02
6.587734593040550646e-01 2.101831870421834794e-02
6.585539413236138895e-01 2.101392010524516865e-02
6.583344964914500386e-01 2.101185185689815466e-02
6.581151247831888984e-01 2.100549334768020415e-02
6.578958261744640712e-01 2.100619985638448387e-02
6.576766006409170418e-01 2.102217815669505871e-02
6.574574481581976215e-01 2.102131044365604037e-02
6.572383687019635046e-01 2.101200186590481550e-02
6.570193622478808226e-01 2.101499377630173387e-02
6.568004287716235901e-01 2.101212093184395488e-02
6.565815682488740368e-01 2.101669594248023812e-02
6.563627806553221644e-01 2.101160504260058542e-02
6.561440659666665232e-01 2.100979963262713732e-02
6.559254241586136569e-01 2.101705277968023491e-02
6.557068552068779921e-01 2.101249846160089044e-02
6.554883590871821708e-01 2.101877271842531383e-02
6.552699357752570508e-01 2.100974624022473869e-02
6.550515852468414835e-01 2.101461616354969447e-02
6.548333074776822027e-01 2.100909518112237251e-02
6.546151024435341581e-01 2.101505448156106709e-02
6.543969701201608480e-01 2.101211427633898482e-02
6.541789104833329871e-01 2.100786919907515760e-02
6.539609235088300609e-01 2.101316674713577318e-02
6.537430091724391046e-01 2.101386899747413606e-02
6.535251674499558128e-01 2.101484119807127404e-02
6.533073983171833188e-01 2.100989364194959241e-02
6.530897017499333046e-01 2.101152826907928470e-02
6.528720777240252238e-01 2.101380442381770713e-02
6.526545262152868565e-01 2.101666933095687473e-02
6.524370471995536436e-01 2.102186385525834852e-02
6.522196406526693524e-01 2.102476520597705220e-02
6.520023065504857440e-01 2.103623458483453931e-02
6.517850448688627951e-01 2.103296683511264933e-02
6.515678555836681429e-01 2.102549768547868486e-02
6.513507386707778624e-01 2.101578142245652536e-02
6.511336941060757999e-01 2.101404573178385429e-02
6.509167218654539067e-01 2.101129776071524596e-02
6.506998219248123494e-01 2.101180816900800885e-02
6.504829942600589554e-01 2.101756646038572401e-02
6.502662388471098787e-01 2.101296713219590745e-02
6.500495556618891557e-01 2.101453239942038462e-02
6.498329446803290388e-01 2.102087342621996452e-02
6.496164058783695516e-01 2.101466590155108907e-02
6.493999392319588226e-01 2.102223573293087247e-02
6.491835447170529738e-01 2.102325322043557126e-02
6.489672223096164538e-01 2.102116085332818990e-02
6.487509719856212609e-01 2.102135159495733055e-02
6.485347937210474978e-01 2.103033748324190100e-02
6.483186874918834830e-01 2.101964778625182995e-02
6.481026532741254176e-01 2.102872414578737734e-02
6.478866910437773852e-01 2.102370061465367798e-02
6.476708007768517961e-01 2.103926909459825911e-02
6.474549824493686101e-01 2.103176211368401952e-02
6.472392360373561138e-01 2.102487145428959953e-02
6.470235615168504761e-01 2.103495600126076281e-02
6.468079588638957489e-01 2.104064091721891822e-02
6.465924280545443104e-01 2.104763875087108452e-02
6.463769690648558663e-01 2.101851899773913082e-02
6.461615818708988934e-01 2.103808298911671870e-02
6.459462664487493067e-01 2.103143603331625311e-02
6.457310227744910147e-01 2.102322609701147774e-02
6.455158508242163640e-01 2.103732813702078458e-02
6.453007505740249172e-01 2.102423226410177898e-02
6.450857220000248970e-01 2.102428337546057013e-02
6.448707650783320755e-01 2.102107754773173062e-02
6.446558797850702183e-01 2.102730036316794934e-02
6.444410660963714177e-01 2.102624383723674176e-02
6.442263239883753156e-01 2.102576111945200776e-02
6.440116534372294366e-01 2.102398288048620140e-02
6.437970544190897426e-01 2.101883174104142438e-02
6.435825269101196344e-01 2.102340000874911713e-02
6.433680708864908393e-01 2.102536067658405602e-02
6.431536863243826341e-01 2.102003800817835513e-02
6.429393731999826223e-01 2.101957863771634558e-02
6.427251314894860679e-01 2.102350822068441150e-02
6.425109611690963396e-01 2.102077309214529094e-02
6.422968622150245777e-01 2.102182199045258063e-02
6.420828346034901379e-01 2.102248744919628376e-02
6.418688783107198148e-01 2.102228219245372287e-02
6.416549933129487293e-01 2.102209798631657703e-02
6.414411795864198851e-01 2.102223770850837614e-02
6.412274371073840573e-01 2.102138853175577332e-02
6.410137658521000148e-01 2.102519788133058731e-02
6.408001657968342979e-01 2.102289320638399753e-02
6.405866369178616626e-01 2.102287885454346208e-02
6.403731791914645255e-01 2.102252576732304215e-02
6.401597925939331857e-01 2.102427771262592102e-02
6.399464771015658249e-01 2.102304895118134453e-02
6.397332326906689515e-01 2.102388979652202589e-02
6.395200593375564013e-01 2.102599710691163692e-02
6.393069570185502259e-01 2.102481217374928268e-02
6.390939257099801374e-01 2.102491151725145724e-02
6.388809653881840633e-01 2.102515641210528710e-02
6.386680760295074810e-01 2.102599529344422596e-02
6.384552576103039723e-01 2.102790856358274785e-02
6.382425101069350015e-01 2.102628246559279379e-02
6.380298334957696937e-01 2.102740268429729997e-02
6.378172277531852785e-01 2.102524547487115772e-02
6.376046928555667570e-01 2.102617393850221908e-02
6.373922287793069019e-01 2.102964345340134836e-02
6.371798355008065906e-01 2.102644311878392944e-02
6.369675129964743610e-01 2.102730603410355933e-02
6.367552612427268555e-01 2.102611103461526562e-02
6.365430802159880441e-01 2.102668374925617534e-02
6.363309698926904456e-01 2.102832657645813119e-02
6.361189302492740172e-01 2.102787669314580207e-02
6.359069612621864875e-01 2.102763927190125573e-02
6.356950629078839121e-01 2.102802710311134707e-02
6.354832351628295628e-01 2.102842528016888798e-02
6.352714780034950381e-01 2.102923027165735925e-02
6.350597914063595972e-01 2.102829504320178136e-02
6.348481753479101597e-01 2.103039984486038474e-02
6.346366298046419718e-01 2.102950634190041412e-02
6.344251547530576074e-01 2.103051366938064881e-02
6.342137501696675228e-01 2.103031745211272549e-02
6.340024160309905010e-01 2.103115201247825541e-02
6.337911523135526526e-01 2.103119023145249081e-02
6.335799589938879706e-01 2.103230585543740261e-02
6.333688360485384417e-01 2.103315078766323371e-02
6.331577834540537131e-01 2.103165345053114102e-02
6.329468011869913147e-01 2.103319309498036596e-02
6.327358892239166588e-01 2.103309490956517189e-02
6.325250475414028184e-01 2.103510638824908352e-02
6.323142761160307490e-01 2.103392260712154752e-02
6.321035749243891777e-01 2.103423562266893559e-02
6.318929439430748252e-01 2.103500735063692714e-02
6.316823831486918506e-01 2.103379962171199671e-02
6.314718925178526288e-01 2.103456714347412895e-02
6.312614720271768620e-01 2.103400134269036575e-02
6.310511216532923573e-01 2.103451397267691592e-02
6.308408413728348041e-01 2.103474690697055768e-02
6.306306311624472194e-01 2.103520114440575114e-02
6.304204909987808358e-01 2.103515257060965121e-02
6.302104208584947687e-01 2.103537138876738696e-02
6.300004207182552385e-01 2.103657452353843021e-02
6.297904905547370147e-01 2.103604017435092496e-02
6.295806303446220831e-01 2.103728444915559104e-02
6.293708400646004231e-01 2.103737696145775021e-02
6.291611196913698967e-01 2.103758356423941767e-02
6.289514692016360264e-01 2.103760590666938282e-02
6.287418885721118844e-01 2.103907971761535822e-02
6.285323777795186473e-01 2.103858463073737459e-02
6.283229368005851523e-01 2.104008843398070400e-02
6.281135656120477861e-01 2.103832349251435682e-02
6.279042641906508182e-01 2.104361727472342167e-02
6.276950325131464004e-01 2.104102118904745827e-02
6.274858705562942340e-01 2.104232173136383333e-02
6.272767782968619033e-01 2.104256185471515064e-02
6.270677557116246525e-01 2.104202544589433774e-02
6.268588027773654980e-01 2.104623281945506783e-02
6.266499194708751164e-01 2.104311396471216997e-02
6.264411057689520668e-01 2.104254159354368783e-02
6.262323616484026800e-01 2.104345602143200059e-02
6.260236870860406144e-01 2.104466583262631224e-02
6.258150820586877439e-01 2.104458463277718988e-02
6.256065465431732697e-01 2.104342041550060285e-02
6.253980805163343870e-01 2.104335820856503142e-02
6.251896839550160623e-01 2.104411338176005036e-02
6.249813568360705895e-01 2.104478044182601579e-02
6.247730991363584785e-01 2.104509843328271346e-02
6.245649108327474552e-01 2.104448973264651593e-02
6.243567919021134616e-01 2.104473970514997988e-02
6.241487423213395447e-01 2.104527829888936177e-02
6.239407620673171895e-01 2.104561023272491158e-02
6.237328511169447642e-01 2.104597527213639824e-02
6.235250094471289639e-01 2.104593504653684555e-02
6.233172370347840330e-01 2.104644825111111686e-02
6.231095338568317654e-01 2.104665903125987544e-02
6.229018998902016158e-01 2.104725060935912911e-02
6.226943351118310321e-01 2.104755011290209560e-02
6.224868394986646791e-01 2.104794974879994202e-02
6.222794130276554370e-01 2.104828471166633741e-02
6.220720556757635133e-01 2.104853236002028269e-02
6.218647674199567765e-01 2.104900790924313370e-02
6.216575482372109773e-01 2.104917990923843227e-02
6.214503981045095271e-01 2.104969744045465455e-02
6.212433169988431647e-01 2.104999127443188400e-02
6.210363048972107336e-01 2.105048322225112553e-02
6.208293617766185157e-01 2.105074600998428289e-02
6.206224876140803426e-01 2.105145775656178803e-02
6.204156823866181503e-01 2.105180081152870433e-02
6.202089460712610913e-01 2.105203429211430222e-02
6.200022786450458678e-01 2.105263723573396611e-02
6.197956800850176196e-01 2.105287985140780888e-02
6.195891503682281476e-01 2.105327687954881843e-02
6.193826894717374687e-01 2.105364187629187728e-02
6.191762973726132602e-01 2.105407533538035392e-02
6.189699740479305268e-01 2.105449908878762044e-02
6.187637194747722669e-01 2.105478108374212246e-02
6.185575336302289173e-01 2.105547073248507581e-02
6.183514164913983535e-01 2.105613567449059892e-02
6.181453680353865554e-01 2.105618251457955920e-02
6.179393882393067194e-01 2.105667378428417030e-02
6.177334770802799246e-01 2.105714571845521479e-02
6.175276345354346885e-01 2.105753122481112891e-02
6.173218605819074112e-01 2.105798333618211921e-02
6.171161551968417092e-01 2.105843673160362819e-02
6.169105183573891926e-01 2.105906186128940483e-02
6.167049500407089102e-01 2.105947611654392093e-02
6.164994502239675711e-01 2.105980206841300689e-02
6.162940188843394340e-01 2.106034948570279994e-02
6.160886559990064182e-01 2.106053586289484414e-02
6.158833615451579924e-01 2.106101058498078410e-02
6.156781354999911748e-01 2.106163163127759350e-02
6.154729778407109775e-01 2.106229117269879311e-02
6.152678885445294066e-01 2.106247798860443401e-02
6.150628675886664620e-01 2.106337522636209103e-02
6.148579149503496932e-01 2.106398240467530214e-02
6.146530306068139771e-01 2.106429975225881587e-02
6.144482145353021840e-01 2.106461259330877356e-02
6.142434667130645121e-01 2.106520203501800401e-02
6.140387871173585976e-01 2.106551072564331537e-02
6.138341757254500708e-01 2.106593143490696068e-02
6.136296325146118891e-01 2.106676616501798258e-02
6.134251574621244485e-01 2.106725060186503268e-02
6.132207505452760277e-01 2.106782809771690773e-02
6.130164117413621216e-01 2.106801737866561067e-02
6.128121410276862191e-01 2.106907215410135092e-02
6.126079383815590251e-01 2.106927482827162385e-02
6.124038037802987944e-01 2.106981956551404883e-02
6.121997372012316641e-01 2.107046004177989124e-02
6.119957386216910988e-01 2.107104863531569089e-02
6.117918080190181129e-01 2.107190983367509401e-02
6.115879453705611590e-01 2.107254042882485828e-02
6.113841506536765724e-01 2.107297599736586424e-02
6.111804238457280158e-01 2.107310668279481491e-02
6.109767649240865905e-01 2.107389249368092285e-02
6.107731738661311693e-01 2.107515085683969031e-02
6.105696506492480635e-01 2.107540242897651406e-02
6.103661952508311339e-01 2.107547203029671093e-02
6.101628076482815688e-01 2.107590388236410539e-02
6.099594878190085501e-01 2.107750781085979477e-02
6.097562357404283651e-01 2.107877301174166870e-02
6.095530513899649616e-01 2.107869621034923896e-02
6.093499347450499481e-01 2.107950171503284939e-02
6.091468857831222605e-01 2.108040066603730431e-02
6.089439044816282731e-01 2.108004762935132906e-02
6.087409908180222429e-01 2.108094823780977053e-02
6.085381447697656432e-01 2.108288510720852590e-02
6.083353663143274970e-01 2.108245986035545139e-02
6.081326554291843767e-01 2.108300960332534432e-02
6.079300120918204042e-01 2.108384882509330149e-02
6.077274362797270291e-01 2.108578965635362137e-02
6.075249279704035832e-01 2.108615586466331890e-02
6.073224871413563930e-01 2.108592363833616118e-02
6.071201137700996675e-01 2.108782866483326079e-02
6.069178078341550542e-01 2.108887745539362799e-02
6.067155693110511949e-01 2.108827198522776267e-02
6.065133981783250583e-01 2.109003103871228552e-02
6.063112944135204962e-01 2.109131163347659904e-02
6.061092579941890213e-01 2.109071234426401764e-02
6.059072888978896954e-01 2.109229948927698189e-02
6.057053871021890190e-01 2.109617224963750842e-02
6.055035525846607092e-01 2.109229828854428460e-02
6.053017853228864764e-01 2.109497487708365468e-02
6.051000852944548036e-01 2.109556301567918485e-02
6.048984524769623894e-01 2.109651160948563392e-02
6.046968868480130377e-01 2.109813388225370220e-02
6.044953883852178800e-01 2.110220608922308907e-02
6.042939570661958193e-01 2.109936893076252637e-02
6.040925928685729751e-01 2.110211525244164513e-02
6.038912957699830164e-01 2.109968863391686877e-02
6.036900657480668286e-01 2.110296752885827687e-02
6.034889027804734019e-01 2.110284424732230060e-02
6.032878068448583875e-01 2.110740328316755218e-02
6.030867779188854305e-01 2.110500250466157413e-02
6.028858159802251704e-01 2.110904923077709314e-02
6.026849210065563511e-01 2.110792850224712733e-02
6.024840929755643781e-01 2.110952476825487395e-02
6.022833318649428724e-01 2.111062211279297191e-02
6.020826376523918944e-01 2.111294567534909711e-02
6.018820103156199419e-01 2.111016091067669659e-02
6.016814498323425076e-01 2.112108479485722001e-02
6.014809561802823001e-01 2.111523832180148968e-02
6.012805293371699111e-01 2.111623416152487442e-02
6.010801692807430374e-01 2.111872256878380080e-02
6.008798759887465923e-01 2.111953625574505139e-02
6.006796494389337049e-01 2.112099270368740164e-02
6.004794896090638323e-01 2.112318683455916349e-02
6.002793964769050916e-01 2.112267691610578840e-02
6.000793700202314840e-01 2.112728263531405207e-02
5.998794102168258924e-01 2.112721805305787723e-02
5.996795170444776391e-01 2.113015498729447703e-02
5.994796904809839289e-01 2.112927525912148066e-02
5.992799305041491831e-01 2.113356007384830856e-02
5.990802370917852615e-01 2.113638865503395664e-02
5.988806102217113514e-01 2.113357145790219216e-02
5.986810498717540785e-01 2.113583503826918855e-02
5.984815560197473960e-01 2.113597898745502371e-02
5.982821286435328068e-01 2.114000046633502869e-02
5.980827677209591409e-01 2.113924694883975025e-02
5.978834732298824450e-01 2.114779888629517504e-02
5.976842451481663154e-01 2.114539193003006981e-02
5.974850834536818978e-01 2.114696523054800104e-02
5.972859881243069990e-01 2.114787939527560529e-02
5.970869591379276420e-01 2.115532150055075139e-02
5.968879964724367326e-01 2.115452512888883058e-02
5.966891001057348376e-01 2.115610942599023894e-02
5.964902700157296289e-01 2.115975580906848119e-02
5.962915061803359951e-01 2.115818558351912487e-02
5.960928085774769292e-01 2.116448321786124076e-02
5.958941771850817526e-01 2.116716153444366325e-02
5.956956119810880024e-01 2.116660929193021554e-02
5.954971129434402100e-01 2.116997024496065569e-02
5.952986800500902342e-01 2.117495615524419769e-02
5.951003132789970396e-01 2.118060544532947634e-02
5.949020126081275839e-01 2.118638566348710409e-02
5.947037780154557085e-01 2.119054654407841534e-02
5.945056094789628043e-01 2.119311967384232553e-02
5.943075069766371454e-01 2.119558167957076578e-02
5.941094704864751108e-01 2.119531082774498559e-02
5.939114999864794076e-01 2.120049092781250630e-02
5.937135954546611805e-01 2.120552275858978916e-02
5.935157568690382357e-01 2.121128801172855391e-02
5.933179842076354849e-01 2.121789546696733336e-02
5.931202774484860551e-01 2.122553484968759188e-02
5.929226365696294021e-01 2.123408043649520696e-02
5.927250615491130858e-01 2.124433339373666893e-02
5.925275523649913278e-01 2.125726747865220451e-02
5.923301089953262322e-01 2.126718192012597153e-02
5.921327314181867862e-01 2.128463180482339720e-02
5.919354196116495270e-01 2.130590520870822083e-02
5.917381735537982079e-01 2.132866830371314693e-02
5.915409932227239098e-01 2.135647786357983136e-02
5.913438785965250410e-01 2.139259414579642443e-02
5.911468296533072264e-01 2.143770565313118937e-02
5.909498463711833072e-01 2.148528664020405571e-02
5.907529287282740071e-01 2.155099125874221713e-02
5.905560767027063784e-01 2.163741704615607109e-02
5.903592902726154668e-01 2.173667538345286712e-02
5.901625694161434232e-01 2.190537448437071544e-02
5.899659141114395045e-01 2.225473053424094350e-02
5.897693243366606275e-01 2.281307036876319139e-02
5.895728000699705929e-01 2.237039048632996283e-02
5.893763412895407505e-01 2.245366137469914994e-02
5.891799479735494449e-01 2.292025703427438138e-02
5.889836201001826810e-01 2.253911585215557373e-02
5.887873576476334581e-01 2.212240462873844501e-02
5.885911605941021030e-01 2.187647213167260435e-02
5.883950289177960480e-01 2.174803012205369160e-02
5.881989625969303859e-01 2.163439315972901997e-02
5.880029616097270928e-01 2.153958347376209656e-02
5.878070259344155835e-01 2.146986784682882593e-02
5.876111555492323779e-01 2.141823292475805718e-02
5.874153504324216568e-01 2.137580554455598136e-02
5.872196105622341511e-01 2.134466348994295409e-02
5.870239359169285853e-01 2.131802390070678538e-02
5.868283264747701233e-01 2.129849729137431313e-02
5.866327822140321446e-01 2.128198973145088713e-02
5.864373031129944680e-01 2.126770084548048473e-02
5.862418891499444618e-01 2.125661793030803395e-02
5.860465403031767107e-01 2.124743250521383617e-02
5.858512565509929049e-01 2.123774837329922560e-02
5.856560378717023951e-01 2.122939052066622964e-02
5.854608842436210825e-01 2.122264967751192125e-02
5.852657956450727506e-01 2.121602948688628559e-02
5.850707720543878443e-01 2.121016823711005875e-02
5.848758134499045802e-01 2.120537271298279791e-02
5.846809198099679472e-01 2.120186308923518309e-02
5.844860911129302616e-01 2.119859567991664445e-02
5.842913273371509453e-01 2.119565892679748167e-02
5.840966284609974135e-01 2.119431300047797812e-02
5.839019944628429659e-01 2.119054752148387746e-02
5.837074253210693398e-01 2.118792607381659449e-02
5.835129210140646006e-01 2.118498809815364328e-02
5.833184815202244744e-01 2.118290926816541325e-02
5.831241068179517928e-01 2.118092919937053509e-02
5.829297968856566037e-01 2.117963564247299715e-02
5.827355517017559494e-01 2.117727304954325138e-02
5.825413712446743109e-01 2.117470281238058999e-02
5.823472554928433853e-01 2.117260186640510661e-02
5.821532044247017534e-01 2.117041682355427779e-02
5.819592180186954344e-01 2.116847540053556215e-02
5.817652962532777750e-01 2.116908354495980471e-02
5.815714391069086719e-01 2.116520327320799491e-02
5.813776465580559050e-01 2.116410026209728651e-02
5.811839185851941370e-01 2.116261938123697312e-02
5.809902551668052473e-01 2.115987001476331980e-02
5.807966562813781097e-01 2.115917151598592158e-02
5.806031219074089256e-01 2.116050241457341496e-02
5.804096520234010015e-01 2.115641568471362741e-02
5.802162466078649716e-01 2.115410360243050528e-02
5.800229056393185756e-01 2.115390022796672514e-02
5.798296290962864363e-01 2.115089881905314606e-02
5.796364169573005043e-01 2.115115553711521823e-02
5.794432692009001684e-01 2.115198334742148314e-02
5.792501858056317010e-01 2.114743911680338345e-02
5.790571667500482578e-01 2.114572400678053563e-02
5.788642120127106550e-01 2.114636726666700023e-02
5.786713215721865922e-01 2.114373766703702903e-02
5.784784954070508745e-01 2.114493073162205042e-02
5.782857334958855233e-01 2.114372911646456021e-02
5.780930358172796657e-01 2.114274669781899749e-02
5.779004023498297560e-01 2.113960765485435253e-02
5.777078330721390209e-01 2.113950420189481677e-02
5.775153279628180147e-01 2.113976460150079548e-02
5.773228870004845081e-01 2.113974834472773581e-02
5.771305101637631552e-01 2.113712303240416340e-02
5.769381974312860484e-01 2.113615718353005143e-02
5.767459487816921637e-01 2.113371306830094665e-02
5.765537641936275826e-01 2.113540934376359828e-02
5.763616436457456027e-01 2.113446323915054575e-02
5.761695871167065164e-01 2.113206927162094781e-02
5.759775945851781653e-01 2.113213844787015239e-02
5.757856660298349416e-01 2.113010557874533610e-02
5.755938014293583427e-01 2.113203290803676929e-02
5.754020007624376376e-01 2.113135044561813281e-02
5.752102640077683127e-01 2.112818465763400405e-02
5.750185911440535147e-01 2.112825823684607446e-02
5.748269821500036070e-01 2.113012835915245233e-02
5.746354370043353921e-01 2.112902891712739942e-02
5.744439556857733331e-01 2.112659396843499793e-02
5.742525381730489986e-01 2.112475009377297666e-02
5.740611844449006185e-01 2.112524555385155225e-02
5.738698944800740831e-01 2.112540562434485000e-02
5.736786682573215002e-01 2.112494736198522807e-02
5.734875057554029709e-01 2.112301940120910049e-02
5.732964069530852580e-01 2.112129939840080850e-02
5.731053718291420074e-01 2.112557278296950392e-02
5.729144003623546366e-01 2.112305178251221160e-02
5.727234925315106695e-01 2.111953278971827677e-02
5.725326483154055124e-01 2.112021591590436745e-02
5.723418676928412330e-01 2.111982878236519715e-02
5.721511506426271154e-01 2.112089733848283857e-02
5.719604971435791052e-01 2.111972889744873766e-02
5.717699071745209194e-01 2.111748429943470506e-02
5.715793807142829364e-01 2.111718121164569972e-02
5.713889177417021958e-01 2.111744136949070261e-02
5.711985182356236201e-01 2.111602088424515203e-02
5.710081821748985709e-01 2.111559869192211614e-02
5.708179095383857371e-01 2.111520409914182522e-02
5.706277003049506913e-01 2.111492302963052445e-02
5.704375544534662223e-01 2.111460660583853663e-02
5.702474719628118915e-01 2.111501501732759162e-02
5.700574528118746986e-01 2.111801370134275616e-02
5.698674969795480827e-01 2.111448270770937066e-02
5.696776044447330323e-01 2.111393789953224312e-02
5.694877751863376414e-01 2.111755213161349565e-02
5.692980091832764433e-01 2.111386051895484603e-02
5.691083064144715209e-01 2.111861548081026344e-02
5.689186668588520623e-01 2.111690394557072178e-02
5.687290904953534731e-01 2.111575731952236232e-02
5.685395773029191524e-01 2.112042842734229708e-02
5.683501272604989385e-01 2.112000948029398376e-02
5.681607403470498863e-01 2.112649039251311700e-02
5.679714165415359339e-01 2.111145357393788211e-02
5.677821558229283472e-01 2.111128904941971668e-02
5.675929581702048310e-01 2.111284502049831993e-02
5.674038235623506399e-01 2.110917725887671501e-02
5.672147519783579117e-01 2.110870384245886258e-02
5.670257433972255567e-01 2.110839142029281509e-02
5.668367977979593686e-01 2.110911669427420131e-02
5.666479151595728014e-01 2.110709292496073045e-02
5.664590954610857487e-01 2.110753797913738142e-02
5.662703386815253204e-01 2.110656371847698110e-02
5.660816447999251766e-01 2.110616301564421232e-02
5.658930137953266382e-01 2.110593273809265383e-02
5.657044456467776872e-01 2.110581033488621860e-02
5.655159403333333001e-01 2.110523091722962125e-02
5.653274978340553369e-01 2.110482724435317273e-02
5.651391181280125409e-01 2.110479998826370746e-02
5.649508011942810937e-01 2.110439518692225347e-02
5.647625470119436164e-01 2.110407476136325414e-02
5.645743555600902797e-01 2.110387031902849486e-02
5.643862268178176933e-01 2.110374923497432970e-02
5.641981607642295726e-01 2.110361275181851792e-02
5.640101573784367384e-01 2.110335709720554190e-02
5.638222166395567836e-01 2.110295092297653774e-02
5.636343385267145178e-01 2.110284248800936568e-02
5.634465230190415230e-01 2.110257133652602979e-02
5.632587700956762644e-01 2.110240666078219349e-02
5.630710797357643127e-01 2.110224066144761670e-02
5.628834519184580110e-01 2.110194587125666099e-02
5.626958866229171408e-01 2.110178640908449629e-02
5.625083838283075899e-01 2.110177262190181258e-02
5.623209435138029066e-01 2.110159037527698303e-02
5.621335656585834117e-01 2.110126794624480120e-02
5.619462502418360872e-01 2.110101780430732876e-02
5.617589972427550205e-01 2.110076080622881600e-02
5.615718066405416264e-01 2.110061845874029729e-02
5.613846784144034263e-01 2.110039087553890885e-02
5.611976125435554907e-01 2.110040003234295303e-02
5.610106090072197738e-01 2.109993576374085550e-02
5.608236677846248908e-01 2.109993255761741585e-02
5.606367888550064515e-01 2.109970302133543779e-02
5.604499721976070603e-01 2.109956245285387125e-02
5.602632177916765377e-01 2.109939119598502541e-02
5.600765256164711436e-01 2.109928150489484913e-02
5.598898956512540215e-01 2.109906664243955954e-02
5.597033278752955310e-01 2.109885826130280043e-02
5.595168222678729153e-01 2.109866996960430355e-02
5.593303788082700789e-01 2.109862376352704752e-02
5.591439974757781428e-01 2.109835848746794904e-02
5.589576782496948892e-01 2.109829475327204551e-02
5.587714211093249839e-01 2.109797570532022382e-02
5.585852260339801978e-01 2.109803670670497289e-02
5.583990930029794075e-01 2.109784246182105222e-02
5.582130219956473738e-01 2.109766882459708157e-02
5.580270129913168509e-01 2.109756463864454271e-02
5.578410659693270324e-01 2.109749517626558976e-02
5.576551809090239953e-01 2.109722730545357527e-02
5.574693577897607000e-01 2.109734471767486449e-02
5.572835965908971012e-01 2.109722930501699636e-02
5.570978972917997041e-01 2.109726942095015850e-02
5.569122598718423411e-01 2.109678050804558724e-02
5.567266843104056173e-01 2.109662001896133593e-02
5.565411705868765768e-01 2.109664374338481724e-02
5.563557186806497024e-01 2.109647730460679702e-02
5.561703285711259159e-01 2.109616965657544474e-02
5.559850002377132450e-01 2.109611721210538290e-02
5.557997336598267113e-01 2.109601001131689024e-02
5.556145288168876650e-01 2.109624891231351787e-02
5.554293856883248948e-01 2.109579837989357040e-02
5.552443042535735174e-01 2.109572594389239400e-02
5.550592844920761992e-01 2.109572704283479289e-02
5.548743263832818240e-01 2.109561641717580191e-02
5.546894299066461587e-01 2.109587868721539416e-02
5.545045950416321867e-01 2.109555800202962683e-02
5.543198217677097750e-01 2.109506509686768019e-02
5.541351100643547856e-01 2.109520530310822484e-02
5.539504599110510741e-01 2.109513328843201987e-02
5.537658712872886024e-01 2.109512096413959648e-02
5.535813441725645490e-01 2.109554109172196226e-02
5.533968785463823092e-01 2.109484752371534877e-02
5.532124743882528284e-01 2.109469246108294435e-02
5.530281316776936018e-01 2.109485973790580990e-02
5.528438503942287863e-01 2.109417725428766946e-02
5.526596305173896440e-01 2.109509642458324424e-02
5.524754720267139874e-01 2.109498575039851082e-02
5.522913749017467344e-01 2.109403414314993397e-02
5.521073391220392423e-01 2.109414107463796970e-02
5.519233646671501958e-01 2.109377540374497706e-02
5.517394515166447189e-01 2.109431634774380782e-02
5.515555996500945968e-01 2.109452139561453568e-02
5.513718090470788313e-01 2.109413770108331879e-02
5.511880796871830857e-01 2.109378248768476252e-02
5.510044115499997952e-01 2.109376285009815361e-02
5.508208046151280568e-01 2.109370395862769296e-02
5.506372588621739617e-01 2.109358758959164679e-02
5.504537742707503734e-01 2.109413743657681528e-02
5.502703508204768168e-01 2.109383968672167917e-02
5.500869884909798113e-01 2.109348397063319502e-02
5.499036872618923155e-01 2.109317442916871718e-02
5.497204471128547265e-01 2.109358959147913590e-02
5.495372680235136587e-01 2.109382655799732498e-02
5.493541499735223876e-01 2.109324196179722041e-02
5.491710929425415166e-01 2.109300161789298342e-02
5.489880969102380881e-01 2.109292941295653340e-02
5.488051618562858058e-01 2.109358118406296639e-02
5.486222877603657011e-01 2.109274688022012845e-02
5.484394746021649114e-01 2.109282247627239024e-02
5.482567223613777907e-01 2.109239322560006041e-02
5.480740310177051322e-01 2.109272056823692509e-02
5.478914005508548346e-01 2.109424966807703014e-02
5.477088309405413469e-01 2.109196485902355145e-02
5.475263221664858904e-01 2.109281006135405381e-02
5.473438742084162367e-01 2.109188623339729868e-02
5.471614870460674851e-01 2.109280833098449090e-02
5.469791606591810629e-01 2.109235811149294884e-02
5.467968950275052809e-01 2.109244564303291991e-02
5.466146901307948891e-01 2.109371621588076312e-02
5.464325459488118542e-01 2.109321216750898592e-02
5.462504624613246929e-01 2.109179375132686635e-02
5.460684396481088054e-01 2.109275529255916562e-02
5.458864774889458094e-01 2.109267537036597223e-02
5.457045759636245386e-01 2.109151371703765765e-02
5.455227350519403773e-01 2.109090076206899048e-02
5.453409547336958152e-01 2.109128199896784933e-02
5.451592349886995592e-01 2.109120074938160630e-02
5.449775757967673107e-01 2.109156690871284712e-02
5.447959771377213212e-01 2.109168281670033979e-02
5.446144389913908368e-01 2.109099553100629229e-02
5.444329613376115429e-01 2.109262769977016116e-02
5.442515441562261191e-01 2.109143088591928020e-02
5.440701874270837957e-01 2.109107689545179978e-02
5.438888911300404638e-01 2.109190731433821520e-02
5.437076552449586764e-01 2.109236894647926672e-02
5.435264797517080915e-01 2.109148813754312818e-02
5.433453646301646955e-01 2.109080355069490806e-02
5.431643098602113584e-01 2.109120710185985806e-02
5.429833154217372782e-01 2.109142108264071627e-02
5.428023812946390914e-01 2.109072791582218553e-02
5.426215074588193188e-01 2.109111682258499668e-02
5.424406938941879197e-01 2.109130465372783050e-02
5.422599405806609596e-01 2.109093822297791396e-02
5.420792474981616094e-01 2.109107423515152804e-02
5.418986146266193682e-01 2.109064805644707621e-02
5.417180419459707297e-01 2.109092979631742304e-02
5.415375294361586267e-01 2.109165013431729685e-02
5.413570770771327645e-01 2.109134254113546880e-02
5.411766848488498427e-01 2.109051244679648746e-02
5.409963527312727782e-01 2.109155617468438937e-02
5.408160807043712603e-01 2.109180509820024127e-02
5.406358687481218617e-01 2.109024764206408539e-02
5.404557168425075941e-01 2.109182576928812433e-02
5.402756249675183531e-01 2.109167130663178180e-02
5.400955931031506951e-01 2.109044798941012849e-02
5.399156212294075052e-01 2.109000400242714429e-02
5.397357093262987737e-01 2.109015090010778193e-02
5.395558573738408192e-01 2.108981928269467593e-02
5.393760653520566217e-01 2.108986169427906274e-02
5.391963332409762666e-01 2.108946246908955172e-02
5.390166610206360565e-01 2.108945723277043036e-02
5.388370486710789553e-01 2.108930785236454511e-02
5.386574961723549215e-01 2.108909206382527865e-02
5.384780035045200197e-01 2.108899364976690727e-02
5.382985706476374199e-01 2.108891406392934126e-02
5.381191975817767315e-01 2.108870332095517247e-02
5.379398842870143360e-01 2.108890448829445555e-02
5.377606307434331656e-01 2.108898673384202935e-02
5.375814369311227026e-01 2.108872130459257463e-02
5.374023028301793126e-01 2.108862927296325726e-02
5.372232284207056896e-01 2.108872835804402601e-02
5.370442136828114110e-01 2.108863440454409460e-02
5.368652585966124935e-01 2.108857491159511072e-02
5.366863631422317260e-01 2.108857939600438519e-02
5.365075272997985589e-01 2.108846659490457368e-02
5.363287510494485488e-01 2.108857758604341937e-02
5.361500343713246908e-01 2.108830177345089041e-02
5.359713772455761971e-01 2.108831470724812848e-02
5.357927796523586084e-01 2.108829593035388417e-02
5.356142415718347927e-01 2.108825038928509657e-02
5.354357629841733912e-01 2.108824768635933836e-02
5.352573438695501507e-01 2.108825345993315531e-02
5.350789842081473680e-01 2.108813703708705550e-02
5.349006839801540014e-01 2.108807197005812747e-02
5.347224431657653376e-01 2.108818515345103894e-02
5.345442617451835465e-01 2.108802284472613073e-02
5.343661396986173484e-01 2.108796544866389788e-02
5.341880770062819028e-01 2.108795346697669298e-02
5.340100736483990307e-01 2.108792337138974682e-02
5.338321296051971032e-01 2.108790037093881409e-02
5.336542448569115971e-01 2.108791444076871940e-02
5.334764193837836510e-01 2.108795555492720339e-02
5.332986531660616203e-01 2.108786370955393480e-02
5.331209461840001884e-01 2.108782100777495394e-02
5.329432984178608113e-01 2.108778759144788045e-02
5.327657098479114950e-01 2.108781893330400128e-02
5.325881804544266851e-01 2.108798142886123342e-02
5.324107102176873774e-01 2.108771115693987980e-02
5.322332991179814510e-01 2.108766100641554925e-02
5.320559471356027803e-01 2.108783079975828229e-02
5.318786542508524562e-01 2.108762400755248914e-02
5.317014204440377867e-01 2.108768028650122653e-02
5.315242456954726302e-01 2.108752692651803817e-02
5.313471299854773955e-01 2.108764438490358037e-02
5.311700732943792636e-01 2.108762585600774606e-02
5.309930756025117438e-01 2.108745711938392678e-02
5.308161368902148958e-01 2.108764244384322625e-02
5.306392571378356626e-01 2.108773666752682824e-02
5.304624363257269826e-01 2.108770277995979103e-02
5.302856744342487882e-01 2.108736265968342433e-02
5.301089714437675626e-01 2.108732716783048161e-02
5.299323273346560059e-01 2.108756728098488617e-02
5.297557420872935907e-01 2.108729097094147117e-02
5.295792156820661178e-01 2.108732672689084264e-02
5.294027480993662715e-01 2.108719140993479263e-02
5.292263393195930643e-01 2.108739963431214767e-02
5.290499893231519479e-01 2.108705200976086769e-02
5.288736980904552576e-01 2.108727310611559214e-02
5.286974656019212127e-01 2.108714396566540097e-02
5.285212918379751379e-01 2.108714723202959052e-02
5.283451767790486864e-01 2.108702517483154737e-02
5.281691204055801725e-01 2.108708200483646808e-02
5.279931226980141279e-01 2.108698386686914950e-02
5.278171836368017455e-01 2.108722588363337591e-02
5.276413032024009908e-01 2.108706384314097682e-02
5.274654813752759352e-01 2.108717600567152489e-02
5.272897181358972007e-01 2.108736233246331915e-02
5.271140134647422926e-01 2.108724375104680665e-02
5.269383673422948222e-01 2.108685685982109731e-02
5.267627797490449515e-01 2.108704778557304524e-02
5.265872506654898366e-01 2.108681858540968276e-02
5.264117800721325180e-01 2.108679834155242211e-02
5.262363679494826973e-01 2.108670799537737742e-02
5.260610142780565157e-01 2.108680656978482310e-02
5.258857190383769975e-01 2.108666038945951338e-02
5.257104822109732734e-01 2.108669869108048545e-02
5.255353037763812463e-01 2.108678633302618968e-02
5.253601837151428144e-01 2.108673623044225384e-02
5.251851220078068705e-01 2.108685171323874605e-02
5.250101186349284133e-01 2.108667694963740555e-02
5.248351735770694360e-01 2.108676461464117913e-02
5.246602868147977050e-01 2.108678987354823883e-02
5.244854583286880922e-01 2.108683712993088960e-02
5.243106880993216867e-01 2.108672024343183696e-02
5.241359761072859058e-01 2.108737534098634875e-02
5.239613223331748282e-01 2.108698283608298474e-02
5.237867267575888608e-01 2.108696559407723797e-02
5.236121893611351830e-01 2.108726119103116262e-02
5.234377101244269692e-01 2.108668948170496632e-02
5.232632890280842775e-01 2.108714403944109486e-02
5.230889260527332718e-01 2.108659875298474901e-02
5.229146211790069998e-01 2.108641998336534262e-02
5.227403743875443931e-01 2.108656906546371029e-02
5.225661856589913778e-01 2.108647200659002213e-02
5.223920549739999863e-01 2.108657388292332555e-02
5.222179823132289123e-01 2.108634317119950294e-02
5.220439676573430665e-01 2.108642551198998058e-02
5.218700109870140214e-01 2.108635936852528564e-02
5.216961122829196773e-01 2.108637843315397387e-02
5.215222715257443742e-01 2.108628601673412373e-02
5.213484886961788911e-01 2.108634363056595060e-02
5.211747637749206685e-01 2.108626340341925379e-02
5.210010967426730311e-01 2.108630322999343817e-02
5.208274875801462978e-01 2.108627167036404570e-02
5.206539362680568939e-01 2.108625127790162215e-02
5.204804427871277950e-01 2.108626995262915041e-02
5.203070071180884160e-01 2.108628965535366134e-02
5.201336292416745000e-01 2.108622828519927939e-02
5.199603091386282294e-01 2.108620883213713562e-02
5.197870467896982261e-01 2.108619000595440135e-02
5.196138421756397729e-01 2.108618651698525998e-02
5.194406952772139263e-01 2.108633090335952642e-02
5.192676060751888478e-01 2.108628052483779713e-02
5.190945745503386943e-01 2.108620596368052102e-02
5.189216006834441730e-01 2.108622902859172074e-02
5.187486844552924303e-01 2.108625690187527699e-02
5.185758258466768300e-01 2.108619013559707989e-02
5.184030248383973971e-01 2.108626002595045956e-02
5.182302814112602629e-01 2.108626522516281535e-02
5.180575955460781090e-01 2.108631953620065946e-02
5.178849672236701673e-01 2.108623585616543547e-02
5.177123964248618870e-01 2.108639137804896313e-02
5.175398831304849345e-01 2.108633727946207168e-02
5.173674273213778596e-01 2.108629770604326242e-02
5.171950289783850963e-01 2.108635165527831049e-02
5.170226880823575177e-01 2.108656909301738838e-02
5.168504046141527697e-01 2.108642188019225344e-02
5.166781785546344929e-01 2.108635552872121025e-02
5.165060098846729897e-01 2.108641423566456549e-02
5.163338985851444463e-01 2.108646563034787674e-02
5.161618446369322655e-01 2.108648692621377385e-02
5.159898480209251792e-01 2.108644345893276317e-02
5.158179087180191358e-01 2.108649589719446479e-02
5.156460267091160787e-01 2.108660539310426574e-02
5.154742019751243909e-01 2.108660577090308574e-02
5.153024344969586723e-01 2.108668083710174210e-02
5.151307242555401844e-01 2.108649676815366192e-02
5.149590712317961838e-01 2.108671820799673871e-02
5.147874754066604774e-01 2.108660281103372572e-02
5.146159367610734225e-01 2.108701377613847114e-02
5.144444552759813716e-01 2.108658320281282805e-02
5.142730309323373383e-01 2.108684228903868335e-02
5.141016637111002208e-01 2.108662835395268970e-02
5.139303535932358002e-01 2.108703567319054895e-02
5.137591005597158533e-01 2.108677942024355864e-02
5.135879045915187069e-01 2.108695408813650307e-02
5.134167656696287940e-01 2.108695830757881251e-02
5.132456837750370982e-01 2.108695875778908782e-02
5.130746588887408199e-01 2.108680347133061808e-02
5.129036909917433773e-01 2.108735807835787276e-02
5.127327800650550715e-01 2.108710134116758769e-02
5.125619260896917551e-01 2.108681677386940040e-02
5.123911290466762747e-01 2.108710546524456692e-02
5.122203889170372504e-01 2.108724284001177451e-02
5.120497056818098525e-01 2.108699109222975099e-02
5.118790793220358015e-01 2.108733178685688603e-02
5.117085098187629244e-01 2.108764578215515523e-02
5.115379971530451542e-01 2.108666525577660919e-02
5.113675413059430852e-01 2.108769196175335273e-02
5.111971422585236402e-01 2.108706425234675025e-02
5.110267999918596260e-01 2.108745636660848410e-02
5.108565144870306218e-01 2.108751426935687526e-02
5.106862857251220911e-01 2.108709849065568132e-02
5.105161136872263805e-01 2.108718458564036100e-02
5.103459983544414991e-01 2.108771994165751715e-02
5.101759397078722280e-01 2.108715696449791135e-02
5.100059377286293438e-01 2.108752962194032979e-02
5.098359923978299513e-01 2.108764800998135305e-02
5.096661036965978164e-01 2.108755468216305662e-02
5.094962716060622565e-01 2.108740969454330969e-02
5.093264961073599162e-01 2.108853204922137015e-02
5.091567771816326582e-01 2.108695486014286122e-02
5.089871148100293397e-01 2.108715641604059707e-02
5.088175089737045909e-01 2.108787389763588233e-02
5.086479596538200365e-01 2.108763504559359528e-02
5.084784668315428524e-01 2.108776883085838189e-02
5.083090304880467647e-01 2.108800112837194013e-02
5.081396506045118278e-01 2.108761053022882928e-02
5.079703271621244243e-01 2.108788440578057005e-02
5.078010601420770431e-01 2.108808035739866832e-02
5.076318495255685015e-01 2.108773038921173126e-02
5.074626952938039448e-01 2.108790496286244015e-02
5.072935974279945137e-01 2.108826855467198572e-02
5.071245559093580102e-01 2.108753634975757060e-02
5.069555707191183425e-01 2.108803131114168547e-02
5.067866418385054139e-01 2.108888682800381248e-02
5.066177692487559003e-01 2.108744780390382073e-02
5.064489529311120286e-01 2.108719941264004458e-02
5.062801928668231310e-01 2.108764377841776394e-02
5.061114890371440911e-01 2.108775137443201497e-02
5.059428414233362314e-01 2.108822621533258668e-02
5.057742500066673141e-01 2.108791481562917111e-02
5.056057147684112074e-01 2.108752725120223090e-02
5.054372356898477747e-01 2.108733338880326713e-02
5.052688127522637629e-01 2.108734733135750328e-02
5.051004459369513588e-01 2.108709699060083709e-02
5.049321352252095219e-01 2.108725307238786331e-02
5.047638805983434285e-01 2.108726972802369912e-02
5.045956820376641394e-01 2.108711506603735616e-02
5.044275395244892657e-01 2.108772362340477838e-02
5.042594530401425246e-01 2.108754948202850796e-02
5.040914225659538506e-01 2.108753749362055410e-02
5.039234480832593954e-01 2.108795141542120846e-02
5.037555295734016392e-01 2.108758293099483386e-02
5.035876670177289460e-01 2.108828874075829515e-02
5.034198603975963415e-01 2.108782600165123172e-02
5.032521096943648464e-01 2.108637591911033393e-02
5.030844148894016987e-01 2.108770654071442582e-02
5.029167759640803537e-01 2.108735013145558029e-02
5.027491928997803727e-01 2.108654149429784602e-02
5.025816656778877567e-01 2.108660720826289331e-02
5.024141942797943905e-01 2.108714087955005159e-02
5.022467786868988204e-01 2.108586213834637638e-02
5.020794188806052549e-01 2.108533991049764064e-02
5.019121148423243417e-01 2.108475803049724914e-02
5.017448665534731678e-01 2.108438250684042253e-02
5.015776739954747043e-01 2.108404245963503218e-02
5.014105371497580288e-01 2.108356637304423589e-02
5.012434559977587689e-01 2.108353736688730468e-02
5.010764305209184366e-01 2.108305349053029784e-02
5.009094607006847610e-01 2.108278018829806699e-02
5.007425465185119107e-01 2.108258572863093427e-02
5.005756879558600492e-01 2.108241810580249731e-02
5.004088849941952244e-01 2.108215228957156795e-02
5.002421376149901455e-01 2.108172897413982533e-02
