9.089826947564526582e-01 2.095269295974347065e-02
9.086798014892895070e-01 2.096358614085702676e-02
9.083770091529053126e-01 2.096200404497987682e-02
9.080743177136673117e-01 2.095984467899380393e-02
9.077717271379546204e-01 2.096958354883106390e-02
9.074692373921571242e-01 2.094722969430445544e-02
9.071668484426761436e-01 2.097340927410768982e-02
9.068645602559242125e-01 2.092300127982280045e-02
9.065623727983247448e-01 2.097780794031108703e-02
9.062602860363124790e-01 2.094910817910044382e-02
9.059582999363336997e-01 2.093813968302878775e-02
9.056564144648452386e-01 2.096600972311567918e-02
9.053546295883158068e-01 2.094219421297271663e-02
9.050529452732245517e-01 2.094587826788928825e-02
9.047513614860624998e-01 2.093263364058676329e-02
9.044498781933312248e-01 2.096799584611704764e-02
9.041484953615441800e-01 2.094874862923856718e-02
9.038472129572250324e-01 2.092436271009106771e-02
9.035460309469092177e-01 2.092808545419494459e-02
9.032449492971436067e-01 2.098707350493071722e-02
9.029439679744852842e-01 2.093933499604834492e-02
9.026430869455034367e-01 2.099650745554757295e-02
9.023423061767776865e-01 2.091611814123779320e-02
9.020416256348993134e-01 2.102200916985857287e-02
9.017410452864704773e-01 2.097333871933875632e-02
9.014405650981044404e-01 2.096907617963063644e-02
9.011401850364256783e-01 2.100457706472399697e-02
9.008399050680695463e-01 2.099896544865941655e-02
9.005397251596829467e-01 2.096223400771409645e-02
9.002396452779235503e-01 2.106766251763366252e-02
8.999396653894603526e-01 2.092012162944479475e-02
8.996397854609731182e-01 2.094730981538246370e-02
8.993400054591534909e-01 2.107606929860839778e-02
8.990403253507032177e-01 2.110684101950160638e-02
8.987407451023357030e-01 2.096889808460396590e-02
8.984412646807754532e-01 2.100816210000198622e-02
8.981418840527576331e-01 2.093820279343912988e-02
8.978426031850293976e-01 2.095030624139181119e-02
8.975434220443477829e-01 2.106784657727635290e-02
8.972443405974819264e-01 2.103946972409969501e-02
8.969453588112115128e-01 2.095787450695475729e-02
8.966464766523272178e-01 2.103310231466284930e-02
8.963476940876312637e-01 2.098056526809434497e-02
8.960490110839365308e-01 2.097371919528472073e-02
8.957504276080671124e-01 2.103078573149245317e-02
8.954519436268580934e-01 2.100662382839386944e-02
8.951535591071557718e-01 2.094913217756062818e-02
8.948552740158169927e-01 2.099740244731304259e-02
8.945570883197104806e-01 2.096694132922770348e-02
8.942590019857152850e-01 2.102622304185717758e-02
8.939610149807215578e-01 2.093563677469005915e-02
8.936631272716307750e-01 2.100947639352354970e-02
8.933653388253557370e-01 2.100658397029022198e-02
8.930676496088194583e-01 2.102045850498550014e-02
8.927700595889563884e-01 2.100503739106563891e-02
8.924725687327120793e-01 2.102371635997905136e-02
8.921751770070429632e-01 2.102859684197016035e-02
8.918778843789167965e-01 2.103231293175997912e-02
8.915806908153114385e-01 2.098600576104010448e-02
8.912835962832170722e-01 2.098702367375897271e-02
8.909866007496337614e-01 2.096824777041976159e-02
8.906897041815731164e-01 2.092575082021765065e-02
8.903929065460577386e-01 2.091903241335059047e-02
8.900962078101209984e-01 2.090468230732944049e-02
8.897996079408073689e-01 2.092792624873155566e-02
8.895031069051723138e-01 2.088307305188961613e-02
8.892067046702820665e-01 2.088011072778838198e-02
8.889104012032142954e-01 2.092248674075635265e-02
8.886141964710571051e-01 2.090908321963384428e-02
8.883180904409100354e-01 2.090924742700672745e-02
8.880220830798833953e-01 2.088206708529959793e-02
8.877261743550982631e-01 2.088575536659645002e-02
8.874303642336870412e-01 2.088309768883001016e-02
8.871346526827927903e-01 2.089447692453077696e-02
8.868390396695696731e-01 2.089001212138229258e-02
8.865435251611823997e-01 2.088584394190018748e-02
8.862481091248074483e-01 2.088681266899385450e-02
8.859527915276315113e-01 2.088983435706101913e-02
8.856575723368524944e-01 2.087384973185400089e-02
8.853624515196791833e-01 2.088427118000951016e-02
8.850674290433312441e-01 2.087632464872059973e-02
8.847725048750396670e-01 2.088597511690535799e-02
8.844776789820454344e-01 2.087061772800241286e-02
8.841829513316015188e-01 2.087753743391744868e-02
8.838883218909712181e-01 2.088403776250998684e-02
8.835937906274285991e-01 2.088103479393627407e-02
8.832993575082592752e-01 2.089046058338601963e-02
8.830050225007588516e-01 2.088396178472809103e-02
8.827107855722347018e-01 2.087847027656976676e-02
8.824166466900046357e-01 2.088779417010055636e-02
8.821226058213974541e-01 2.089769979834342831e-02
8.818286629337528382e-01 2.087285487226242867e-02
8.815348179944212381e-01 2.089293386657066487e-02
8.812410709707643175e-01 2.088089384539811369e-02
8.809474218301542869e-01 2.088507336656877239e-02
8.806538705399741263e-01 2.088668792900064825e-02
8.803604170676182505e-01 2.088761778139187897e-02
8.800670613804912890e-01 2.088184751769238054e-02
8.797738034460093060e-01 2.087688456075070809e-02
8.794806432315986910e-01 2.088767316613898695e-02
8.791875807046970470e-01 2.088053700005802066e-02
8.788946158327528568e-01 2.088905187625522686e-02
8.786017485832249285e-01 2.089385974542710619e-02
8.783089789235837275e-01 2.088861248186858754e-02
8.780163068213099331e-01 2.089209130236139439e-02
8.777237322438952161e-01 2.088096304927195349e-02
8.774312551588423492e-01 2.087853658581677666e-02
8.771388755336643195e-01 2.089097691984750579e-02
8.768465933358855491e-01 2.088975298319550519e-02
8.765544085330412294e-01 2.088129259108186322e-02
8.762623210926768769e-01 2.089254653586867030e-02
8.759703309823493322e-01 2.089672526392962609e-02
8.756784381696260944e-01 2.088281322663604334e-02
8.753866426220853203e-01 2.089288921556873430e-02
8.750949443073162692e-01 2.089124773678788932e-02
8.748033431929185255e-01 2.088400899714273201e-02
8.745118392465028867e-01 2.089152961275995285e-02
8.742204324356910305e-01 2.088452255629920026e-02
8.739291227281148489e-01 2.089379801466081585e-02
8.736379100914176687e-01 2.089217621552799664e-02
8.733467944932532534e-01 2.089102028250533483e-02
8.730557759012860242e-01 2.088657521702250511e-02
8.727648542831916156e-01 2.089290746790202491e-02
8.724740296066559875e-01 2.088918646058717660e-02
8.721833018393762016e-01 2.088778813953307348e-02
8.718926709490596449e-01 2.088768348166939945e-02
8.716021369034252508e-01 2.089347870877233254e-02
8.713116996702017225e-01 2.090299502185931357e-02
8.710213592171293095e-01 2.089700492051103226e-02
8.707311155119585866e-01 2.088876759206414677e-02
8.704409685224511195e-01 2.088873130398742270e-02
8.701509182163787992e-01 2.089162255078601260e-02
8.698609645615250630e-01 2.089802289337710020e-02
8.695711075256831180e-01 2.089736390352937498e-02
8.692813470766574957e-01 2.088957581579953260e-02
8.689916831822632748e-01 2.088896045983716643e-02
8.687021158103264140e-01 2.088867830506175791e-02
8.684126449286834193e-01 2.089283659529949169e-02
8.681232705051816767e-01 2.090298967849997872e-02
8.678339925076791195e-01 2.089434808778110539e-02
8.675448109040443390e-01 2.089314751238018075e-02
8.672557256621569177e-01 2.089534249088244658e-02
8.669667367499069854e-01 2.088943388638327819e-02
8.666778441351951079e-01 2.089368791159493602e-02
8.663890477859329531e-01 2.089258748621250147e-02
8.661003476700429582e-01 2.089508099340819935e-02
8.658117437554576634e-01 2.089226597808739247e-02
8.655232360101210443e-01 2.089286976425205888e-02
8.652348244019868462e-01 2.090009766436659935e-02
8.649465088990204720e-01 2.089207283171765073e-02
8.646582894691974275e-01 2.089218432596588043e-02
8.643701660805038767e-01 2.090165557447624251e-02
8.640821387009368637e-01 2.089262608735675819e-02
8.637942072985039799e-01 2.089392851659793021e-02
8.635063718412234746e-01 2.090064244163801488e-02
8.632186322971243664e-01 2.089932375225880823e-02
8.629309886342463320e-01 2.090000994590276301e-02
8.626434408206392623e-01 2.090544089143811859e-02
8.623559888243644833e-01 2.090803287793760804e-02
8.620686326134932020e-01 2.090627150344743709e-02
8.617813721561078388e-01 2.089466778468674485e-02
8.614942074203010280e-01 2.089940006441506903e-02
8.612071383741761732e-01 2.090820242892231159e-02
8.609201649858474470e-01 2.090345865945031356e-02
8.606332872234395692e-01 2.089766287928538496e-02
8.603465050550879178e-01 2.090805459353333243e-02
8.600598184489381959e-01 2.091333212927042745e-02
8.597732273731469865e-01 2.089852834603486004e-02
8.594867317958817532e-01 2.090100702399997137e-02
8.592003316853199513e-01 2.091275711871238771e-02
8.589140270096499163e-01 2.090555529753770556e-02
8.586278177370708642e-01 2.090290035040772224e-02
8.583417038357923357e-01 2.091095718311151985e-02
8.580556852740341967e-01 2.089091675239152304e-02
8.577697620200274153e-01 2.092110987874433795e-02
8.574839340420133960e-01 2.091029368433826308e-02
8.571982013082438678e-01 2.091022909234354146e-02
8.569125637869815515e-01 2.090171683673602496e-02
8.566270214464992705e-01 2.092212945576995761e-02
8.563415742550808396e-01 2.091162627874373556e-02
8.560562221810205097e-01 2.091092246872533131e-02
8.557709651926229677e-01 2.092874855514862895e-02
8.554858032582034477e-01 2.092154618249815121e-02
8.552007363460880640e-01 2.092886717157264875e-02
8.549157644246131449e-01 2.092131510495418012e-02
8.546308874621255658e-01 2.091072075277193576e-02
8.543461054269833044e-01 2.091311224914258610e-02
8.540614182875541083e-01 2.093738544261153009e-02
8.537768260122164943e-01 2.092494102456593161e-02
8.534923285693600814e-01 2.091495541874839950e-02
8.532079259273842586e-01 2.092909761249078793e-02
8.529236180546991841e-01 2.092951189490750361e-02
8.526394049197258962e-01 2.092364973522714555e-02
8.523552864908955362e-01 2.092084952706469922e-02
8.520712627366499037e-01 2.092547781993366399e-02
8.517873336254415673e-01 2.093342462044710944e-02
8.515034991257328656e-01 2.092661073898093374e-02
8.512197592059974616e-01 2.094069747598968981e-02
8.509361138347192322e-01 2.094735968952380484e-02
8.506525629803922683e-01 2.092174347873373974e-02
8.503691066115216524e-01 2.093691624960956205e-02
8.500857446966227915e-01 2.095305981334268444e-02
8.498024772042213071e-01 2.092948481110199627e-02
8.495193041028535896e-01 2.093905275752144454e-02
8.492362253610665768e-01 2.092282929964638105e-02
8.489532409474173091e-01 2.094589954796725884e-02
8.486703508304737076e-01 2.095815253108482962e-02
8.483875549788141290e-01 2.091744856634596833e-02
8.481048533610270335e-01 2.094100733266048356e-02
8.478222459457117610e-01 2.094361320919624347e-02
8.475397327014777549e-01 2.095355597049903748e-02
8.472573135969454494e-01 2.095632199535086768e-02
8.469749886007451600e-01 2.093442728307813930e-02
8.466927576815179712e-01 2.095460683460943080e-02
8.464106208079152927e-01 2.096736827837758152e-02
8.461285779485990810e-01 2.091152655646222325e-02
8.458466290722416181e-01 2.094149671494682091e-02
8.455647741475256218e-01 2.097804895761481644e-02
8.452830131431445793e-01 2.096637701943183246e-02
8.450013460278019695e-01 2.096100375210734057e-02
8.447197727702118186e-01 2.093433429622704872e-02
8.444382933390987001e-01 2.096872224403270590e-02
8.441569077031975121e-01 2.094095939798543485e-02
8.438756158312538114e-01 2.094022945784439552e-02
8.435944176920230353e-01 2.097880358942610934e-02
8.433133132542715016e-01 2.094370452328629326e-02
8.430323024867758530e-01 2.099620754719490334e-02
8.427513853583230574e-01 2.092773490891371851e-02
8.424705618377104077e-01 2.094559025123772858e-02
8.421898318937458550e-01 2.099802470440367136e-02
8.419091954952473422e-01 2.096838161968361466e-02
8.416286526110435817e-01 2.096112179440063131e-02
8.413482032099734997e-01 2.093024148728800035e-02
8.410678472608865697e-01 2.096274396013960567e-02
8.407875847326422569e-01 2.100332328149486297e-02
8.405074155941107961e-01 2.097198961841645337e-02
8.402273398141727467e-01 2.096488061437984385e-02
8.399473573617188826e-01 2.099266653679954589e-02
8.396674682056501915e-01 2.096431622441442127e-02
8.393876723148785413e-01 2.093078174665468846e-02
8.391079696583255698e-01 2.094374238271234229e-02
8.388283602049239063e-01 2.103488018433566364e-02
8.385488439236159497e-01 2.096894113811295993e-02
8.382694207833547573e-01 2.096949977628051812e-02
8.379900907531037113e-01 2.098489025193902777e-02
8.377108538018362971e-01 2.098155223524771767e-02
8.374317098985368801e-01 2.095806329238577431e-02
8.371526590121994849e-01 2.095646673336911195e-02
8.368737011118287938e-01 2.098362818242065220e-02
8.365948361664399258e-01 2.098122975662973164e-02
8.363160641450582133e-01 2.098782736199281476e-02
8.360373850167190923e-01 2.099337091584843606e-02
8.357587987504688787e-01 2.097101695849718991e-02
8.354803053153637693e-01 2.100338400009906653e-02
8.352019046804702862e-01 2.099544288216475055e-02
8.349235968148652764e-01 2.095037149034367774e-02
8.346453816876360232e-01 2.095662689407065335e-02
8.343672592678799127e-01 2.097179834974205459e-02
8.340892295247049892e-01 2.101327387300046950e-02
8.338112924272291782e-01 2.097480099776600354e-02
8.335334479445809519e-01 2.100893764586342014e-02
8.332556960458989970e-01 2.098479272252594743e-02
8.329780367003321029e-01 2.095482612261557326e-02
8.327004698770397173e-01 2.094282205633613350e-02
8.324229955451912799e-01 2.100778816280651426e-02
8.321456136739664444e-01 2.096629618010301815e-02
8.318683242325555227e-01 2.097455534492620802e-02
8.315911271901589297e-01 2.094712567051553592e-02
8.313140225159867391e-01 2.101107946689462561e-02
8.310370101792602382e-01 2.097007710659488586e-02
8.307600901492105949e-01 2.099756637232583559e-02
8.304832623950788584e-01 2.094610164660264118e-02
8.302065268861166247e-01 2.102407975504446205e-02
8.299298835915860373e-01 2.099734507013103005e-02
8.296533324807590093e-01 2.104815407389507009e-02
8.293768735229181122e-01 2.097931060951150825e-02
8.291005066873555762e-01 2.103234508838401629e-02
8.288242319433744010e-01 2.097171436138760975e-02
8.285480492602875779e-01 2.097360696257775589e-02
8.282719586074185347e-01 2.098220469395985568e-02
8.279959599541003579e-01 2.097272033830207411e-02
8.277200532696770141e-01 2.099320162836699338e-02
8.274442385235024622e-01 2.096742344072222500e-02
8.271685156849407639e-01 2.096254555950790438e-02
8.268928847233663060e-01 2.094965962984941810e-02
8.266173456081634674e-01 2.097807051053991040e-02
8.263418983087272851e-01 2.099433967848555321e-02
8.260665427944623440e-01 2.094081850524149788e-02
8.257912790347839982e-01 2.098282116025793412e-02
8.255161069991177047e-01 2.096687988634423835e-02
8.252410266568985797e-01 2.095925608148465485e-02
8.249660379775727304e-01 2.097967831592867372e-02
8.246911409305957008e-01 2.099191726565411559e-02
8.244163354854338044e-01 2.101292308621434055e-02
8.241416216115632354e-01 2.100196395350185236e-02
8.238669992784704021e-01 2.104162556431644557e-02
8.235924684556518161e-01 2.101967397601975027e-02
8.233180291126142025e-01 2.109250202650022124e-02
8.230436812188745010e-01 2.116403641037463076e-02
8.227694247439597541e-01 2.102220616763317632e-02
8.224952596574073294e-01 2.097950046034706764e-02
8.222211859287643643e-01 2.094693271593142669e-02
8.219472035275884325e-01 2.099639203236344093e-02
8.216733124234473218e-01 2.098876501432339961e-02
8.213995125859184787e-01 2.098889646232657280e-02
8.211258039845902301e-01 2.098606036218979287e-02
8.208521865890604507e-01 2.097760287049968073e-02
8.205786603689374514e-01 2.099978756737446231e-02
8.203052252938394240e-01 2.101230882277091427e-02
8.200318813333948853e-01 2.099704047673963195e-02
8.197586284572424553e-01 2.097073776050530775e-02
8.194854666350307459e-01 2.099423589999584866e-02
8.192123958364184722e-01 2.099701508240894854e-02
8.189394160310747850e-01 2.097436907472773754e-02
8.186665271886786055e-01 2.095839491038434255e-02
8.183937292789188467e-01 2.100359531006561892e-02
8.181210222714948577e-01 2.102104827811139554e-02
8.178484061361160906e-01 2.099530125885152448e-02
8.175758808425021007e-01 2.097715675227132190e-02
8.173034463603818800e-01 2.098061192483102397e-02
8.170311026594951898e-01 2.100874311228704411e-02
8.167588497095920053e-01 2.104729490723111079e-02
8.164866874804317387e-01 2.103995406764411213e-02
8.162146159417844604e-01 2.096946976866242290e-02
8.159426350634298997e-01 2.101633190869648185e-02
8.156707448151582218e-01 2.104318330555413757e-02
8.153989451667691402e-01 2.099442797666940461e-02
8.151272360880732482e-01 2.107720470899037898e-02
8.148556175488901321e-01 2.099000482755044444e-02
8.145840895190503694e-01 2.102790142852570265e-02
8.143126519683941966e-01 2.107576680649814529e-02
8.140413048667719531e-01 2.096708964505880277e-02
8.137700481840438593e-01 2.105085009163283616e-02
8.134988818900803498e-01 2.108280092798310232e-02
8.132278059547620730e-01 2.108428068774038586e-02
8.129568203479794475e-01 2.098323372907268461e-02
8.126859250396326617e-01 2.100251356294591948e-02
8.124151199996328954e-01 2.109131890410473678e-02
8.121444051979000989e-01 2.101365135124186670e-02
8.118737806043653249e-01 2.095640107791738732e-02
8.116032461889689520e-01 2.106991072097222362e-02
8.113328019216617948e-01 2.105140433209957973e-02
8.110624477724041048e-01 2.102531754415008086e-02
8.107921837111670138e-01 2.100543173746174247e-02
8.105220097079309793e-01 2.102258982301042148e-02
8.102519257326866731e-01 2.102328720454867822e-02
8.099819317554348697e-01 2.102912149516672144e-02
8.097120277461861138e-01 2.099119751962978675e-02
8.094422136749609420e-01 2.098702752959982071e-02
8.091724895117903271e-01 2.102337972364511434e-02
8.089028552267147898e-01 2.099132174869345127e-02
8.086333107897848427e-01 2.098632696055761221e-02
8.083638561710609904e-01 2.099224316389500244e-02
8.080944913406140628e-01 2.096016620924124121e-02
8.078252162685244375e-01 2.096612312411644599e-02
8.075560309248828172e-01 2.094554396488988723e-02
8.072869352797894527e-01 2.098615760331410882e-02
8.070179293033550305e-01 2.096148004701387652e-02
8.067490129656997855e-01 2.097005648109446715e-02
8.064801862369539442e-01 2.095122348052617586e-02
8.062114490872582806e-01 2.096851208338383274e-02
8.059428014867626722e-01 2.094677443209883722e-02
8.056742434056273217e-01 2.094605561225652834e-02
8.054057748140226458e-01 2.096216386238284810e-02
8.051373956821284983e-01 2.093334795843877424e-02
8.048691059801350578e-01 2.093759679458399511e-02
8.046009056782422730e-01 2.095045914556711852e-02
8.043327947466599737e-01 2.095902983387831417e-02
8.040647731556080924e-01 2.093841047624014559e-02
8.037968408753162208e-01 2.094282282552544297e-02
8.035289978760242757e-01 2.094524758131225545e-02
8.032612441279814997e-01 2.094492681161376491e-02
8.029935796014475713e-01 2.095427568362021389e-02
8.027260042666919393e-01 2.094593768422322450e-02
8.024585180939940443e-01 2.094459001344380761e-02
8.021911210536426529e-01 2.094526871018885517e-02
8.019238131159373006e-01 2.095063058656868732e-02
8.016565942511868492e-01 2.094428401120737929e-02
8.013894644297102632e-01 2.094043893511805809e-02
8.011224236218362771e-01 2.093114742044306989e-02
8.008554717979035065e-01 2.095040548778241002e-02
8.005886089282606699e-01 2.093949984541609161e-02
8.003218349832663669e-01 2.094493584538234879e-02
8.000551499332884120e-01 2.095406273047395115e-02
7.997885537487053886e-01 2.093821597181118668e-02
7.995220463999055394e-01 2.095399027518933879e-02
7.992556278572864326e-01 2.094078314045887124e-02
7.989892980912558507e-01 2.094949844691581034e-02
7.987230570722317902e-01 2.094311584105226429e-02
7.984569047706414624e-01 2.095005196282954951e-02
7.981908411569224038e-01 2.093858918945721084e-02
7.979248662015218096e-01 2.094317812742118798e-02
7.976589798748967564e-01 2.094230408275210564e-02
7.973931821475142012e-01 2.093175745482012476e-02
7.971274729898509825e-01 2.094999999470916266e-02
7.968618523723934866e-01 2.093723587797060443e-02
7.965963202656382025e-01 2.095547491014777136e-02
7.963308766400913896e-01 2.095046913147067397e-02
7.960655214662692991e-01 2.093617199999715794e-02
7.958002547146976191e-01 2.092727217475186599e-02
7.955350763559123628e-01 2.093345529442021402e-02
7.952699863604588693e-01 2.093564164036472788e-02
7.950049846988924696e-01 2.093310351603274236e-02
7.947400713417783757e-01 2.092900177182361807e-02
7.944752462596917919e-01 2.092807225365796858e-02
7.942105094232173590e-01 2.093131556939275065e-02
7.939458608029497100e-01 2.093094609401282419e-02
7.936813003694930257e-01 2.092883618868432785e-02
7.934168280934619233e-01 2.093066142729226725e-02
7.931524439454801234e-01 2.094377473442131030e-02
7.928881478961812279e-01 2.092479632200765910e-02
7.926239399162091637e-01 2.093958952266972151e-02
7.923598199762169614e-01 2.093150738398292035e-02
7.920957880468679768e-01 2.093160515363218233e-02
7.918318440988348916e-01 2.093208251298207465e-02
7.915679881028007125e-01 2.093061991485885634e-02
7.913042200294574391e-01 2.093603082575681840e-02
7.910405398495076179e-01 2.093960682691982031e-02
7.907769475336630105e-01 2.093305867024191497e-02
7.905134430526452594e-01 2.094583235969554522e-02
7.902500263771862210e-01 2.093473679485726921e-02
7.899866974780268558e-01 2.093244316706190794e-02
7.897234563259181161e-01 2.094257533219890874e-02
7.894603028916209464e-01 2.094063200809924072e-02
7.891972371459055058e-01 2.093701179483683367e-02
7.889342590595522786e-01 2.094350620372888161e-02
7.886713686033511861e-01 2.093163034492461286e-02
7.884085657481016973e-01 2.094352680196398878e-02
7.881458504646133845e-01 2.093083993325520545e-02
7.878832227237055896e-01 2.094080950615568107e-02
7.876206824962067587e-01 2.094392411303123286e-02
7.873582297529556628e-01 2.093666018474335533e-02
7.870958644648007319e-01 2.093831476668625569e-02
7.868335866025997216e-01 2.095168275557165657e-02
7.865713961372207130e-01 2.094637811836410485e-02
7.863092930395407798e-01 2.094895201339278326e-02
7.860472772804472097e-01 2.093333266230864784e-02
7.857853488308369494e-01 2.094808027435357545e-02
7.855235076616163825e-01 2.093908615016930666e-02
7.852617537437016626e-01 2.093822107079246903e-02
7.850000870480190462e-01 2.093826040470737199e-02
7.847385075455037828e-01 2.094425579151266981e-02
7.844770152071013358e-01 2.093540918118205404e-02
7.842156100037667166e-01 2.094525800370659885e-02
7.839542919064644844e-01 2.094318318189515582e-02
7.836930608861690795e-01 2.093863548272454495e-02
7.834319169138643790e-01 2.093895215235929211e-02
7.831708599605441412e-01 2.093998197344098047e-02
7.829098899972116721e-01 2.093600242210963761e-02
7.826490069948800476e-01 2.093796105236589433e-02
7.823882109245716698e-01 2.093710597098355150e-02
7.821275017573192656e-01 2.094093025862322002e-02
7.818668794641645547e-01 2.094226441113631459e-02
7.816063440161590270e-01 2.093719844930318208e-02
7.813458953843641641e-01 2.093706496970637945e-02
7.810855335398508847e-01 2.094036213182723372e-02
7.808252584536995444e-01 2.093856957220606094e-02
7.805650700970004907e-01 2.093807465000604301e-02
7.803049684408535080e-01 2.093832004157884438e-02
7.800449534563680398e-01 2.093793515336715705e-02
7.797850251146629663e-01 2.094056268106505789e-02
7.795251833868674929e-01 2.093826526013947351e-02
7.792654282441193736e-01 2.094058161659229783e-02
7.790057596575667986e-01 2.094002628816421518e-02
7.787461775983672840e-01 2.094009376592708208e-02
7.784866820376878938e-01 2.093903781785170018e-02
7.782272729467056838e-01 2.093874256144416177e-02
7.779679502966068139e-01 2.093915413929621841e-02
7.777087140585872138e-01 2.093974587723736874e-02
7.774495642038524723e-01 2.094041964602403813e-02
7.771905007036179480e-01 2.094234334086693752e-02
7.769315235291081034e-01 2.094126047987517752e-02
7.766726326515575041e-01 2.094090203966576108e-02
7.764138280422101523e-01 2.094239078099531873e-02
7.761551096723192655e-01 2.094240605676262260e-02
7.758964775131481639e-01 2.094214136401887846e-02
7.756379315359696047e-01 2.094209818196712120e-02
7.753794717120654489e-01 2.094491795840750306e-02
7.751210980127277717e-01 2.094407784625535937e-02
7.748628104092580848e-01 2.094583847176769570e-02
7.746046088729670043e-01 2.094635595399109082e-02
7.743464933751751378e-01 2.094562172878317724e-02
7.740884638872127521e-01 2.094646291520542089e-02
7.738305203804191068e-01 2.094929468874156750e-02
7.735726628261438975e-01 2.094876421259350002e-02
7.733148911957451466e-01 2.095014503934532549e-02
7.730572054605915344e-01 2.094999167091861000e-02
7.727996055920607343e-01 2.095137828694785403e-02
7.725420915615401896e-01 2.095372115703089330e-02
7.722846633404267802e-01 2.095493071106349983e-02
7.720273209001266013e-01 2.095768586410572815e-02
7.717700642120558507e-01 2.095994313672028611e-02
7.715128932476399415e-01 2.096371376274739143e-02
7.712558079783138343e-01 2.096479822494134657e-02
7.709988083755218158e-01 2.097198250272794273e-02
7.707418944107182757e-01 2.097915518662302192e-02
7.704850660553663744e-01 2.099798869123462378e-02
7.702283232809394864e-01 2.120875945524514430e-02
7.699716660589197570e-01 2.111834711788686605e-02
7.697150943607994344e-01 2.099529632531445950e-02
7.694586081580799819e-01 2.098011463665777968e-02
7.692022074222725214e-01 2.097369907129487815e-02
7.689458921248975010e-01 2.097141232080811796e-02
7.686896622374850274e-01 2.097116579950434115e-02
7.684335177315744225e-01 2.097070570870308501e-02
7.681774585787148890e-01 2.097164827028940096e-02
7.679214847504646224e-01 2.097714596684978339e-02
7.676655962183916992e-01 2.098282270625807452e-02
7.674097929540736329e-01 2.099137936383150410e-02
7.671540749290971517e-01 2.101334805964472779e-02
7.668984421150588648e-01 2.110628882598908004e-02
7.666428944835642634e-01 2.143482389820033918e-02
7.663874320062288303e-01 2.104109191212006486e-02
7.661320546546771526e-01 2.100222622752452237e-02
7.658767624005435870e-01 2.098789154200117121e-02
7.656215552154718162e-01 2.098006208785303459e-02
7.653664330711147379e-01 2.097544578440635465e-02
7.651113959391349084e-01 2.097065211786246913e-02
7.648564437912045433e-01 2.096892879837351786e-02
7.646015765990047397e-01 2.096535039860414687e-02
7.643467943342265869e-01 2.096032353008778909e-02
7.640920969685703890e-01 2.095901021072324455e-02
7.638374844737457758e-01 2.095725034544002052e-02
7.635829568214718144e-01 2.095888766698192698e-02
7.633285139834772304e-01 2.095795619115301336e-02
7.630741559315000755e-01 2.095419555342319801e-02
7.628198826372875052e-01 2.095185059707404748e-02
7.625656940725966670e-01 2.095170129655971741e-02
7.623115902091935903e-01 2.095256406479120009e-02
7.620575710188538521e-01 2.095262109781117349e-02
7.618036364733627996e-01 2.095653591955315073e-02
7.615497865445145509e-01 2.095092480093425219e-02
7.612960212041131047e-01 2.095289714509124615e-02
7.610423404239716749e-01 2.095165092312289631e-02
7.607887441759130231e-01 2.095543257694722217e-02
7.605352324317691259e-01 2.095276844452789375e-02
7.602818051633811747e-01 2.095080437446828620e-02
7.600284623426002417e-01 2.095226914524082190e-02
7.597752039412865033e-01 2.095516596541352472e-02
7.595220299313092394e-01 2.096079063944698145e-02
7.592689402845477220e-01 2.095549717589081581e-02
7.590159349728901050e-01 2.095353306609949728e-02
7.587630139682339792e-01 2.095883118085267033e-02
7.585101772424864830e-01 2.095217100068757707e-02
7.582574247675638590e-01 2.095493704388501355e-02
7.580047565153918976e-01 2.095277811137764845e-02
7.577521724579060480e-01 2.095694948300029850e-02
7.574996725670501974e-01 2.095727217762958366e-02
7.572472568147785577e-01 2.095711074080982769e-02
7.569949251730542228e-01 2.095044441742278246e-02
7.567426776138495015e-01 2.096111562180771881e-02
7.564905141091464724e-01 2.096106577619316277e-02
7.562384346309360961e-01 2.095780978196760611e-02
7.559864391512189918e-01 2.095634541998771597e-02
7.557345276420048830e-01 2.095892243099242019e-02
7.554827000753130406e-01 2.096317693252699663e-02
7.552309564231719508e-01 2.095806463624672045e-02
7.549792966576193143e-01 2.096123158857363458e-02
7.547277207507023800e-01 2.096010284567456985e-02
7.544762286744775004e-01 2.096610715556532223e-02
7.542248204010104651e-01 2.095612795261361100e-02
7.539734959023762784e-01 2.096302753236603533e-02
7.537222551506593815e-01 2.096291278517987966e-02
7.534710981179534306e-01 2.095951494976842910e-02
7.532200247763610745e-01 2.096814612684879536e-02
7.529690350979950653e-01 2.096215265098734168e-02
7.527181290549767034e-01 2.096970436156506828e-02
7.524673066194368376e-01 2.097872008345579367e-02
7.522165677635156422e-01 2.096147212691953574e-02
7.519659124593625066e-01 2.096670991879151860e-02
7.517153406791360348e-01 2.096888109507438411e-02
7.514648523950043790e-01 2.097159913092920894e-02
7.512144475791445730e-01 2.095921085416917184e-02
7.509641262037433096e-01 2.096089952346866583e-02
7.507138882409961633e-01 2.098245173415828890e-02
7.504637336631084787e-01 2.096907349567615417e-02
7.502136624422943711e-01 2.098839300250892118e-02
7.499636745507773927e-01 2.096631431545335073e-02
7.497137699607904215e-01 2.097383619334130048e-02
7.494639486445754395e-01 2.096196755780516813e-02
7.492142105743839764e-01 2.097765218529350217e-02
7.489645557224764438e-01 2.097490107869261558e-02
7.487149840611225793e-01 2.097626264726519529e-02
7.484654955626017792e-01 2.097733126750346913e-02
7.482160901992019886e-01 2.099866108235370205e-02
7.479667679432208116e-01 2.098363230657079512e-02
7.477175287669651782e-01 2.097460989306906484e-02
7.474683726427507890e-01 2.096073049569628990e-02
7.472192995429032258e-01 2.098533478844488015e-02
7.469703094397565080e-01 2.097376858935587687e-02
7.467214023056545358e-01 2.097193444240918678e-02
7.464725781129502025e-01 2.098825139839086487e-02
7.462238368340055050e-01 2.098231921551999349e-02
7.459751784411917663e-01 2.099385526265876850e-02
7.457266029068893021e-01 2.100039928704031111e-02
7.454781102034881979e-01 2.098587947109206708e-02
7.452297003033869771e-01 2.096608604762846897e-02
7.449813731789938220e-01 2.097587964213964984e-02
7.447331288027263518e-01 2.098337857551105246e-02
7.444849671470106234e-01 2.100003589413986307e-02
7.442368881842824635e-01 2.101146523773295485e-02
7.439888918869868029e-01 2.101850928732734020e-02
7.437409782275774539e-01 2.099872858936496084e-02
7.434931471785178880e-01 2.097449915143701979e-02
7.432453987122803474e-01 2.097336176112771580e-02
7.429977328013466220e-01 2.097824934945521566e-02
7.427501494182071617e-01 2.102269626531036439e-02
7.425026485353619643e-01 2.099725434299551038e-02
7.422552301253201312e-01 2.100967710734190363e-02
7.420078941605998679e-01 2.097987583511556897e-02
7.417606406137285946e-01 2.101268008570469567e-02
7.415134694572428353e-01 2.098033511065659426e-02
7.412663806636882180e-01 2.100971377795447792e-02
7.410193742056195854e-01 2.099607448498257145e-02
7.407724500556009950e-01 2.100533023721933013e-02
7.405256081862056083e-01 2.099691897148596095e-02
7.402788485700154686e-01 2.101189223223390995e-02
7.400321711796222779e-01 2.101173844329632528e-02
7.397855759876263981e-01 2.099069901212261696e-02
7.395390629666374060e-01 2.099750109809278911e-02
7.392926320892742043e-01 2.101426234469701282e-02
7.390462833281649102e-01 2.102072753051091591e-02
7.388000166559461901e-01 2.098375149017697727e-02
7.385538320452642580e-01 2.106469151179184152e-02
7.383077294687747649e-01 2.100070805776132338e-02
7.380617088991415775e-01 2.099891935541141341e-02
7.378157703090386654e-01 2.100555131888536334e-02
7.375699136711481030e-01 2.101838665310613516e-02
7.373241389581620675e-01 2.101832527238620824e-02
7.370784461427809520e-01 2.101636217945556176e-02
7.368328351977150303e-01 2.105945679839196782e-02
7.365873060956831253e-01 2.101060665370726305e-02
7.363418588094132744e-01 2.102674523116086075e-02
7.360964933116426190e-01 2.100683302768575553e-02
7.358512095751176263e-01 2.099237879107192228e-02
7.356060075725934233e-01 2.102226407037888559e-02
7.353608872768343518e-01 2.097987075652702274e-02
7.351158486606140796e-01 2.106292149293251259e-02
7.348708916967152671e-01 2.099677356943044360e-02
7.346260163579291236e-01 2.101985571649949910e-02
7.343812226170567392e-01 2.100537203977546202e-02
7.341365104469077529e-01 2.098800977755388431e-02
7.338918798203009075e-01 2.099738607449666908e-02
7.336473307100641605e-01 2.103132263054604406e-02
7.334028630890344624e-01 2.104212954139159791e-02
7.331584769300577564e-01 2.099249594342401243e-02
7.329141722059890895e-01 2.105797733997336746e-02
7.326699488896923906e-01 2.098366553881350974e-02
7.324258069540410254e-01 2.100676702543514962e-02
7.321817463719170194e-01 2.101470186338653262e-02
7.319377671162116128e-01 2.107020526411906847e-02
7.316938691598248168e-01 2.102353686244408035e-02
7.314500524756663014e-01 2.104467183590019025e-02
7.312063170366540632e-01 2.108323784358394695e-02
7.309626628157153139e-01 2.099953244855343182e-02
7.307190897857867018e-01 2.107188756822318126e-02
7.304755979198134241e-01 2.104044904394731380e-02
7.302321871907497819e-01 2.108416975992211118e-02
7.299888575715591799e-01 2.097920407169709400e-02
7.297456090352141267e-01 2.106246594816398379e-02
7.295024415546957908e-01 2.103733022941554898e-02
7.292593551029947774e-01 2.104725063038228455e-02
7.290163496531103515e-01 2.101856754195276580e-02
7.287734251780508821e-01 2.096738089553087936e-02
7.285305816508339527e-01 2.100029401745564725e-02
7.282878190444858069e-01 2.100403690282079058e-02
7.280451373320416808e-01 2.102443631978653110e-02
7.278025364865461366e-01 2.105659642812928584e-02
7.275600164810523962e-01 2.102483156318600208e-02
7.273175772886227852e-01 2.101224241541104626e-02
7.270752188823286222e-01 2.101671885504605847e-02
7.268329412352501073e-01 2.101629599217793437e-02
7.265907443204766558e-01 2.103721337474844313e-02
7.263486281111062315e-01 2.107132463775631195e-02
7.261065925802461241e-01 2.103539081083623599e-02
7.258646377010122830e-01 2.102873679954398584e-02
7.256227634465300946e-01 2.105517969051773353e-02
7.253809697899333830e-01 2.106447454886019310e-02
7.251392567043652981e-01 2.101305663844555208e-02
7.248976241629775386e-01 2.104000014689973164e-02
7.246560721389311288e-01 2.106049663742593989e-02
7.244146006053959752e-01 2.098736968546629361e-02
7.241732095355508658e-01 2.106171736337559067e-02
7.239318989025832485e-01 2.103270885353066347e-02
7.236906686796898969e-01 2.104865507789068987e-02
7.234495188400765775e-01 2.102717951606122501e-02
7.232084493569574946e-01 2.102763787008226151e-02
7.229674602035562891e-01 2.104226233766364265e-02
7.227265513531052621e-01 2.101312860333567206e-02
7.224857227788455960e-01 2.102621868007592890e-02
7.222449744540274663e-01 2.101152405205725104e-02
7.220043063519101523e-01 2.104706475969352758e-02
7.217637184457614818e-01 2.101784836973175086e-02
7.215232107088584979e-01 2.101618289437312201e-02
7.212827831144869029e-01 2.103580263029748709e-02
7.210424356359416143e-01 2.103506279335689080e-02
7.208021682465259872e-01 2.105769507495424547e-02
7.205619809195528136e-01 2.105007276692224746e-02
7.203218736283433232e-01 2.107842561199385970e-02
7.200818463462278496e-01 2.102523801674886436e-02
7.198418990465456080e-01 2.101271824062002705e-02
7.196020317026446955e-01 2.107126618683007047e-02
7.193622442878819800e-01 2.102839766154501397e-02
7.191225367756234332e-01 2.100450482825011456e-02
7.188829091392436865e-01 2.108000900117308965e-02
7.186433613521261421e-01 2.106531961856222476e-02
7.184038933876636390e-01 2.103004562616825682e-02
7.181645052192571210e-01 2.101720060513579888e-02
7.179251968203169687e-01 2.108735995173073238e-02
7.176859681642622224e-01 2.103749419362244133e-02
7.174468192245205822e-01 2.108115793776104904e-02
7.172077499745290741e-01 2.106786870714165080e-02
7.169687603877330506e-01 2.110548693711047225e-02
7.167298504375871904e-01 2.115967577255103982e-02
7.164910200975546095e-01 2.107059774240264277e-02
7.162522693411075281e-01 2.100629536790341728e-02
7.160135981417269369e-01 2.104466222661737981e-02
7.157750064729025974e-01 2.101156161253529137e-02
7.155364943081331530e-01 2.097986547389926737e-02
7.152980616209261289e-01 2.100568489618242010e-02
7.150597083847978208e-01 2.099543497023038940e-02
7.148214345732734065e-01 2.098825313525075342e-02
7.145832401598867234e-01 2.098270307536183321e-02
7.143451251181804906e-01 2.100675521356238154e-02
7.141070894217065312e-01 2.098297541074347836e-02
7.138691330440251059e-01 2.098117888585481622e-02
7.136312559587055793e-01 2.098506703440762566e-02
7.133934581393257535e-01 2.098598989289743658e-02
7.131557395594725346e-01 2.100073861748288570e-02
7.129181001927415995e-01 2.098084120053717028e-02
7.126805400127373957e-01 2.101562870000844505e-02
7.124430589930729196e-01 2.098415238810737507e-02
7.122056571073703823e-01 2.099389692644890865e-02
7.119683343292605437e-01 2.098215131611718895e-02
7.117310906323830455e-01 2.098887946559578263e-02
7.114939259903861890e-01 2.097008339656174572e-02
7.112568403769271574e-01 2.098831937258508612e-02
7.110198337656719048e-01 2.099687505964728529e-02
7.107829061302951557e-01 2.098857531571806864e-02
7.105460574444802946e-01 2.097024376349950620e-02
7.103092876819195878e-01 2.098654492113627076e-02
7.100725968163140722e-01 2.098487893634892049e-02
7.098359848213735557e-01 2.097522415455541078e-02
7.095994516708166167e-01 2.100130531420450752e-02
7.093629973383703824e-01 2.098570938816536613e-02
7.091266217977711950e-01 2.099529401627912503e-02
7.088903250227635011e-01 2.097612495330769197e-02
7.086541069871010734e-01 2.096686174016932497e-02
7.084179676645461221e-01 2.097021198672231745e-02
7.081819070288698503e-01 2.101149097977384264e-02
7.079459250538518988e-01 2.097575528331496048e-02
7.077100217132806792e-01 2.098108648416639396e-02
7.074741969809537068e-01 2.100523260943939000e-02
7.072384508306768236e-01 2.097341636731923920e-02
7.070027832362646425e-01 2.096890098404610367e-02
7.067671941715406581e-01 2.101317511066104829e-02
7.065316836103372466e-01 2.097620548550745145e-02
7.062962515264950003e-01 2.098177848535400306e-02
7.060608978938637259e-01 2.098252250120116735e-02
7.058256226863015570e-01 2.097963546706514693e-02
7.055904258776756199e-01 2.097776058134443594e-02
7.053553074418615898e-01 2.100432258904769492e-02
7.051202673527439124e-01 2.098447790273391678e-02
7.048853055842158044e-01 2.098059810897288588e-02
7.046504221101790311e-01 2.099564380732144020e-02
7.044156169045442395e-01 2.097648394125122689e-02
7.041808899412304035e-01 2.099307468147701763e-02
7.039462411941656006e-01 2.098244296666193498e-02
7.037116706372864572e-01 2.097881818519679170e-02
7.034771782445382593e-01 2.096684653582420871e-02
7.032427639898749527e-01 2.098877330276268174e-02
7.030084278472590320e-01 2.099748089768656983e-02
7.027741697906622065e-01 2.099651362687340525e-02
7.025399897940640681e-01 2.098073525777210263e-02
7.023058878314535347e-01 2.098215052651074275e-02
7.020718638768278508e-01 2.097713400332412714e-02
7.018379179041931426e-01 2.100095409687296327e-02
7.016040498875639742e-01 2.097067332545214657e-02
7.013702598009635691e-01 2.100569679483583682e-02
7.011365476184239220e-01 2.097258835026078946e-02
7.009029133139860201e-01 2.097875865779926657e-02
7.006693568616987333e-01 2.099675992700754737e-02
7.004358782356201463e-01 2.097484079884866931e-02
7.002024774098167814e-01 2.098791106743454898e-02
6.999691543583639319e-01 2.099071742707646696e-02
6.997359090553455507e-01 2.097275930523001541e-02
6.995027414748538064e-01 2.098447344386390051e-02
6.992696515909900823e-01 2.097963000575323728e-02
6.990366393778640886e-01 2.098729776417333423e-02
6.988037048095941950e-01 2.098598045403860662e-02
6.985708478603073202e-01 2.096911746772468083e-02
6.983380685041392644e-01 2.097727662294754380e-02
6.981053667152341546e-01 2.096794568551187468e-02
6.978727424677447777e-01 2.097845119169607433e-02
6.976401957358329131e-01 2.097458744490093840e-02
6.974077264936683340e-01 2.097279832592466309e-02
6.971753347154296954e-01 2.098082176665375456e-02
6.969430203753046449e-01 2.096781199451734634e-02
6.967107834474888239e-01 2.097772685251426961e-02
6.964786239061866446e-01 2.097932661137133156e-02
6.962465417256114009e-01 2.099493390655563646e-02
6.960145368799847132e-01 2.098707062130192660e-02
6.957826093435367509e-01 2.100256833898835399e-02
6.955507590905065651e-01 2.098002719221098503e-02
6.953189860951415335e-01 2.099390406768077838e-02
6.950872903316974716e-01 2.098924441722381518e-02
6.948556717744392985e-01 2.099867354260379765e-02
6.946241303976400383e-01 2.099490603323226484e-02
6.943926661755814855e-01 2.101441113478770203e-02
6.941612790825538726e-01 2.101226833227733126e-02
6.939299690928563136e-01 2.099690596258298875e-02
6.936987361807959163e-01 2.098653531174058534e-02
6.934675803206890032e-01 2.102772436489307867e-02
6.932365014868600017e-01 2.103130031924989318e-02
6.930054996536421097e-01 2.100155208055485417e-02
6.927745747953768518e-01 2.100116115408646317e-02
6.925437268864147455e-01 2.106234892536245490e-02
6.923129559011143019e-01 2.106195776077330467e-02
6.920822618138429139e-01 2.103388621817025433e-02
6.918516445989765229e-01 2.100534674846732397e-02
6.916211042308996193e-01 2.099882047965223250e-02
6.913906406840047980e-01 2.098711089013733516e-02
6.911602539326939798e-01 2.097563598059407758e-02
6.909299439513767460e-01 2.098159906093954516e-02
6.906997107144718928e-01 2.097081630706146976e-02
6.904695541964063210e-01 2.098780298911823161e-02
6.902394743716157022e-01 2.097523802890374073e-02
6.900094712145442566e-01 2.096942950551145685e-02
6.897795446996443092e-01 2.096870426593710340e-02
6.895496948013771776e-01 2.097102299239760742e-02
6.893199214942123954e-01 2.097032150893917216e-02
6.890902247526280444e-01 2.096717561031982008e-02
6.888606045511109777e-01 2.096827885548059253e-02
6.886310608641562636e-01 2.096798134363921096e-02
6.884015936662674084e-01 2.096787103008104780e-02
6.881722029319568001e-01 2.096785593541344514e-02
6.879428886357448203e-01 2.097276389103355093e-02
6.877136507521607323e-01 2.097831453184106909e-02
6.874844892557421261e-01 2.096487246422453973e-02
6.872554041210350295e-01 2.096535026722463543e-02
6.870263953225941300e-01 2.096623151130877147e-02
6.867974628349823307e-01 2.096774198218071678e-02
6.865686066327714165e-01 2.096512638287134633e-02
6.863398266905411660e-01 2.096829020747139824e-02
6.861111229828802394e-01 2.096429307989359364e-02
6.858824954843852906e-01 2.096591103260293798e-02
6.856539441696620774e-01 2.096472667969273215e-02
6.854254690133242400e-01 2.096531876665276573e-02
6.851970699899943007e-01 2.096469626354472565e-02
6.849687470743027751e-01 2.096655061170985337e-02
6.847405002408890606e-01 2.096784332361113778e-02
6.845123294644008816e-01 2.096621812124143877e-02
6.842842347194943997e-01 2.096564984772331455e-02
6.840562159808339926e-01 2.096827714363161746e-02
6.838282732230929195e-01 2.096669318338709523e-02
6.836004064209525444e-01 2.096682048742752949e-02
6.833726155491028909e-01 2.096529495025549125e-02
6.831449005822419762e-01 2.096785859651230724e-02
6.829172614950770326e-01 2.096836957364313359e-02
6.826896982623228416e-01 2.096667145972565260e-02
6.824622108587031777e-01 2.096733681306318584e-02
6.822347992589502530e-01 2.096853770289581684e-02
6.820074634378041623e-01 2.096866172533539546e-02
6.817802033700141040e-01 2.097182457494868937e-02
6.815530190303372704e-01 2.096874342574991598e-02
6.813259103935394023e-01 2.096802674492186450e-02
6.810988774343945673e-01 2.096839308569919610e-02
6.808719201276852706e-01 2.096988096875096116e-02
6.806450384482025662e-01 2.096923981264507339e-02
6.804182323707455016e-01 2.096799623821549857e-02
6.801915018701221172e-01 2.097001350022418761e-02
6.799648469211483359e-01 2.097067524841739888e-02
6.797382674986488516e-01 2.096899631433828820e-02
6.795117635774562403e-01 2.097078265761621180e-02
6.792853351324121824e-01 2.096994988719672048e-02
6.790589821383659075e-01 2.097094672217792929e-02
6.788327045701757489e-01 2.097126835964997424e-02
6.786065024027081449e-01 2.097033775349350579e-02
6.783803756108378602e-01 2.097159776710067619e-02
6.781543241694479862e-01 2.097090539156664171e-02
6.779283480534301631e-01 2.097200103209681879e-02
6.777024472376842468e-01 2.097258220378271990e-02
6.774766216971185306e-01 2.097207824177578506e-02
6.772508714066495239e-01 2.097229248641308344e-02
6.770251963412023954e-01 2.097237118941152126e-02
6.767995964757105298e-01 2.097262441780621545e-02
6.765740717851154162e-01 2.097216163180908033e-02
6.763486222443672036e-01 2.097279407410222382e-02
6.761232478284243674e-01 2.097323023113919702e-02
6.758979485122535991e-01 2.097312353501088605e-02
6.756727242708299164e-01 2.097363050762599684e-02
6.754475750791368860e-01 2.097391130570797416e-02
6.752225009121660682e-01 2.097293498838273887e-02
6.749975017449176828e-01 2.097300422343068016e-02
6.747725775524002767e-01 2.097530959984288471e-02
6.745477283096302790e-01 2.097481169896909386e-02
6.743229539916330006e-01 2.097478257470567972e-02
6.740982545734418574e-01 2.097683963077471778e-02
6.738736300300984805e-01 2.097672023859654955e-02
6.736490803366528279e-01 2.097624385539763672e-02
6.734246054681635174e-01 2.097494028743734570e-02
6.732002053996968272e-01 2.097761748702664519e-02
6.729758801063279172e-01 2.097786095816544724e-02
6.727516295631401633e-01 2.097785675864997229e-02
6.725274537452250456e-01 2.097668211362139004e-02
6.723033526276824823e-01 2.097732673518511864e-02
6.720793261856206069e-01 2.097891976548548268e-02
6.718553743941557688e-01 2.097784655215237729e-02
6.716314972284129770e-01 2.097801397205300775e-02
6.714076946635250120e-01 2.097796496571017327e-02
6.711839666746335364e-01 2.098048527987726730e-02
6.709603132368877620e-01 2.097996578058640427e-02
6.707367343254460046e-01 2.097799092775447585e-02
6.705132299154741293e-01 2.098324306893215030e-02
6.702897999821466613e-01 2.098053094761117426e-02
6.700664445006464520e-01 2.098035661465129376e-02
6.698431634461642359e-01 2.098127416934056355e-02
6.696199567938996289e-01 2.098329129665463949e-02
6.693968245190599076e-01 2.098129110028846417e-02
6.691737665968608972e-01 2.098458409860503096e-02
6.689507830025266388e-01 2.098457872437323526e-02
6.687278737112896110e-01 2.098168200862235433e-02
6.685050386983900639e-01 2.098114023914215281e-02
6.682822779390769075e-01 2.098597213906701342e-02
6.680595914086073783e-01 2.098586255381743385e-02
6.678369790822465957e-01 2.098607781013193951e-02
6.676144409352681164e-01 2.098165396162210775e-02
6.673919769429538240e-01 2.098880132589693928e-02
6.671695870805934847e-01 2.098366315536224699e-02
6.669472713234856354e-01 2.098714961396934767e-02
6.667250296469365844e-01 2.098705962443904449e-02
6.665028620262610781e-01 2.098701994703430079e-02
6.662807684367821892e-01 2.099001231219731201e-02
6.660587488538308731e-01 2.098501333444741448e-02
6.658368032527465230e-01 2.098975620310507967e-02
6.656149316088768586e-01 2.099032862188008122e-02
6.653931338975777043e-01 2.098739162636340319e-02
6.651714100942128782e-01 2.098786927892644719e-02
6.649497601741547470e-01 2.098772032780329977e-02
6.647281841127837820e-01 2.099119048293557332e-02
6.645066818854886703e-01 2.098663494883167696e-02
6.642852534676659815e-01 2.099675185809345840e-02
6.640638988347210558e-01 2.099035200588082739e-02
6.638426179620670053e-01 2.099011734802168350e-02
6.636214108251252686e-01 2.098910617002221896e-02
6.634002773993253887e-01 2.099616855077495250e-02
6.631792176601052358e-01 2.099300736361898317e-02
6.629582315829110062e-01 2.099431611567803210e-02
6.627373191431965571e-01 2.099574260754659763e-02
6.625164803164244054e-01 2.099261063417622031e-02
6.622957150780649505e-01 2.099162003544752589e-02
6.620750234035970294e-01 2.099329467758150047e-02
6.618544052685074730e-01 2.099471536833009272e-02
6.616338606482913276e-01 2.099220895643254953e-02
6.614133895184518552e-01 2.100251159367221704e-02
6.611929918545003115e-01 2.099850452394407679e-02
6.609726676319562788e-01 2.099163584105654887e-02
6.607524168263474440e-01 2.099767204249490538e-02
6.605322394132097097e-01 2.099134466437748217e-02
6.603121353680868610e-01 2.100230638404560618e-02
6.600921046665313430e-01 2.100118920352546728e-02
6.598721472841032609e-01 2.100117613936000605e-02
6.596522631963710470e-01 2.099677786710438601e-02
6.594324523789114600e-01 2.099542787070383248e-02
6.592127148073089193e-01 2.099478554593797383e-02
6.589930504571565040e-01 2.099623484627149983e-02
6.587734593040550646e-01 2.100902776037454761e-02
6.585539413236138895e-01 2.100460892920019348e-02
6.583344964914500386e-01 2.100252705057814237e-02
6.581151247831888984e-01 2.099615593724277196e-02
6.578958261744640712e-01 2.099684946961528909e-02
6.576766006409170418e-01 2.101291048891346797e-02
6.574574481581976215e-01 2.101204475660043564e-02
6.572383687019635046e-01 2.100266408457922979e-02
6.570193622478808226e-01 2.100567496986755975e-02
6.568004287716235901e-01 2.100282713844537144e-02
6.565815682488740368e-01 2.100737969897874952e-02
6.563627806553221644e-01 2.100228029067143648e-02
6.561440659666665232e-01 2.100046551099516920e-02
6.559254241586136569e-01 2.100775274594819664e-02
6.557068552068779921e-01 2.100317837099260898e-02
6.554883590871821708e-01 2.100946089509420425e-02
6.552699357752570508e-01 2.100041106057873308e-02
6.550515852468414835e-01 2.100526628696840897e-02
6.548333074776822027e-01 2.099975425344530189e-02
6.546151024435341581e-01 2.100573754142145630e-02
6.543969701201608480e-01 2.100278538018187854e-02
6.541789104833329871e-01 2.099852556199261616e-02
6.539609235088300609e-01 2.100384883303491740e-02
6.537430091724391046e-01 2.100455571379640507e-02
6.535251674499558128e-01 2.100551130340318901e-02
6.533073983171833188e-01 2.100057237080813627e-02
6.530897017499333046e-01 2.100222799525057818e-02
6.528720777240252238e-01 2.100450569639450774e-02
6.526545262152868565e-01 2.100736638902418393e-02
6.524370471995536436e-01 2.101261030376146491e-02
6.522196406526693524e-01 2.101552488692812193e-02
6.520023065504857440e-01 2.102703466425473455e-02
6.517850448688627951e-01 2.102372592230556184e-02
6.515678555836681429e-01 2.101625703101044074e-02
6.513507386707778624e-01 2.100647736223142450e-02
6.511336941060757999e-01 2.100472743981509835e-02
6.509167218654539067e-01 2.100198233230567493e-02
6.506998219248123494e-01 2.100249125675713105e-02
6.504829942600589554e-01 2.100827742708705898e-02
6.502662388471098787e-01 2.100364470850048931e-02
6.500495556618891557e-01 2.100523129541847014e-02
6.498329446803290388e-01 2.101157941106581578e-02
6.496164058783695516e-01 2.100535650639713883e-02
6.493999392319588226e-01 2.101297403309668882e-02
6.491835447170529738e-01 2.101398588536591144e-02
6.489672223096164538e-01 2.101189178267293817e-02
6.487509719856212609e-01 2.101209965936806992e-02
6.485347937210474978e-01 2.102109551164109066e-02
6.483186874918834830e-01 2.101038311775053902e-02
6.481026532741254176e-01 2.101946870620954866e-02
6.478866910437773852e-01 2.101442855047191971e-02
6.476708007768517961e-01 2.103005365506227173e-02
6.474549824493686101e-01 2.102253447710697790e-02
6.472392360373561138e-01 2.101563514144712264e-02
6.470235615168504761e-01 2.102570197380545722e-02
6.468079588638957489e-01 2.103147655576208599e-02
6.465924280545443104e-01 2.103851551395256175e-02
6.463769690648558663e-01 2.100922766742541539e-02
6.461615818708988934e-01 2.102886311895886193e-02
6.459462664487493067e-01 2.102220543986180190e-02
6.457310227744910147e-01 2.101395820064884401e-02
6.455158508242163640e-01 2.102816463698334304e-02
6.453007505740249172e-01 2.101499186211110495e-02
6.450857220000248970e-01 2.101502899520979809e-02
6.448707650783320755e-01 2.101179212898903262e-02
6.446558797850702183e-01 2.101805798402129472e-02
6.444410660963714177e-01 2.101701177805484488e-02
6.442263239883753156e-01 2.101652895513109534e-02
6.440116534372294366e-01 2.101473020777080286e-02
6.437970544190897426e-01 2.100954501682436582e-02
6.435825269101196344e-01 2.101414228041992988e-02
6.433680708864908393e-01 2.101610524435577193e-02
6.431536863243826341e-01 2.101075609888411119e-02
6.429393731999826223e-01 2.101029436289176058e-02
6.427251314894860679e-01 2.101423453006797185e-02
6.425109611690963396e-01 2.101149320237868934e-02
6.422968622150245777e-01 2.101255433418132423e-02
6.420828346034901379e-01 2.101321402761460039e-02
6.418688783107198148e-01 2.101300284646053299e-02
6.416549933129487293e-01 2.101281926613140019e-02
6.414411795864198851e-01 2.101295494937377786e-02
6.412274371073840573e-01 2.101210532518375113e-02
6.410137658521000148e-01 2.101592979697339963e-02
6.408001657968342979e-01 2.101361669282325942e-02
6.405866369178616626e-01 2.101360270870511471e-02
6.403731791914645255e-01 2.101324680833632774e-02
6.401597925939331857e-01 2.101499970519958571e-02
6.399464771015658249e-01 2.101376769921537921e-02
6.397332326906689515e-01 2.101462261407957902e-02
6.395200593375564013e-01 2.101672993095804465e-02
6.393069570185502259e-01 2.101553960100102994e-02
6.390939257099801374e-01 2.101564218724158786e-02
6.388809653881840633e-01 2.101589241942524930e-02
6.386680760295074810e-01 2.101673418718886382e-02
6.384552576103039723e-01 2.101865433254530152e-02
6.382425101069350015e-01 2.101702688426538429e-02
6.380298334957696937e-01 2.101815660703754141e-02
6.378172277531852785e-01 2.101598524985892266e-02
6.376046928555667570e-01 2.101691138826811481e-02
6.373922287793069019e-01 2.102039568236435327e-02
6.371798355008065906e-01 2.101718213313362449e-02
6.369675129964743610e-01 2.101804226020073663e-02
6.367552612427268555e-01 2.101685051251162353e-02
6.365430802159880441e-01 2.101742317344125824e-02
6.363309698926904456e-01 2.101907121685176252e-02
6.361189302492740172e-01 2.101861886210141389e-02
6.359069612621864875e-01 2.101838437416035307e-02
6.356950629078839121e-01 2.101877089094502521e-02
6.354832351628295628e-01 2.101917756847426072e-02
6.352714780034950381e-01 2.101998096882497918e-02
6.350597914063595972e-01 2.101904342461224581e-02
6.348481753479101597e-01 2.102115657078796121e-02
6.346366298046419718e-01 2.102026430988150965e-02
6.344251547530576074e-01 2.102127302119839725e-02
6.342137501696675228e-01 2.102108165154523145e-02
6.340024160309905010e-01 2.102192090722135656e-02
6.337911523135526526e-01 2.102195674523014285e-02
6.335799589938879706e-01 2.102307680606570889e-02
6.333688360485384417e-01 2.102392795216004653e-02
6.331577834540537131e-01 2.102242411319141940e-02
6.329468011869913147e-01 2.102397017574189966e-02
6.327358892239166588e-01 2.102386877741217047e-02
6.325250475414028184e-01 2.102589525153701969e-02
6.323142761160307490e-01 2.102470288042776816e-02
6.321035749243891777e-01 2.102501181302173644e-02
6.318929439430748252e-01 2.102579149400772562e-02
6.316823831486918506e-01 2.102458710622231997e-02
6.314718925178526288e-01 2.102536284481190676e-02
6.312614720271768620e-01 2.102479020683032870e-02
6.310511216532923573e-01 2.102530590591644710e-02
6.308408413728348041e-01 2.102553876660629914e-02
6.306306311624472194e-01 2.102599939756053318e-02
6.304204909987808358e-01 2.102595132865756403e-02
6.302104208584947687e-01 2.102617051662019482e-02
6.300004207182552385e-01 2.102737035095312082e-02
6.297904905547370147e-01 2.102684297052540702e-02
6.295806303446220831e-01 2.102809643370133832e-02
6.293708400646004231e-01 2.102818039469568981e-02
6.291611196913698967e-01 2.102838642059825028e-02
6.289514692016360264e-01 2.102841736235873393e-02
6.287418885721118844e-01 2.102988984470938530e-02
6.285323777795186473e-01 2.102940537971090262e-02
6.283229368005851523e-01 2.103090610361535093e-02
6.281135656120477861e-01 2.102913966212234531e-02
6.279042641906508182e-01 2.103444104358929631e-02
6.276950325131464004e-01 2.103184862097219957e-02
6.274858705562942340e-01 2.103315329099107733e-02
6.272767782968619033e-01 2.103339972134925934e-02
6.270677557116246525e-01 2.103286025672652937e-02
6.268588027773654980e-01 2.103709432686595715e-02
6.266499194708751164e-01 2.103395752170602456e-02
6.264411057689520668e-01 2.103337859713127686e-02
6.262323616484026800e-01 2.103430218884736608e-02
6.260236870860406144e-01 2.103551960050189032e-02
6.258150820586877439e-01 2.103544836920968192e-02
6.256065465431732697e-01 2.103427121257374008e-02
6.253980805163343870e-01 2.103420306625370176e-02
6.251896839550160623e-01 2.103496008380390317e-02
6.249813568360705895e-01 2.103563676228486709e-02
6.247730991363584785e-01 2.103595751496951244e-02
6.245649108327474552e-01 2.103534278946846137e-02
6.243567919021134616e-01 2.103559607100660353e-02
6.241487423213395447e-01 2.103613646388836564e-02
6.239407620673171895e-01 2.103647060225934812e-02
6.237328511169447642e-01 2.103683780752302682e-02
6.235250094471289639e-01 2.103679571606583212e-02
6.233172370347840330e-01 2.103731230847603537e-02
6.231095338568317654e-01 2.103752371473117597e-02
6.229018998902016158e-01 2.103811864397908682e-02
6.226943351118310321e-01 2.103841957773270113e-02
6.224868394986646791e-01 2.103882205239329672e-02
6.222794130276554370e-01 2.103916083923551214e-02
6.220720556757635133e-01 2.103940905270565431e-02
6.218647674199567765e-01 2.103988767518876965e-02
6.216575482372109773e-01 2.104005831211957014e-02
6.214503981045095271e-01 2.104058206915707108e-02
6.212433169988431647e-01 2.104087554479808567e-02
6.210363048972107336e-01 2.104137146074309961e-02
6.208293617766185157e-01 2.104163419821709902e-02
6.206224876140803426e-01 2.104235377957625053e-02
6.204156823866181503e-01 2.104270005186596390e-02
6.202089460712610913e-01 2.104293176458674891e-02
6.200022786450458678e-01 2.104354049723989109e-02
6.197956800850176196e-01 2.104378405306800773e-02
6.195891503682281476e-01 2.104418172083999047e-02
6.193826894717374687e-01 2.104454856619143374e-02
6.191762973726132602e-01 2.104498536878791903e-02
6.189699740479305268e-01 2.104541095513224810e-02
6.187637194747722669e-01 2.104569268915776337e-02
6.185575336302289173e-01 2.104638899326006368e-02
6.183514164913983535e-01 2.104706186348537927e-02
6.181453680353865554e-01 2.104710378862072184e-02
6.179393882393067194e-01 2.104759905658390440e-02
6.177334770802799246e-01 2.104807490837130174e-02
6.175276345354346885e-01 2.104846225025826592e-02
6.173218605819074112e-01 2.104891781043388699e-02
6.171161551968417092e-01 2.104937332812400683e-02
6.169105183573891926e-01 2.105000480251320583e-02
6.167049500407089102e-01 2.105041842705439314e-02
6.164994502239675711e-01 2.105074634344532639e-02
6.162940188843394340e-01 2.105130033287285277e-02
6.160886559990064182e-01 2.105148243076793851e-02
6.158833615451579924e-01 2.105196084445123614e-02
6.156781354999911748e-01 2.105258865046083852e-02
6.154729778407109775e-01 2.105325467978661977e-02
6.152678885445294066e-01 2.105343691668979528e-02
6.150628675886664620e-01 2.105434338414692227e-02
6.148579149503496932e-01 2.105495868542964916e-02
6.146530306068139771e-01 2.105527473512230907e-02
6.144482145353021840e-01 2.105558765724745499e-02
6.142434667130645121e-01 2.105618163274629653e-02
6.140387871173585976e-01 2.105648864376937629e-02
6.138341757254500708e-01 2.105691181800464773e-02
6.136296325146118891e-01 2.105775458236690961e-02
6.134251574621244485e-01 2.105823979275069785e-02
6.132207505452760277e-01 2.105882384221276563e-02
6.130164117413621216e-01 2.105900964366438921e-02
6.128121410276862191e-01 2.106007520234194630e-02
6.126079383815590251e-01 2.106027632630060389e-02
6.124038037802987944e-01 2.106082619576798640e-02
6.121997372012316641e-01 2.106147013713174920e-02
6.119957386216910988e-01 2.106206250818986811e-02
6.117918080190181129e-01 2.106293103020209431e-02
6.115879453705611590e-01 2.106356584126208367e-02
6.113841506536765724e-01 2.106400239824552517e-02
6.111804238457280158e-01 2.106413118721984015e-02
6.109767649240865905e-01 2.106492360502903657e-02
6.107731738661311693e-01 2.106619373838554410e-02
6.105696506492480635e-01 2.106644695286482433e-02
6.103661952508311339e-01 2.106651067360250720e-02
6.101628076482815688e-01 2.106694317562205279e-02
6.099594878190085501e-01 2.106856218982559523e-02
6.097562357404283651e-01 2.106983837928013553e-02
6.095530513899649616e-01 2.106976011623885175e-02
6.093499347450499481e-01 2.107056983082215840e-02
6.091468857831222605e-01 2.107147585240150278e-02
6.089439044816282731e-01 2.107111300478197238e-02
6.087409908180222429e-01 2.107202211303945555e-02
6.085381447697656432e-01 2.107397803399624348e-02
6.083353663143274970e-01 2.107354265055587025e-02
6.081326554291843767e-01 2.107409501536502971e-02
6.079300120918204042e-01 2.107494011254413754e-02
6.077274362797270291e-01 2.107689370775669285e-02
6.075249279704035832e-01 2.107726309884205840e-02
6.073224871413563930e-01 2.107702394716002084e-02
6.071201137700996675e-01 2.107894358212466374e-02
6.069178078341550542e-01 2.108000119884492415e-02
6.067155693110511949e-01 2.107938814772944772e-02
6.065133981783250583e-01 2.108115803186712614e-02
6.063112944135204962e-01 2.108244972885809504e-02
6.061092579941890213e-01 2.108183817310597258e-02
6.059072888978896954e-01 2.108343773965078508e-02
6.057053871021890190e-01 2.108733701108558151e-02
6.055035525846607092e-01 2.108343161472712307e-02
6.053017853228864764e-01 2.108612694289899170e-02
6.051000852944548036e-01 2.108671769056818038e-02
6.048984524769623894e-01 2.108767097112502348e-02
6.046968868480130377e-01 2.108930773956286045e-02
6.044953883852178800e-01 2.109340304265965374e-02
6.042939570661958193e-01 2.109054248639233645e-02
6.040925928685729751e-01 2.109331299066173962e-02
6.038912957699830164e-01 2.109086182422079125e-02
6.036900657480668286e-01 2.109416129895449674e-02
6.034889027804734019e-01 2.109404368400757609e-02
6.032878068448583875e-01 2.109861966005604703e-02
6.030867779188854305e-01 2.109620877187108265e-02
6.028858159802251704e-01 2.110027250255409187e-02
6.026849210065563511e-01 2.109915621777535416e-02
6.024840929755643781e-01 2.110075516401772877e-02
6.022833318649428724e-01 2.110186006506525880e-02
6.020826376523918944e-01 2.110418828259379501e-02
6.018820103156199419e-01 2.110139238377559817e-02
6.016814498323425076e-01 2.111236363357689438e-02
6.014809561802823001e-01 2.110650384547978209e-02
6.012805293371699111e-01 2.110750165337896972e-02
6.010801692807430374e-01 2.110999942221677625e-02
6.008798759887465923e-01 2.111082313891522386e-02
6.006796494389337049e-01 2.111227726497910684e-02
6.004794896090638323e-01 2.111448026259845484e-02
6.002793964769050916e-01 2.111397754258438272e-02
6.000793700202314840e-01 2.111860069913132007e-02
5.998794102168258924e-01 2.111854118707724715e-02
5.996795170444776391e-01 2.112149780991996392e-02
5.994796904809839289e-01 2.112061633542598044e-02
5.992799305041491831e-01 2.112489508586039288e-02
5.990802370917852615e-01 2.112776150365848829e-02
5.988806102217113514e-01 2.112491867748550467e-02
5.986810498717540785e-01 2.112718459937914031e-02
5.984815560197473960e-01 2.112734383166431015e-02
5.982821286435328068e-01 2.113137239121915673e-02
5.980827677209591409e-01 2.113063050617468644e-02
5.978834732298824450e-01 2.113920473789825810e-02
5.976842451481663154e-01 2.113679575976546918e-02
5.974850834536818978e-01 2.113838373996095726e-02
5.972859881243069990e-01 2.113929857867311024e-02
5.970869591379276420e-01 2.114676835639638791e-02
5.968879964724367326e-01 2.114597131962258833e-02
5.966891001057348376e-01 2.114757003712724667e-02
5.964902700157296289e-01 2.115123868189531381e-02
5.962915061803359951e-01 2.114966314614846396e-02
5.960928085774769292e-01 2.115597890659637326e-02
5.958941771850817526e-01 2.115867428976902706e-02
5.956956119810880024e-01 2.115812640589467830e-02
5.954971129434402100e-01 2.116150087821838666e-02
5.952986800500902342e-01 2.116651233902683629e-02
5.951003132789970396e-01 2.117217055828703523e-02
5.949020126081275839e-01 2.117798580687940344e-02
5.947037780154557085e-01 2.118216716627107851e-02
5.945056094789628043e-01 2.118474877151065722e-02
5.943075069766371454e-01 2.118723403460284413e-02
5.941094704864751108e-01 2.118698658026105242e-02
5.939114999864794076e-01 2.119220170750668944e-02
5.937135954546611805e-01 2.119726913705627380e-02
5.935157568690382357e-01 2.120306679267697919e-02
5.933179842076354849e-01 2.120971746182261780e-02
5.931202774484860551e-01 2.121740548938174167e-02
5.929226365696294021e-01 2.122600011690252073e-02
5.927250615491130858e-01 2.123631824915474947e-02
5.925275523649913278e-01 2.124932167788310886e-02
5.923301089953262322e-01 2.125932208508484952e-02
5.921327314181867862e-01 2.127688130111728484e-02
5.919354196116495270e-01 2.129829766308112549e-02
5.917381735537982079e-01 2.132122545248653356e-02
5.915409932227239098e-01 2.134923999317140872e-02
5.913438785965250410e-01 2.138558056843924485e-02
5.911468296533072264e-01 2.143095045943015087e-02
5.909498463711833072e-01 2.147877033039881714e-02
5.907529287282740071e-01 2.154479571660053439e-02
5.905560767027063784e-01 2.163164594443147543e-02
5.903592902726154668e-01 2.173139892710217180e-02
5.901625694161434232e-01 2.190108130113556373e-02
5.899659141114395045e-01 2.225352317846059774e-02
5.897693243366606275e-01 2.281500964183009322e-02
5.895728000699705929e-01 2.237060369728278986e-02
5.893763412895407505e-01 2.245504360715368589e-02
5.891799479735494449e-01 2.292094033870199429e-02
5.889836201001826810e-01 2.254160042549761128e-02
5.887873576476334581e-01 2.211985112371992954e-02
5.885911605941021030e-01 2.187199060717762503e-02
5.883950289177960480e-01 2.174278780176032780e-02
5.881989625969303859e-01 2.162859712942083457e-02
5.880029616097270928e-01 2.153332566243123039e-02
5.878070259344155835e-01 2.146321262029596624e-02
5.876111555492323779e-01 2.141127608511750324e-02
5.874153504324216568e-01 2.136859876919739235e-02
5.872196105622341511e-01 2.133727469885368655e-02
5.870239359169285853e-01 2.131047306344579020e-02
5.868283264747701233e-01 2.129081228456736891e-02
5.866327822140321446e-01 2.127417727283740373e-02
5.864373031129944680e-01 2.125978163886490385e-02
5.862418891499444618e-01 2.124861571318192172e-02
5.860465403031767107e-01 2.123936316020746257e-02
5.858512565509929049e-01 2.122962169600149315e-02
5.856560378717023951e-01 2.122121399607818787e-02
5.854608842436210825e-01 2.121444338553917994e-02
5.852657956450727506e-01 2.120778832399121058e-02
5.850707720543878443e-01 2.120190421350592186e-02
5.848758134499045802e-01 2.119708954287602420e-02
5.846809198099679472e-01 2.119356981132181766e-02
5.844860911129302616e-01 2.119029006922304101e-02
5.842913273371509453e-01 2.118734299524152598e-02
5.840966284609974135e-01 2.118599550431529699e-02
5.839019944628429659e-01 2.118221009589337650e-02
5.837074253210693398e-01 2.117957356601437441e-02
5.835129210140646006e-01 2.117661809277466764e-02
5.833184815202244744e-01 2.117452469953517297e-02
5.831241068179517928e-01 2.117253438178958239e-02
5.829297968856566037e-01 2.117123128654191389e-02
5.827355517017559494e-01 2.116885439607736272e-02
5.825413712446743109e-01 2.116626700270710440e-02
5.823472554928433853e-01 2.116415187836989328e-02
5.821532044247017534e-01 2.116195281379444279e-02
5.819592180186954344e-01 2.115999837307273868e-02
5.817652962532777750e-01 2.116060923351777492e-02
5.815714391069086719e-01 2.115670876622056940e-02
5.813776465580559050e-01 2.115559895918350461e-02
5.811839185851941370e-01 2.115410973380799087e-02
5.809902551668052473e-01 2.115134542059681280e-02
5.807966562813781097e-01 2.115064364661138965e-02
5.806031219074089256e-01 2.115198292646859601e-02
5.804096520234010015e-01 2.114787186380911316e-02
5.802162466078649716e-01 2.114554795812730384e-02
5.800229056393185756e-01 2.114534144634449067e-02
5.798296290962864363e-01 2.114232260491197973e-02
5.796364169573005043e-01 2.114257883000261393e-02
5.794432692009001684e-01 2.114340550937638535e-02
5.792501858056317010e-01 2.113884186902856635e-02
5.790571667500482578e-01 2.113711721671346355e-02
5.788642120127106550e-01 2.113776260096195125e-02
5.786713215721865922e-01 2.113511810096030050e-02
5.784784954070508745e-01 2.113631410895958768e-02
5.782857334958855233e-01 2.113510629808722577e-02
5.780930358172796657e-01 2.113411786059303174e-02
5.779004023498297560e-01 2.113096359351322034e-02
5.777078330721390209e-01 2.113085758182088950e-02
5.775153279628180147e-01 2.113111938206668414e-02
5.773228870004845081e-01 2.113109473610890951e-02
5.771305101637631552e-01 2.112846003837351438e-02
5.769381974312860484e-01 2.112749095871455096e-02
5.767459487816921637e-01 2.112503596400729447e-02
5.765537641936275826e-01 2.112673387719801732e-02
5.763616436457456027e-01 2.112578279722313740e-02
5.761695871167065164e-01 2.112338166131471490e-02
5.759775945851781653e-01 2.112344732048275150e-02
5.757856660298349416e-01 2.112140379004192117e-02
5.755938014293583427e-01 2.112333611030101782e-02
5.754020007624376376e-01 2.112265000925700464e-02
5.752102640077683127e-01 2.111947431513004625e-02
5.750185911440535147e-01 2.111954566793972782e-02
5.748269821500036070e-01 2.112141638418536110e-02
5.746354370043353921e-01 2.112031410697259859e-02
5.744439556857733331e-01 2.111786486385208716e-02
5.742525381730489986e-01 2.111601733114575052e-02
5.740611844449006185e-01 2.111651214576810640e-02
5.738698944800740831e-01 2.111666557812714659e-02
5.736786682573215002e-01 2.111620911117620056e-02
5.734875057554029709e-01 2.111427390053011166e-02
5.732964069530852580e-01 2.111255002764756208e-02
5.731053718291420074e-01 2.111682632199759352e-02
5.729144003623546366e-01 2.111429657179135500e-02
5.727234925315106695e-01 2.111077209597484947e-02
5.725326483154055124e-01 2.111145496853636394e-02
5.723418676928412330e-01 2.111106502098084384e-02
5.721511506426271154e-01 2.111213167001602109e-02
5.719604971435791052e-01 2.111096136727132200e-02
5.717699071745209194e-01 2.110871164698645969e-02
5.715793807142829364e-01 2.110840512175692074e-02
5.713889177417021958e-01 2.110867062292241109e-02
5.711985182356236201e-01 2.110724133575416286e-02
5.710081821748985709e-01 2.110681684600839575e-02
5.708179095383857371e-01 2.110641666503653216e-02
5.706277003049506913e-01 2.110613606602174466e-02
5.704375544534662223e-01 2.110581623775605042e-02
5.702474719628118915e-01 2.110621976807411718e-02
5.700574528118746986e-01 2.110922038210825621e-02
5.698674969795480827e-01 2.110568492597351964e-02
5.696776044447330323e-01 2.110514299341382377e-02
5.694877751863376414e-01 2.110875524407467702e-02
5.692980091832764433e-01 2.110506328644617957e-02
5.691083064144715209e-01 2.110982163189006194e-02
5.689186668588520623e-01 2.110810611605723128e-02
5.687290904953534731e-01 2.110695997409521227e-02
5.685395773029191524e-01 2.111164802455322079e-02
5.683501272604989385e-01 2.111124578753234560e-02
5.681607403470498863e-01 2.111776232218212992e-02
5.679714165415359339e-01 2.110264642966508050e-02
5.677821558229283472e-01 2.110247578006740898e-02
5.675929581702048310e-01 2.110403691762164149e-02
5.674038235623506399e-01 2.110035411544659845e-02
5.672147519783579117e-01 2.109987828766854770e-02
5.670257433972255567e-01 2.109956334098601546e-02
5.668367977979593686e-01 2.110029042474591277e-02
5.666479151595728014e-01 2.109825686742226869e-02
5.664590954610857487e-01 2.109870547423982334e-02
5.662703386815253204e-01 2.109772402034517866e-02
5.660816447999251766e-01 2.109732103501560374e-02
5.658930137953266382e-01 2.109708937866506054e-02
5.657044456467776872e-01 2.109696599886846241e-02
5.655159403333333001e-01 2.109638294704898470e-02
5.653274978340553369e-01 2.109597622188268129e-02
5.651391181280125409e-01 2.109594781361099139e-02
5.649508011942810937e-01 2.109554141269810723e-02
5.647625470119436164e-01 2.109521897796014928e-02
5.645743555600902797e-01 2.109501240110760872e-02
5.643862268178176933e-01 2.109489097168439770e-02
5.641981607642295726e-01 2.109475333410789841e-02
5.640101573784367384e-01 2.109449637215812801e-02
5.638222166395567836e-01 2.109408771972006921e-02
5.636343385267145178e-01 2.109397742868207581e-02
5.634465230190415230e-01 2.109370580763615319e-02
5.632587700956762644e-01 2.109353873059098550e-02
5.630710797357643127e-01 2.109337290637482154e-02
5.628834519184580110e-01 2.109307597645179722e-02
5.626958866229171408e-01 2.109291515098554032e-02
5.625083838283075899e-01 2.109290291408863482e-02
5.623209435138029066e-01 2.109271803868567260e-02
5.621335656585834117e-01 2.109239329363743129e-02
5.619462502418360872e-01 2.109214177759045211e-02
5.617589972427550205e-01 2.109188289488416954e-02
5.615718066405416264e-01 2.109174001141502636e-02
5.613846784144034263e-01 2.109151096258795460e-02
5.611976125435554907e-01 2.109151950702884901e-02
5.610106090072197738e-01 2.109105273605904260e-02
5.608236677846248908e-01 2.109104954915387228e-02
5.606367888550064515e-01 2.109081830668413718e-02
5.604499721976070603e-01 2.109067713103942796e-02
5.602632177916765377e-01 2.109050434072584634e-02
5.600765256164711436e-01 2.109039444452174422e-02
5.598898956512540215e-01 2.109017708298758370e-02
5.597033278752955310e-01 2.108996799007790274e-02
5.595168222678729153e-01 2.108977840759956174e-02
5.593303788082700789e-01 2.108973142522821767e-02
5.591439974757781428e-01 2.108946427193138934e-02
5.589576782496948892e-01 2.108940093633924692e-02
5.587714211093249839e-01 2.108907816940372784e-02
5.585852260339801978e-01 2.108914083925977206e-02
5.583990930029794075e-01 2.108894551219651914e-02
5.582130219956473738e-01 2.108877053263195564e-02
5.580270129913168509e-01 2.108866629560943867e-02
5.578410659693270324e-01 2.108859578142523866e-02
5.576551809090239953e-01 2.108832553074920999e-02
5.574693577897607000e-01 2.108844579640992839e-02
5.572835965908971012e-01 2.108832882808046871e-02
5.570978972917997041e-01 2.108836986634658045e-02
5.569122598718423411e-01 2.108787608151194148e-02
5.567266843104056173e-01 2.108771473291248463e-02
5.565411705868765768e-01 2.108773901545064541e-02
5.563557186806497024e-01 2.108757030395657858e-02
5.561703285711259159e-01 2.108726027783546647e-02
5.559850002377132450e-01 2.108720739433334740e-02
5.557997336598267113e-01 2.108709988110860079e-02
5.556145288168876650e-01 2.108734106308920650e-02
5.554293856883248948e-01 2.108688697327313136e-02
5.552443042535735174e-01 2.108681360477880629e-02
5.550592844920761992e-01 2.108681392446262390e-02
5.548743263832818240e-01 2.108670318902891583e-02
5.546894299066461587e-01 2.108696737029265231e-02
5.545045950416321867e-01 2.108664295493876267e-02
5.543198217677097750e-01 2.108614611585660562e-02
5.541351100643547856e-01 2.108628860288750545e-02
5.539504599110510741e-01 2.108621663788013550e-02
5.537658712872886024e-01 2.108620383544951293e-02
5.535813441725645490e-01 2.108662619906602823e-02
5.533968785463823092e-01 2.108592773189939262e-02
5.532124743882528284e-01 2.108577127543132326e-02
5.530281316776936018e-01 2.108593962832735341e-02
5.528438503942287863e-01 2.108525262941817260e-02
5.526596305173896440e-01 2.108617709078796504e-02
5.524754720267139874e-01 2.108606508800813656e-02
5.522913749017467344e-01 2.108510689737306751e-02
5.521073391220392423e-01 2.108521344902848302e-02
5.519233646671501958e-01 2.108484590852863563e-02
5.517394515166447189e-01 2.108538947396815938e-02
5.515555996500945968e-01 2.108559590779529591e-02
5.513718090470788313e-01 2.108521029333463095e-02
5.511880796871830857e-01 2.108485258418682506e-02
5.510044115499997952e-01 2.108483205596967114e-02
5.508208046151280568e-01 2.108477358321928646e-02
5.506372588621739617e-01 2.108465735088283291e-02
5.504537742707503734e-01 2.108521036197927301e-02
5.502703508204768168e-01 2.108491064983156887e-02
5.500869884909798113e-01 2.108455010106963234e-02
5.499036872618923155e-01 2.108423973694554046e-02
5.497204471128547265e-01 2.108465687620326295e-02
5.495372680235136587e-01 2.108489395818645418e-02
5.493541499735223876e-01 2.108430758808581620e-02
5.491710929425415166e-01 2.108406405999749267e-02
5.489880969102380881e-01 2.108399031933250178e-02
5.488051618562858058e-01 2.108464509036302517e-02
5.486222877603657011e-01 2.108380838762423035e-02
5.484394746021649114e-01 2.108388398498270075e-02
5.482567223613777907e-01 2.108345214228646639e-02
5.480740310177051322e-01 2.108378133670869500e-02
5.478914005508548346e-01 2.108531502525774759e-02
5.477088309405413469e-01 2.108302142869221060e-02
5.475263221664858904e-01 2.108386913233561977e-02
5.473438742084162367e-01 2.108294141755012382e-02
5.471614870460674851e-01 2.108386381318249486e-02
5.469791606591810629e-01 2.108341271239917714e-02
5.467968950275052809e-01 2.108350080773199048e-02
5.466146901307948891e-01 2.108477409699996072e-02
5.464325459488118542e-01 2.108426577928319487e-02
5.462504624613246929e-01 2.108284371137052193e-02
5.460684396481088054e-01 2.108380730267937070e-02
5.458864774889458094e-01 2.108372668362670094e-02
5.457045759636245386e-01 2.108256045039207799e-02
5.455227350519403773e-01 2.108194753487809686e-02
5.453409547336958152e-01 2.108232934466249334e-02
5.451592349886995592e-01 2.108224580322562783e-02
5.449775757967673107e-01 2.108261307283858590e-02
5.447959771377213212e-01 2.108272998247749316e-02
5.446144389913908368e-01 2.108204156100262211e-02
5.444329613376115429e-01 2.108367763890300547e-02
5.442515441562261191e-01 2.108247966985239349e-02
5.440701874270837957e-01 2.108212124154346112e-02
5.438888911300404638e-01 2.108295318189807796e-02
5.437076552449586764e-01 2.108341394406411037e-02
5.435264797517080915e-01 2.108253381742582547e-02
5.433453646301646955e-01 2.108184866032606838e-02
5.431643098602113584e-01 2.108225271225600689e-02
5.429833154217372782e-01 2.108246647485007008e-02
5.428023812946390914e-01 2.108177309569258737e-02
5.426215074588193188e-01 2.108216360934098837e-02
5.424406938941879197e-01 2.108234737038393314e-02
5.422599405806609596e-01 2.108198201155783366e-02
5.420792474981616094e-01 2.108211550601685191e-02
5.418986146266193682e-01 2.108169230369161609e-02
5.417180419459707297e-01 2.108197132613155722e-02
5.415375294361586267e-01 2.108269286327910455e-02
5.413570770771327645e-01 2.108238315222415657e-02
5.411766848488498427e-01 2.108155056716898637e-02
5.409963527312727782e-01 2.108259537929184010e-02
5.408160807043712603e-01 2.108284615938678039e-02
5.406358687481218617e-01 2.108128419428247080e-02
5.404557168425075941e-01 2.108286872920041993e-02
5.402756249675183531e-01 2.108271628391221453e-02
5.400955931031506951e-01 2.108148616795825492e-02
5.399156212294075052e-01 2.108103754032051441e-02
5.397357093262987737e-01 2.108118466593462970e-02
5.395558573738408192e-01 2.108085304391026094e-02
5.393760653520566217e-01 2.108089529782798677e-02
5.391963332409762666e-01 2.108049345508421907e-02
5.390166610206360565e-01 2.108048834745949313e-02
5.388370486710789553e-01 2.108033762330160238e-02
5.386574961723549215e-01 2.108012047675672865e-02
5.384780035045200197e-01 2.108002141183338424e-02
5.382985706476374199e-01 2.107994153462085934e-02
5.381191975817767315e-01 2.107972814602139880e-02
5.379398842870143360e-01 2.107993068697551139e-02
5.377606307434331656e-01 2.108001406765847019e-02
5.375814369311227026e-01 2.107974690929631176e-02
5.374023028301793126e-01 2.107965448083913215e-02
5.372232284207056896e-01 2.107975365056585088e-02
5.370442136828114110e-01 2.107965944807906056e-02
5.368652585966124935e-01 2.107959960893332832e-02
5.366863631422317260e-01 2.107960451129137908e-02
5.365075272997985589e-01 2.107948996549713350e-02
5.363287510494485488e-01 2.107960273865806811e-02
5.361500343713246908e-01 2.107932528605947070e-02
5.359713772455761971e-01 2.107933721799689838e-02
5.357927796523586084e-01 2.107931837107123937e-02
5.356142415718347927e-01 2.107927132282923915e-02
5.354357629841733912e-01 2.107926885291386276e-02
5.352573438695501507e-01 2.107927474661812350e-02
5.350789842081473680e-01 2.107915748697638050e-02
5.349006839801540014e-01 2.107909141246276652e-02
5.347224431657653376e-01 2.107920519937236600e-02
5.345442617451835465e-01 2.107904161724663203e-02
5.343661396986173484e-01 2.107898300222437252e-02
5.341880770062819028e-01 2.107897162479277151e-02
5.340100736483990307e-01 2.107894054391498684e-02
5.338321296051971032e-01 2.107891730061929939e-02
5.336542448569115971e-01 2.107893180601256092e-02
5.334764193837836510e-01 2.107897230402343627e-02
5.332986531660616203e-01 2.107887923610288899e-02
5.331209461840001884e-01 2.107883595649914094e-02
5.329432984178608113e-01 2.107880179758896133e-02
5.327657098479114950e-01 2.107883250406726930e-02
5.325881804544266851e-01 2.107899659151157498e-02
5.324107102176873774e-01 2.107873167674073275e-02
5.322332991179814510e-01 2.107867323205117951e-02
5.320559471356027803e-01 2.107884365270640270e-02
5.318786542508524562e-01 2.107863497501146974e-02
5.317014204440377867e-01 2.107869217401446213e-02
5.315242456954726302e-01 2.107853719720315794e-02
5.313471299854773955e-01 2.107865503058152859e-02
5.311700732943792636e-01 2.107863688861506823e-02
5.309930756025117438e-01 2.107846696788679211e-02
5.308161368902148958e-01 2.107865332432980188e-02
5.306392571378356626e-01 2.107874737715152366e-02
5.304624363257269826e-01 2.107871323276548636e-02
5.302856744342487882e-01 2.107837172793866273e-02
5.301089714437675626e-01 2.107833458332775134e-02
5.299323273346560059e-01 2.107857569409916573e-02
5.297557420872935907e-01 2.107829828760260024e-02
5.295792156820661178e-01 2.107833359797568751e-02
5.294027480993662715e-01 2.107819906912428154e-02
5.292263393195930643e-01 2.107840662108996163e-02
5.290499893231519479e-01 2.107805799339215747e-02
5.288736980904552576e-01 2.107827892978384951e-02
5.286974656019212127e-01 2.107814930806772152e-02
5.285212918379751379e-01 2.107815258017984444e-02
5.283451767790486864e-01 2.107802992935530959e-02
5.281691204055801725e-01 2.107808694929182852e-02
5.279931226980141279e-01 2.107798803341907543e-02
5.278171836368017455e-01 2.107823112862809711e-02
5.276413032024009908e-01 2.107806715369264783e-02
5.274654813752759352e-01 2.107818072351435451e-02
5.272897181358972007e-01 2.107836683587132470e-02
5.271140134647422926e-01 2.107824666785454784e-02
5.269383673422948222e-01 2.107785890610949786e-02
5.267627797490449515e-01 2.107804932973988618e-02
5.265872506654898366e-01 2.107781931364523242e-02
5.264117800721325180e-01 2.107779957409522745e-02
5.262363679494826973e-01 2.107770761996054232e-02
5.260610142780565157e-01 2.107780742103904092e-02
5.258857190383769975e-01 2.107765972206726915e-02
5.257104822109732734e-01 2.107769833903006332e-02
5.255353037763812463e-01 2.107778546615930379e-02
5.253601837151428144e-01 2.107773545918106839e-02
5.251851220078068705e-01 2.107785179866512176e-02
5.250101186349284133e-01 2.107767539827954881e-02
5.248351735770694360e-01 2.107776441387853791e-02
5.246602868147977050e-01 2.107778873342350603e-02
5.244854583286880922e-01 2.107783626468836408e-02
5.243106880993216867e-01 2.107771924287188750e-02
5.241359761072859058e-01 2.107837513296329304e-02
5.239613223331748282e-01 2.107798309684960625e-02
5.237867267575888608e-01 2.107796623247225332e-02
5.236121893611351830e-01 2.107826278770570660e-02
5.234377101244269692e-01 2.107768812361079241e-02
5.232632890280842775e-01 2.107814640234136061e-02
5.230889260527332718e-01 2.107759799677496465e-02
5.229146211790069998e-01 2.107741757397739446e-02
5.227403743875443931e-01 2.107756779897729943e-02
5.225661856589913778e-01 2.107747021449777811e-02
5.223920549739999863e-01 2.107757298405328258e-02
5.222179823132289123e-01 2.107734064528456880e-02
5.220439676573430665e-01 2.107742339668726428e-02
5.218700109870140214e-01 2.107735722843178186e-02
5.216961122829196773e-01 2.107737639043020389e-02
5.215222715257443742e-01 2.107728351155759364e-02
5.213484886961788911e-01 2.107734143867152563e-02
5.211747637749206685e-01 2.107726019990344840e-02
5.210010967426730311e-01 2.107730069852626481e-02
5.208274875801462978e-01 2.107726853205852888e-02
5.206539362680568939e-01 2.107724839561432584e-02
5.204804427871277950e-01 2.107726662941135712e-02
5.203070071180884160e-01 2.107728707656461933e-02
5.201336292416745000e-01 2.107722447079852721e-02
5.199603091386282294e-01 2.107720453327858665e-02
5.197870467896982261e-01 2.107718571378778064e-02
5.196138421756397729e-01 2.107718176667049484e-02
5.194406952772139263e-01 2.107732853117572427e-02
5.192676060751888478e-01 2.107727743620824157e-02
5.190945745503386943e-01 2.107720154374005672e-02
5.189216006834441730e-01 2.107722519699988320e-02
5.187486844552924303e-01 2.107725388267320948e-02
5.185758258466768300e-01 2.107718619065314034e-02
5.184030248383973971e-01 2.107725716295803797e-02
5.182302814112602629e-01 2.107726254683896239e-02
5.180575955460781090e-01 2.107731763604806657e-02
5.178849672236701673e-01 2.107723342744640890e-02
5.177123964248618870e-01 2.107739241341754013e-02
5.175398831304849345e-01 2.107733725023096596e-02
5.173674273213778596e-01 2.107729671276206695e-02
5.171950289783850963e-01 2.107735186269859076e-02
5.170226880823575177e-01 2.107757193799667320e-02
5.168504046141527697e-01 2.107742394975659073e-02
5.166781785546344929e-01 2.107735696047582583e-02
5.165060098846729897e-01 2.107741662891048778e-02
5.163338985851444463e-01 2.107746872132962301e-02
5.161618446369322655e-01 2.107749071961437237e-02
5.159898480209251792e-01 2.107744772909521044e-02
5.158179087180191358e-01 2.107750162427050877e-02
5.156460267091160787e-01 2.107761305830209778e-02
5.154742019751243909e-01 2.107761484947209482e-02
5.153024344969586723e-01 2.107768943096918410e-02
5.151307242555401844e-01 2.107750275284132196e-02
5.149590712317961838e-01 2.107772780918076155e-02
5.147874754066604774e-01 2.107761064954152830e-02
5.146159367610734225e-01 2.107802569118519959e-02
5.144444552759813716e-01 2.107759153183915227e-02
5.142730309323373383e-01 2.107785314097787577e-02
5.141016637111002208e-01 2.107763752226907497e-02
5.139303535932358002e-01 2.107804853234767142e-02
5.137591005597158533e-01 2.107778973984859860e-02
5.135879045915187069e-01 2.107796578487787162e-02
5.134167656696287940e-01 2.107797113195052432e-02
5.132456837750370982e-01 2.107797076368538025e-02
5.130746588887408199e-01 2.107781376156386832e-02
5.129036909917433773e-01 2.107837277893848116e-02
5.127327800650550715e-01 2.107811355179589272e-02
5.125619260896917551e-01 2.107782745205860966e-02
5.123911290466762747e-01 2.107811897121211406e-02
5.122203889170372504e-01 2.107825562086663648e-02
5.120497056818098525e-01 2.107800332592828924e-02
5.118790793220358015e-01 2.107834622434113722e-02
5.117085098187629244e-01 2.107866183971950427e-02
5.115379971530451542e-01 2.107767533811668106e-02
5.113675413059430852e-01 2.107870930767372780e-02
5.111971422585236402e-01 2.107807705385501482e-02
5.110267999918596260e-01 2.107847053010322019e-02
5.108565144870306218e-01 2.107852816772002452e-02
5.106862857251220911e-01 2.107811223619726268e-02
5.105161136872263805e-01 2.107819917518586120e-02
5.103459983544414991e-01 2.107873684431526423e-02
5.101759397078722280e-01 2.107817140783945289e-02
5.100059377286293438e-01 2.107854575278914067e-02
5.098359923978299513e-01 2.107866806551740926e-02
5.096661036965978164e-01 2.107857237841772799e-02
5.094962716060622565e-01 2.107842652052792365e-02
5.093264961073599162e-01 2.107955250281584592e-02
5.091567771816326582e-01 2.107797278213325784e-02
5.089871148100293397e-01 2.107817605186407955e-02
5.088175089737045909e-01 2.107889608858716859e-02
5.086479596538200365e-01 2.107865627966527822e-02
5.084784668315428524e-01 2.107879192531290566e-02
5.083090304880467647e-01 2.107902623558552055e-02
5.081396506045118278e-01 2.107863384688320879e-02
5.079703271621244243e-01 2.107891045622592094e-02
5.078010601420770431e-01 2.107910498153248505e-02
5.076318495255685015e-01 2.107875757916592013e-02
5.074626952938039448e-01 2.107893296192358754e-02
5.072935974279945137e-01 2.107929662770538157e-02
5.071245559093580102e-01 2.107856554137097979e-02
5.069555707191183425e-01 2.107906174008606151e-02
5.067866418385054139e-01 2.107991859387546227e-02
5.066177692487559003e-01 2.107848078379560494e-02
5.064489529311120286e-01 2.107823081803775547e-02
5.062801928668231310e-01 2.107867595592917767e-02
5.061114890371440911e-01 2.107878479212551420e-02
5.059428414233362314e-01 2.107925802631663292e-02
5.057742500066673141e-01 2.107894633033652321e-02
5.056057147684112074e-01 2.107855943734678397e-02
5.054372356898477747e-01 2.107836648069453742e-02
5.052688127522637629e-01 2.107837871601418375e-02
5.051004459369513588e-01 2.107812714907801588e-02
5.049321352252095219e-01 2.107828420090045174e-02
5.047638805983434285e-01 2.107830057008265937e-02
5.045956820376641394e-01 2.107814331291453167e-02
5.044275395244892657e-01 2.107874963072198238e-02
5.042594530401425246e-01 2.107857544424671103e-02
5.040914225659538506e-01 2.107856173074206668e-02
5.039234480832593954e-01 2.107897607517681196e-02
5.037555295734016392e-01 2.107860706312417176e-02
5.035876670177289460e-01 2.107931122645974667e-02
5.034198603975963415e-01 2.107884838224526394e-02
5.032521096943648464e-01 2.107739667403147818e-02
5.030844148894016987e-01 2.107872673041056091e-02
5.029167759640803537e-01 2.107836993711640489e-02
5.027491928997803727e-01 2.107755916312709435e-02
5.025816656778877567e-01 2.107762559072962061e-02
5.024141942797943905e-01 2.107816008029589003e-02
5.022467786868988204e-01 2.107687659306301670e-02
5.020794188806052549e-01 2.107634824358605580e-02
5.019121148423243417e-01 2.107576267213273277e-02
5.017448665534731678e-01 2.107538535358191578e-02
5.015776739954747043e-01 2.107504218632437476e-02
5.014105371497580288e-01 2.107456436964962737e-02
5.012434559977587689e-01 2.107453477898124997e-02
5.010764305209184366e-01 2.107404610840055495e-02
5.009094607006847610e-01 2.107376966302972054e-02
5.007425465185119107e-01 2.107357282235827398e-02
5.005756879558600492e-01 2.107340473380057630e-02
5.004088849941952244e-01 2.107313552578373231e-02
5.002421376149901455e-01 2.107271111434138797e-02
