9.089826947564526582e-01 2.095195034921177452e-02
9.086798014892895070e-01 2.096279543518314581e-02
9.083770091529053126e-01 2.096133739805466217e-02
9.080743177136673117e-01 2.095892115389105803e-02
9.077717271379546204e-01 2.096879332086729400e-02
9.074692373921571242e-01 2.094657003342051751e-02
9.071668484426761436e-01 2.097254612250394959e-02
9.068645602559242125e-01 2.092213876393132777e-02
9.065623727983247448e-01 2.097710419456495431e-02
9.062602860363124790e-01 2.094837138646421862e-02
9.059582999363336997e-01 2.093738809420045074e-02
9.056564144648452386e-01 2.096523293141944536e-02
9.053546295883158068e-01 2.094145635216309795e-02
9.050529452732245517e-01 2.094505343836065500e-02
9.047513614860624998e-01 2.093182173705443808e-02
9.044498781933312248e-01 2.096726605531963258e-02
9.041484953615441800e-01 2.094802195794630978e-02
9.038472129572250324e-01 2.092372907059510123e-02
9.035460309469092177e-01 2.092718802457721114e-02
9.032449492971436067e-01 2.098629919888132800e-02
9.029439679744852842e-01 2.093876849741431109e-02
9.026430869455034367e-01 2.099558843870824934e-02
9.023423061767776865e-01 2.091539750891865598e-02
9.020416256348993134e-01 2.102117468990874830e-02
9.017410452864704773e-01 2.097257348009562428e-02
9.014405650981044404e-01 2.096829303017380686e-02
9.011401850364256783e-01 2.100388704182280450e-02
9.008399050680695463e-01 2.099831511300645492e-02
9.005397251596829467e-01 2.096156544051550399e-02
9.002396452779235503e-01 2.106701447180394510e-02
8.999396653894603526e-01 2.091940811942877634e-02
8.996397854609731182e-01 2.094653473948354661e-02
8.993400054591534909e-01 2.107548761607684965e-02
8.990403253507032177e-01 2.110623620166637848e-02
8.987407451023357030e-01 2.096818434228404915e-02
8.984412646807754532e-01 2.100756066969966876e-02
8.981418840527576331e-01 2.093743420171162092e-02
8.978426031850293976e-01 2.094964956599653857e-02
8.975434220443477829e-01 2.106716731477415241e-02
8.972443405974819264e-01 2.103878891166670664e-02
8.969453588112115128e-01 2.095726284025954678e-02
8.966464766523272178e-01 2.103251807910014315e-02
8.963476940876312637e-01 2.098009253888187889e-02
8.960490110839365308e-01 2.097307842681226872e-02
8.957504276080671124e-01 2.103041634692423903e-02
8.954519436268580934e-01 2.100603986666573983e-02
8.951535591071557718e-01 2.094870763177193729e-02
8.948552740158169927e-01 2.099698644569105918e-02
8.945570883197104806e-01 2.096672407236832222e-02
8.942590019857152850e-01 2.102585416876213281e-02
8.939610149807215578e-01 2.093531411385483529e-02
8.936631272716307750e-01 2.100897746137935646e-02
8.933653388253557370e-01 2.100602018890925307e-02
8.930676496088194583e-01 2.102006325460877706e-02
8.927700595889563884e-01 2.100471328848569838e-02
8.924725687327120793e-01 2.102323166979395627e-02
8.921751770070429632e-01 2.102811680712040818e-02
8.918778843789167965e-01 2.103188667867613229e-02
8.915806908153114385e-01 2.098542373781286940e-02
8.912835962832170722e-01 2.098662906199183845e-02
8.909866007496337614e-01 2.096777018952904192e-02
8.906897041815731164e-01 2.092558690325721504e-02
8.903929065460577386e-01 2.091854255577806770e-02
8.900962078101209984e-01 2.090433668406080012e-02
8.897996079408073689e-01 2.092770128053596246e-02
8.895031069051723138e-01 2.088287329833220934e-02
8.892067046702820665e-01 2.087990132400979748e-02
8.889104012032142954e-01 2.092205865205577775e-02
8.886141964710571051e-01 2.090886798297794669e-02
8.883180904409100354e-01 2.090882393869407038e-02
8.880220830798833953e-01 2.088205466013386483e-02
8.877261743550982631e-01 2.088579376489731187e-02
8.874303642336870412e-01 2.088298543653162309e-02
8.871346526827927903e-01 2.089416620630151281e-02
8.868390396695696731e-01 2.089000953306516598e-02
8.865435251611823997e-01 2.088580637471481802e-02
8.862481091248074483e-01 2.088674080651922033e-02
8.859527915276315113e-01 2.088964075316982957e-02
8.856575723368524944e-01 2.087406260706311731e-02
8.853624515196791833e-01 2.088424195744700493e-02
8.850674290433312441e-01 2.087643537550104914e-02
8.847725048750396670e-01 2.088586888936389344e-02
8.844776789820454344e-01 2.087083894150207342e-02
8.841829513316015188e-01 2.087755725439722349e-02
8.838883218909712181e-01 2.088395499514027892e-02
8.835937906274285991e-01 2.088081304806237853e-02
8.832993575082592752e-01 2.089039033202329948e-02
8.830050225007588516e-01 2.088400884165706600e-02
8.827107855722347018e-01 2.087862209520013196e-02
8.824166466900046357e-01 2.088754809951528027e-02
8.821226058213974541e-01 2.089751575543204176e-02
8.818286629337528382e-01 2.087317584138001503e-02
8.815348179944212381e-01 2.089282162897174513e-02
8.812410709707643175e-01 2.088084423362151359e-02
8.809474218301542869e-01 2.088493337113575196e-02
8.806538705399741263e-01 2.088650970240634938e-02
8.803604170676182505e-01 2.088757854223231847e-02
8.800670613804912890e-01 2.088182104873454251e-02
8.797738034460093060e-01 2.087705529035766699e-02
8.794806432315986910e-01 2.088762005796533303e-02
8.791875807046970470e-01 2.088062804976279982e-02
8.788946158327528568e-01 2.088895072481313647e-02
8.786017485832249285e-01 2.089363553553229974e-02
8.783089789235837275e-01 2.088852814245760817e-02
8.780163068213099331e-01 2.089184851205617630e-02
8.777237322438952161e-01 2.088106726158087123e-02
8.774312551588423492e-01 2.087884615451083420e-02
8.771388755336643195e-01 2.089080633688195771e-02
8.768465933358855491e-01 2.088974628020247651e-02
8.765544085330412294e-01 2.088131324549927920e-02
8.762623210926768769e-01 2.089246432939767875e-02
8.759703309823493322e-01 2.089659413458994086e-02
8.756784381696260944e-01 2.088286869292417178e-02
8.753866426220853203e-01 2.089267300789967793e-02
8.750949443073162692e-01 2.089125989031620501e-02
8.748033431929185255e-01 2.088414830796674407e-02
8.745118392465028867e-01 2.089146445803865756e-02
8.742204324356910305e-01 2.088456005003019866e-02
8.739291227281148489e-01 2.089369408947696488e-02
8.736379100914176687e-01 2.089201342167762085e-02
8.733467944932532534e-01 2.089090711580657983e-02
8.730557759012860242e-01 2.088661047698564879e-02
8.727648542831916156e-01 2.089281235857032293e-02
8.724740296066559875e-01 2.088912648154450658e-02
8.721833018393762016e-01 2.088776561647819052e-02
8.718926709490596449e-01 2.088767022625461975e-02
8.716021369034252508e-01 2.089321409536371368e-02
8.713116996702017225e-01 2.090257900478800432e-02
8.710213592171293095e-01 2.089690224562241322e-02
8.707311155119585866e-01 2.088878558942066851e-02
8.704409685224511195e-01 2.088871301936925245e-02
8.701509182163787992e-01 2.089149316026655406e-02
8.698609645615250630e-01 2.089771935009515635e-02
8.695711075256831180e-01 2.089713362060125618e-02
8.692813470766574957e-01 2.088957468892321118e-02
8.689916831822632748e-01 2.088895451105545614e-02
8.687021158103264140e-01 2.088875776215113819e-02
8.684126449286834193e-01 2.089273686078016098e-02
8.681232705051816767e-01 2.090265071233515098e-02
8.678339925076791195e-01 2.089429836962656412e-02
8.675448109040443390e-01 2.089304449097889593e-02
8.672557256621569177e-01 2.089516415613796446e-02
8.669667367499069854e-01 2.088945899148523036e-02
8.666778441351951079e-01 2.089359029962136252e-02
8.663890477859329531e-01 2.089256576735344650e-02
8.661003476700429582e-01 2.089492925765829706e-02
8.658117437554576634e-01 2.089222144543769269e-02
8.655232360101210443e-01 2.089294478616656944e-02
8.652348244019868462e-01 2.090007611141259450e-02
8.649465088990204720e-01 2.089219031061933379e-02
8.646582894691974275e-01 2.089221243636886841e-02
8.643701660805038767e-01 2.090133321652482348e-02
8.640821387009368637e-01 2.089269950900345812e-02
8.637942072985039799e-01 2.089395086341604840e-02
8.635063718412234746e-01 2.090043944568083234e-02
8.632186322971243664e-01 2.089914311175884026e-02
8.629309886342463320e-01 2.089989172927518568e-02
8.626434408206392623e-01 2.090521397046690016e-02
8.623559888243644833e-01 2.090781827734575909e-02
8.620686326134932020e-01 2.090614091034224270e-02
8.617813721561078388e-01 2.089469203539310455e-02
8.614942074203010280e-01 2.089945873096156481e-02
8.612071383741761732e-01 2.090793891587216374e-02
8.609201649858474470e-01 2.090329105950111330e-02
8.606332872234395692e-01 2.089766598566831363e-02
8.603465050550879178e-01 2.090785408369333701e-02
8.600598184489381959e-01 2.091312243821206313e-02
8.597732273731469865e-01 2.089854556595893698e-02
8.594867317958817532e-01 2.090108679858035737e-02
8.592003316853199513e-01 2.091261249486595780e-02
8.589140270096499163e-01 2.090558108973763346e-02
8.586278177370708642e-01 2.090275580662140364e-02
8.583417038357923357e-01 2.091070232349209398e-02
8.580556852740341967e-01 2.089126417045158654e-02
8.577697620200274153e-01 2.092090902207095413e-02
8.574839340420133960e-01 2.091032934271393889e-02
8.571982013082438678e-01 2.090994273435548695e-02
8.569125637869815515e-01 2.090165295775783458e-02
8.566270214464992705e-01 2.092225857193665342e-02
8.563415742550808396e-01 2.091143772726835465e-02
8.560562221810205097e-01 2.091080217875565528e-02
8.557709651926229677e-01 2.092859000117044260e-02
8.554858032582034477e-01 2.092134382145921512e-02
8.552007363460880640e-01 2.092843129274205363e-02
8.549157644246131449e-01 2.092113150244738137e-02
8.546308874621255658e-01 2.091065294383798526e-02
8.543461054269833044e-01 2.091293519464345815e-02
8.540614182875541083e-01 2.093713145525399888e-02
8.537768260122164943e-01 2.092486398975329162e-02
8.534923285693600814e-01 2.091482489940914638e-02
8.532079259273842586e-01 2.092901800312058427e-02
8.529236180546991841e-01 2.092925818895077089e-02
8.526394049197258962e-01 2.092351468757079266e-02
8.523552864908955362e-01 2.092073279895535418e-02
8.520712627366499037e-01 2.092539944485586820e-02
8.517873336254415673e-01 2.093309123739664490e-02
8.515034991257328656e-01 2.092644359953569483e-02
8.512197592059974616e-01 2.094074669248274095e-02
8.509361138347192322e-01 2.094712511208586536e-02
8.506525629803922683e-01 2.092164544687495284e-02
8.503691066115216524e-01 2.093671699427678695e-02
8.500857446966227915e-01 2.095294005183824873e-02
8.498024772042213071e-01 2.092935838796819090e-02
8.495193041028535896e-01 2.093890632732900089e-02
8.492362253610665768e-01 2.092285843101522602e-02
8.489532409474173091e-01 2.094581631093298327e-02
8.486703508304737076e-01 2.095784669792427959e-02
8.483875549788141290e-01 2.091751730802636489e-02
8.481048533610270335e-01 2.094084915256005930e-02
8.478222459457117610e-01 2.094345686746140744e-02
8.475397327014777549e-01 2.095325328678493415e-02
8.472573135969454494e-01 2.095632667324019704e-02
8.469749886007451600e-01 2.093434269593541855e-02
8.466927576815179712e-01 2.095450501625207781e-02
8.464106208079152927e-01 2.096731602389249188e-02
8.461285779485990810e-01 2.091170105659533041e-02
8.458466290722416181e-01 2.094148030143749839e-02
8.455647741475256218e-01 2.097805533924890914e-02
8.452830131431445793e-01 2.096599671642890295e-02
8.450013460278019695e-01 2.096098223138111172e-02
8.447197727702118186e-01 2.093444887630642459e-02
8.444382933390987001e-01 2.096876218742578166e-02
8.441569077031975121e-01 2.094103733888519336e-02
8.438756158312538114e-01 2.094005518509568439e-02
8.435944176920230353e-01 2.097875759553933031e-02
8.433133132542715016e-01 2.094360719790899772e-02
8.430323024867758530e-01 2.099599110137541705e-02
8.427513853583230574e-01 2.092789622488196166e-02
8.424705618377104077e-01 2.094557571082266215e-02
8.421898318937458550e-01 2.099806614895702306e-02
8.419091954952473422e-01 2.096829494112362538e-02
8.416286526110435817e-01 2.096106411054412394e-02
8.413482032099734997e-01 2.093042870058953522e-02
8.410678472608865697e-01 2.096262930516899423e-02
8.407875847326422569e-01 2.100333951022745338e-02
8.405074155941107961e-01 2.097190309240117012e-02
8.402273398141727467e-01 2.096503082945547908e-02
8.399473573617188826e-01 2.099276739637192038e-02
8.396674682056501915e-01 2.096452346279796194e-02
8.393876723148785413e-01 2.093093327385303626e-02
8.391079696583255698e-01 2.094358091549550910e-02
8.388283602049239063e-01 2.103475861869704908e-02
8.385488439236159497e-01 2.096905348815265510e-02
8.382694207833547573e-01 2.096944623165802879e-02
8.379900907531037113e-01 2.098498190259318052e-02
8.377108538018362971e-01 2.098147239773610895e-02
8.374317098985368801e-01 2.095813898309863837e-02
8.371526590121994849e-01 2.095658498869073377e-02
8.368737011118287938e-01 2.098388407936797873e-02
8.365948361664399258e-01 2.098119590972019263e-02
8.363160641450582133e-01 2.098764109151283683e-02
8.360373850167190923e-01 2.099348422378558704e-02
8.357587987504688787e-01 2.097107479674804528e-02
8.354803053153637693e-01 2.100325495589479285e-02
8.352019046804702862e-01 2.099546334626686134e-02
8.349235968148652764e-01 2.095047895913986977e-02
8.346453816876360232e-01 2.095658329059226985e-02
8.343672592678799127e-01 2.097180943602927269e-02
8.340892295247049892e-01 2.101339769669728283e-02
8.338112924272291782e-01 2.097468370318082351e-02
8.335334479445809519e-01 2.100882902003765179e-02
8.332556960458989970e-01 2.098489963910599512e-02
8.329780367003321029e-01 2.095519575889121661e-02
8.327004698770397173e-01 2.094299968146238686e-02
8.324229955451912799e-01 2.100784510884909015e-02
8.321456136739664444e-01 2.096669295875747130e-02
8.318683242325555227e-01 2.097483450713790235e-02
8.315911271901589297e-01 2.094745653444120628e-02
8.313140225159867391e-01 2.101094046371538779e-02
8.310370101792602382e-01 2.097013142055443452e-02
8.307600901492105949e-01 2.099777939507264934e-02
8.304832623950788584e-01 2.094645895793323387e-02
8.302065268861166247e-01 2.102403376069647556e-02
8.299298835915860373e-01 2.099747038683200118e-02
8.296533324807590093e-01 2.104820148879396613e-02
8.293768735229181122e-01 2.097943285551374937e-02
8.291005066873555762e-01 2.103241360630730278e-02
8.288242319433744010e-01 2.097170192752815035e-02
8.285480492602875779e-01 2.097401446704168573e-02
8.282719586074185347e-01 2.098266439837093503e-02
8.279959599541003579e-01 2.097290372990166796e-02
8.277200532696770141e-01 2.099324218842274839e-02
8.274442385235024622e-01 2.096798554752665744e-02
8.271685156849407639e-01 2.096304494122713108e-02
8.268928847233663060e-01 2.095038776724436266e-02
8.266173456081634674e-01 2.097855150628731222e-02
8.263418983087272851e-01 2.099454631714522956e-02
8.260665427944623440e-01 2.094140588614671478e-02
8.257912790347839982e-01 2.098294976098352346e-02
8.255161069991177047e-01 2.096747476850269534e-02
8.252410266568985797e-01 2.095951505669233286e-02
8.249660379775727304e-01 2.097971761749242367e-02
8.246911409305957008e-01 2.099195448149990262e-02
8.244163354854338044e-01 2.101315853868667913e-02
8.241416216115632354e-01 2.100238751255706707e-02
8.238669992784704021e-01 2.104188266662482612e-02
8.235924684556518161e-01 2.102004985396990419e-02
8.233180291126142025e-01 2.109258501021211638e-02
8.230436812188745010e-01 2.116427736137410642e-02
8.227694247439597541e-01 2.102241687706894735e-02
8.224952596574073294e-01 2.097988864872381287e-02
8.222211859287643643e-01 2.094748457892144436e-02
8.219472035275884325e-01 2.099663096208321048e-02
8.216733124234473218e-01 2.098893837902735329e-02
8.213995125859184787e-01 2.098897680407742911e-02
8.211258039845902301e-01 2.098640098506035848e-02
8.208521865890604507e-01 2.097813954748422444e-02
8.205786603689374514e-01 2.100023149445817000e-02
8.203052252938394240e-01 2.101227334488291534e-02
8.200318813333948853e-01 2.099756966245756168e-02
8.197586284572424553e-01 2.097098085855677446e-02
8.194854666350307459e-01 2.099479165668223513e-02
8.192123958364184722e-01 2.099747930335552765e-02
8.189394160310747850e-01 2.097491836541632779e-02
8.186665271886786055e-01 2.095861752135221717e-02
8.183937292789188467e-01 2.100397230325164177e-02
8.181210222714948577e-01 2.102152039771383596e-02
8.178484061361160906e-01 2.099598100081664573e-02
8.175758808425021007e-01 2.097744009501327500e-02
8.173034463603818800e-01 2.098138670824116481e-02
8.170311026594951898e-01 2.100903710044002559e-02
8.167588497095920053e-01 2.104735052219115082e-02
8.164866874804317387e-01 2.104046701686583878e-02
8.162146159417844604e-01 2.096984693005606026e-02
8.159426350634298997e-01 2.101650019804890759e-02
8.156707448151582218e-01 2.104351425724475255e-02
8.153989451667691402e-01 2.099478534016614370e-02
8.151272360880732482e-01 2.107734827744726230e-02
8.148556175488901321e-01 2.099062660229264465e-02
8.145840895190503694e-01 2.102808796386027371e-02
8.143126519683941966e-01 2.107649049025477409e-02
8.140413048667719531e-01 2.096765973826409182e-02
8.137700481840438593e-01 2.105140096599066729e-02
8.134988818900803498e-01 2.108312297828794299e-02
8.132278059547620730e-01 2.108466155279119930e-02
8.129568203479794475e-01 2.098370976400953936e-02
8.126859250396326617e-01 2.100315225605770691e-02
8.124151199996328954e-01 2.109159458276559096e-02
8.121444051979000989e-01 2.101398098302446546e-02
8.118737806043653249e-01 2.095724298162477198e-02
8.116032461889689520e-01 2.107027229304755250e-02
8.113328019216617948e-01 2.105196941839198102e-02
8.110624477724041048e-01 2.102592667225358994e-02
8.107921837111670138e-01 2.100611619562462937e-02
8.105220097079309793e-01 2.102288211559582426e-02
8.102519257326866731e-01 2.102379272543049293e-02
8.099819317554348697e-01 2.102938623360500053e-02
8.097120277461861138e-01 2.099170015293346306e-02
8.094422136749609420e-01 2.098743649020014257e-02
8.091724895117903271e-01 2.102388796963384696e-02
8.089028552267147898e-01 2.099214744204527111e-02
8.086333107897848427e-01 2.098701566363612644e-02
8.083638561710609904e-01 2.099299203054777463e-02
8.080944913406140628e-01 2.096157367786641301e-02
8.078252162685244375e-01 2.096740318971289027e-02
8.075560309248828172e-01 2.094711455796207863e-02
8.072869352797894527e-01 2.098697733982218469e-02
8.070179293033550305e-01 2.096293916132607044e-02
8.067490129656997855e-01 2.097118753250324166e-02
8.064801862369539442e-01 2.095294966249948779e-02
8.062114490872582806e-01 2.097006718141261258e-02
8.059428014867626722e-01 2.094852832723652705e-02
8.056742434056273217e-01 2.094765629417908934e-02
8.054057748140226458e-01 2.096361199548599577e-02
8.051373956821284983e-01 2.093529675371890234e-02
8.048691059801350578e-01 2.093954450887606372e-02
8.046009056782422730e-01 2.095219399668755283e-02
8.043327947466599737e-01 2.096034191297429725e-02
8.040647731556080924e-01 2.094060320894832253e-02
8.037968408753162208e-01 2.094489436616858019e-02
8.035289978760242757e-01 2.094719272388169753e-02
8.032612441279814997e-01 2.094701325063439562e-02
8.029935796014475713e-01 2.095616461886465332e-02
8.027260042666919393e-01 2.094784411980260899e-02
8.024585180939940443e-01 2.094659612339732496e-02
8.021911210536426529e-01 2.094731464525297418e-02
8.019238131159373006e-01 2.095273943680594012e-02
8.016565942511868492e-01 2.094640517233293045e-02
8.013894644297102632e-01 2.094296196984183137e-02
8.011224236218362771e-01 2.093377596465498952e-02
8.008554717979035065e-01 2.095251248567604058e-02
8.005886089282606699e-01 2.094202273694114810e-02
8.003218349832663669e-01 2.094735854869821806e-02
8.000551499332884120e-01 2.095596246688727696e-02
7.997885537487053886e-01 2.094090682695986388e-02
7.995220463999055394e-01 2.095607844947372511e-02
7.992556278572864326e-01 2.094326279733229115e-02
7.989892980912558507e-01 2.095185837136307946e-02
7.987230570722317902e-01 2.094566227640517336e-02
7.984569047706414624e-01 2.095257695674982920e-02
7.981908411569224038e-01 2.094151090521453873e-02
7.979248662015218096e-01 2.094588307656791021e-02
7.976589798748967564e-01 2.094496885043354087e-02
7.973931821475142012e-01 2.093488834515200292e-02
7.971274729898509825e-01 2.095262879719233737e-02
7.968618523723934866e-01 2.094008789403469309e-02
7.965963202656382025e-01 2.095801536737599072e-02
7.963308766400913896e-01 2.095298515628256017e-02
7.960655214662692991e-01 2.093947515750492136e-02
7.958002547146976191e-01 2.093087825961708476e-02
7.955350763559123628e-01 2.093675115284818547e-02
7.952699863604588693e-01 2.093907059776089347e-02
7.950049846988924696e-01 2.093653478352171596e-02
7.947400713417783757e-01 2.093261076949625918e-02
7.944752462596917919e-01 2.093177090924664210e-02
7.942105094232173590e-01 2.093497193573478840e-02
7.939458608029497100e-01 2.093458473899391728e-02
7.936813003694930257e-01 2.093265621923661585e-02
7.934168280934619233e-01 2.093439665949592757e-02
7.931524439454801234e-01 2.094710447394017294e-02
7.928881478961812279e-01 2.092897768630847324e-02
7.926239399162091637e-01 2.094302826782275251e-02
7.923598199762169614e-01 2.093565478961640150e-02
7.920957880468679768e-01 2.093559283458041806e-02
7.918318440988348916e-01 2.093618333908670026e-02
7.915679881028007125e-01 2.093464364094971622e-02
7.913042200294574391e-01 2.093985118013431609e-02
7.910405398495076179e-01 2.094355858818568172e-02
7.907769475336630105e-01 2.093714029016957578e-02
7.905134430526452594e-01 2.094950626672184915e-02
7.902500263771862210e-01 2.093891758574534245e-02
7.899866974780268558e-01 2.093659631573255991e-02
7.897234563259181161e-01 2.094662525077407508e-02
7.894603028916209464e-01 2.094510968833355330e-02
7.891972371459055058e-01 2.094125719680160411e-02
7.889342590595522786e-01 2.094758778294696089e-02
7.886713686033511861e-01 2.093629484703378452e-02
7.884085657481016973e-01 2.094778402171583107e-02
7.881458504646133845e-01 2.093562253131503112e-02
7.878832227237055896e-01 2.094537474371524488e-02
7.876206824962067587e-01 2.094851635156638053e-02
7.873582297529556628e-01 2.094154245585111082e-02
7.870958644648007319e-01 2.094304922383734280e-02
7.868335866025997216e-01 2.095600915511742698e-02
7.865713961372207130e-01 2.095083033484432603e-02
7.863092930395407798e-01 2.095338755672387920e-02
7.860472772804472097e-01 2.093852068503714720e-02
7.857853488308369494e-01 2.095258123658238006e-02
7.855235076616163825e-01 2.094406369423732275e-02
7.852617537437016626e-01 2.094340247679880168e-02
7.850000870480190462e-01 2.094342747456771903e-02
7.847385075455037828e-01 2.094928418370944900e-02
7.844770152071013358e-01 2.094085217709847069e-02
7.842156100037667166e-01 2.095038527435665737e-02
7.839542919064644844e-01 2.094825559971175838e-02
7.836930608861690795e-01 2.094399454756243339e-02
7.834319169138643790e-01 2.094432523238577010e-02
7.831708599605441412e-01 2.094548057570333813e-02
7.829098899972116721e-01 2.094188185150726994e-02
7.826490069948800476e-01 2.094375432289627761e-02
7.823882109245716698e-01 2.094301892434541693e-02
7.821275017573192656e-01 2.094666510430666720e-02
7.818668794641645547e-01 2.094803032423638717e-02
7.816063440161590270e-01 2.094339742839364596e-02
7.813458953843641641e-01 2.094339066982572189e-02
7.810855335398508847e-01 2.094646351812541954e-02
7.808252584536995444e-01 2.094494138429493085e-02
7.805650700970004907e-01 2.094459426837644994e-02
7.803049684408535080e-01 2.094489099569307386e-02
7.800449534563680398e-01 2.094471280939242189e-02
7.797850251146629663e-01 2.094721527617029316e-02
7.795251833868674929e-01 2.094518797713561600e-02
7.792654282441193736e-01 2.094741690912855017e-02
7.790057596575667986e-01 2.094702803318372608e-02
7.787461775983672840e-01 2.094729859616566159e-02
7.784866820376878938e-01 2.094647102020635518e-02
7.782272729467056838e-01 2.094641483321785930e-02
7.779679502966068139e-01 2.094702469674227657e-02
7.777087140585872138e-01 2.094777976566072550e-02
7.774495642038524723e-01 2.094851506493044038e-02
7.771905007036179480e-01 2.095042313046488122e-02
7.769315235291081034e-01 2.094968510153296520e-02
7.766726326515575041e-01 2.094959868865168065e-02
7.764138280422101523e-01 2.095116215743961924e-02
7.761551096723192655e-01 2.095145895940280639e-02
7.758964775131481639e-01 2.095145673457284030e-02
7.756379315359696047e-01 2.095171382166450408e-02
7.753794717120654489e-01 2.095443190935506947e-02
7.751210980127277717e-01 2.095400138979920321e-02
7.748628104092580848e-01 2.095589213939088452e-02
7.746046088729670043e-01 2.095665775034221898e-02
7.743464933751751378e-01 2.095646931197914925e-02
7.740884638872127521e-01 2.095762839484929113e-02
7.738305203804191068e-01 2.096051680155539693e-02
7.735726628261438975e-01 2.096076931978177113e-02
7.733148911957451466e-01 2.096262221141625276e-02
7.730572054605915344e-01 2.096338013720743659e-02
7.727996055920607343e-01 2.096562056174755898e-02
7.725420915615401896e-01 2.096883563718061200e-02
7.722846633404267802e-01 2.097153735122867305e-02
7.720273209001266013e-01 2.097609529738175826e-02
7.717700642120558507e-01 2.098115292359824594e-02
7.715128932476399415e-01 2.098890352155330027e-02
7.712558079783138343e-01 2.099696090054526537e-02
7.709988083755218158e-01 2.101512359801000970e-02
7.707418944107182757e-01 2.104593041041281573e-02
7.704850660553663744e-01 2.113141740299334312e-02
7.702283232809394864e-01 2.171949872552949787e-02
7.699716660589197570e-01 2.157531833286029446e-02
7.697150943607994344e-01 2.112364563388532956e-02
7.694586081580799819e-01 2.104819226757819253e-02
7.692022074222725214e-01 2.102264055197782672e-02
7.689458921248975010e-01 2.101231781994086778e-02
7.686896622374850274e-01 2.100815658563292762e-02
7.684335177315744225e-01 2.100752112298033894e-02
7.681774585787148890e-01 2.101339035429775765e-02
7.679214847504646224e-01 2.102880793859075031e-02
7.676655962183916992e-01 2.105318805411586849e-02
7.674097929540736329e-01 2.109837613664198100e-02
7.671540749290971517e-01 2.120670400646824591e-02
7.668984421150588648e-01 2.158261858356295970e-02
7.666428944835642634e-01 2.220860800792421458e-02
7.663874320062288303e-01 2.134143499006774594e-02
7.661320546546771526e-01 2.114562103228680504e-02
7.658767624005435870e-01 2.107412720137794709e-02
7.656215552154718162e-01 2.103938661036870716e-02
7.653664330711147379e-01 2.101861252498201521e-02
7.651113959391349084e-01 2.100353871697504746e-02
7.648564437912045433e-01 2.099473735992905474e-02
7.646015765990047397e-01 2.098679146040387591e-02
7.643467943342265869e-01 2.097897003028409077e-02
7.640920969685703890e-01 2.097528721710611305e-02
7.638374844737457758e-01 2.097159405143645197e-02
7.635829568214718144e-01 2.097149377790633387e-02
7.633285139834772304e-01 2.096941728391328585e-02
7.630741559315000755e-01 2.096517472957841466e-02
7.628198826372875052e-01 2.096236688196062223e-02
7.625656940725966670e-01 2.096156479766987310e-02
7.623115902091935903e-01 2.096184165101747793e-02
7.620575710188538521e-01 2.096152002427070782e-02
7.618036364733627996e-01 2.096452110461383134e-02
7.615497865445145509e-01 2.095944634159997710e-02
7.612960212041131047e-01 2.096083734644360250e-02
7.610423404239716749e-01 2.095965460011591647e-02
7.607887441759130231e-01 2.096270238093157767e-02
7.605352324317691259e-01 2.096021002101143907e-02
7.602818051633811747e-01 2.095837851319237374e-02
7.600284623426002417e-01 2.095957233788370636e-02
7.597752039412865033e-01 2.096215561422255097e-02
7.595220299313092394e-01 2.096699442687410819e-02
7.592689402845477220e-01 2.096227935024667227e-02
7.590159349728901050e-01 2.096047778070330228e-02
7.587630139682339792e-01 2.096520337910044024e-02
7.585101772424864830e-01 2.095897651201768588e-02
7.582574247675638590e-01 2.096149564103079802e-02
7.580047565153918976e-01 2.095943984534206703e-02
7.577521724579060480e-01 2.096318335956829162e-02
7.574996725670501974e-01 2.096338773217668386e-02
7.572472568147785577e-01 2.096306528077991269e-02
7.569949251730542228e-01 2.095706479975366701e-02
7.567426776138495015e-01 2.096665992695887978e-02
7.564905141091464724e-01 2.096650937305597623e-02
7.562384346309360961e-01 2.096342285844332923e-02
7.559864391512189918e-01 2.096208212184267478e-02
7.557345276420048830e-01 2.096438074130471674e-02
7.554827000753130406e-01 2.096818181372718179e-02
7.552309564231719508e-01 2.096358718682318767e-02
7.549792966576193143e-01 2.096630740014542721e-02
7.547277207507023800e-01 2.096525712281866599e-02
7.544762286744775004e-01 2.097086065044479961e-02
7.542248204010104651e-01 2.096139686787783576e-02
7.539734959023762784e-01 2.096784528349265528e-02
7.537222551506593815e-01 2.096772667265182910e-02
7.534710981179534306e-01 2.096440977529507102e-02
7.532200247763610745e-01 2.097250700160175826e-02
7.529690350979950653e-01 2.096665803285069005e-02
7.527181290549767034e-01 2.097388708359027021e-02
7.524673066194368376e-01 2.098250319909186756e-02
7.522165677635156422e-01 2.096590724306703415e-02
7.519659124593625066e-01 2.097082423507901430e-02
7.517153406791360348e-01 2.097312822111181696e-02
7.514648523950043790e-01 2.097556641887002651e-02
7.512144475791445730e-01 2.096347479797422420e-02
7.509641262037433096e-01 2.096521919702631562e-02
7.507138882409961633e-01 2.098584551315551064e-02
7.504637336631084787e-01 2.097278484965895209e-02
7.502136624422943711e-01 2.099119628642391253e-02
7.499636745507773927e-01 2.097008550578774097e-02
7.497137699607904215e-01 2.097773540479804660e-02
7.494639486445754395e-01 2.096598578393301174e-02
7.492142105743839764e-01 2.098102646416691308e-02
7.489645557224764438e-01 2.097853934188567346e-02
7.487149840611225793e-01 2.097996652159658457e-02
7.484654955626017792e-01 2.098052834579479733e-02
7.482160901992019886e-01 2.100125836126608136e-02
7.479667679432208116e-01 2.098645176693159781e-02
7.477175287669651782e-01 2.097795059532655410e-02
7.474683726427507890e-01 2.096467932117554445e-02
7.472192995429032258e-01 2.098849044698835459e-02
7.469703094397565080e-01 2.097741675092539351e-02
7.467214023056545358e-01 2.097531166808848380e-02
7.464725781129502025e-01 2.099106218494726020e-02
7.462238368340055050e-01 2.098536298955993792e-02
7.459751784411917663e-01 2.099695644638324005e-02
7.457266029068893021e-01 2.100317688265257443e-02
7.454781102034881979e-01 2.098898420939109347e-02
7.452297003033869771e-01 2.096947388864095832e-02
7.449813731789938220e-01 2.097880624525520765e-02
7.447331288027263518e-01 2.098631255448764679e-02
7.444849671470106234e-01 2.100230141916072449e-02
7.442368881842824635e-01 2.101393122728053772e-02
7.439888918869868029e-01 2.102039563776126815e-02
7.437409782275774539e-01 2.100113401092565391e-02
7.434931471785178880e-01 2.097760840219131673e-02
7.432453987122803474e-01 2.097636342314099581e-02
7.429977328013466220e-01 2.098102722195927319e-02
7.427501494182071617e-01 2.102501759784981827e-02
7.425026485353619643e-01 2.099969365368570609e-02
7.422552301253201312e-01 2.101216018679406827e-02
7.420078941605998679e-01 2.098249100174527301e-02
7.417606406137285946e-01 2.101506309097882566e-02
7.415134694572428353e-01 2.098296277257370376e-02
7.412663806636882180e-01 2.101179675946140968e-02
7.410193742056195854e-01 2.099845944082856519e-02
7.407724500556009950e-01 2.100754374199624921e-02
7.405256081862056083e-01 2.099902238850120256e-02
7.402788485700154686e-01 2.101420423668350079e-02
7.400321711796222779e-01 2.101393555018027381e-02
7.397855759876263981e-01 2.099327029279023787e-02
7.395390629666374060e-01 2.099958383465674178e-02
7.392926320892742043e-01 2.101626795815436308e-02
7.390462833281649102e-01 2.102269669219460763e-02
7.388000166559461901e-01 2.098619713904729608e-02
7.385538320452642580e-01 2.106596223844854274e-02
7.383077294687747649e-01 2.100277158783871514e-02
7.380617088991415775e-01 2.100077515029029687e-02
7.378157703090386654e-01 2.100701299835988634e-02
7.375699136711481030e-01 2.101971462428297438e-02
7.373241389581620675e-01 2.101992862963208281e-02
7.370784461427809520e-01 2.101804600198075787e-02
7.368328351977150303e-01 2.106079911638958357e-02
7.365873060956831253e-01 2.101244519513251197e-02
7.363418588094132744e-01 2.102831097392518153e-02
7.360964933116426190e-01 2.100853540442892617e-02
7.358512095751176263e-01 2.099439902361553353e-02
7.356060075725934233e-01 2.102372627385016776e-02
7.353608872768343518e-01 2.098198301043465580e-02
7.351158486606140796e-01 2.106436727518454927e-02
7.348708916967152671e-01 2.099849842110970699e-02
7.346260163579291236e-01 2.102152489170281205e-02
7.343812226170567392e-01 2.100719729335656996e-02
7.341365104469077529e-01 2.098986735899884340e-02
7.338918798203009075e-01 2.099894922689171314e-02
7.336473307100641605e-01 2.103297585670852246e-02
7.334028630890344624e-01 2.104338956388410523e-02
7.331584769300577564e-01 2.099406769735877656e-02
7.329141722059890895e-01 2.105865874744052360e-02
7.326699488896923906e-01 2.098559296652963840e-02
7.324258069540410254e-01 2.100812196117022093e-02
7.321817463719170194e-01 2.101629869619637409e-02
7.319377671162116128e-01 2.107122149557255977e-02
7.316938691598248168e-01 2.102463930913183593e-02
7.314500524756663014e-01 2.104570721836240832e-02
7.312063170366540632e-01 2.108429779131341941e-02
7.309626628157153139e-01 2.100101892100461609e-02
7.307190897857867018e-01 2.107280104628618186e-02
7.304755979198134241e-01 2.104168372291881708e-02
7.302321871907497819e-01 2.108495567071159288e-02
7.299888575715591799e-01 2.098091051369899152e-02
7.297456090352141267e-01 2.106347292039612712e-02
7.295024415546957908e-01 2.103827539337691996e-02
7.292593551029947774e-01 2.104807975540450363e-02
7.290163496531103515e-01 2.101978486709374719e-02
7.287734251780508821e-01 2.096910339433739195e-02
7.285305816508339527e-01 2.100161865894790633e-02
7.282878190444858069e-01 2.100522048435755906e-02
7.280451373320416808e-01 2.102545066736822080e-02
7.278025364865461366e-01 2.105725426811659237e-02
7.275600164810523962e-01 2.102555870630122212e-02
7.273175772886227852e-01 2.101323258265820615e-02
7.270752188823286222e-01 2.101753692095508635e-02
7.268329412352501073e-01 2.101715166218963773e-02
7.265907443204766558e-01 2.103781321588293896e-02
7.263486281111062315e-01 2.107182201934756222e-02
7.261065925802461241e-01 2.103600095413842713e-02
7.258646377010122830e-01 2.102940819813622214e-02
7.256227634465300946e-01 2.105575487492017048e-02
7.253809697899333830e-01 2.106486835177964756e-02
7.251392567043652981e-01 2.101373084478932660e-02
7.248976241629775386e-01 2.104053362825072243e-02
7.246560721389311288e-01 2.106096313776370521e-02
7.244146006053959752e-01 2.098840742953579294e-02
7.241732095355508658e-01 2.106221173038754987e-02
7.239318989025832485e-01 2.103316178027218528e-02
7.236906686796898969e-01 2.104904214055864503e-02
7.234495188400765775e-01 2.102764594330500461e-02
7.232084493569574946e-01 2.102800582042112926e-02
7.229674602035562891e-01 2.104258099618920227e-02
7.227265513531052621e-01 2.101384963393556835e-02
7.224857227788455960e-01 2.102679675255568828e-02
7.222449744540274663e-01 2.101206561020162525e-02
7.220043063519101523e-01 2.104746591152848248e-02
7.217637184457614818e-01 2.101831392680637151e-02
7.215232107088584979e-01 2.101661905690260790e-02
7.212827831144869029e-01 2.103609204286258430e-02
7.210424356359416143e-01 2.103546518538964780e-02
7.208021682465259872e-01 2.105769860665670720e-02
7.205619809195528136e-01 2.105013684230973292e-02
7.203218736283433232e-01 2.107849677504963076e-02
7.200818463462278496e-01 2.102578189539548725e-02
7.198418990465456080e-01 2.101332328108119346e-02
7.196020317026446955e-01 2.107138662815115013e-02
7.193622442878819800e-01 2.102909687647066053e-02
7.191225367756234332e-01 2.100525256631209994e-02
7.188829091392436865e-01 2.108050477808031190e-02
7.186433613521261421e-01 2.106561483658960995e-02
7.184038933876636390e-01 2.103068894135452782e-02
7.181645052192571210e-01 2.101767823897301990e-02
7.179251968203169687e-01 2.108772557766671468e-02
7.176859681642622224e-01 2.103797562994285525e-02
7.174468192245205822e-01 2.108150914608981907e-02
7.172077499745290741e-01 2.106833785019295718e-02
7.169687603877330506e-01 2.110566362337261068e-02
7.167298504375871904e-01 2.115960777416089206e-02
7.164910200975546095e-01 2.107111885431586090e-02
7.162522693411075281e-01 2.100682976814377198e-02
7.160135981417269369e-01 2.104509612665887708e-02
7.157750064729025974e-01 2.101249595451270061e-02
7.155364943081331530e-01 2.098077033788304027e-02
7.152980616209261289e-01 2.100621428470871715e-02
7.150597083847978208e-01 2.099615911250258399e-02
7.148214345732734065e-01 2.098903266687756480e-02
7.145832401598867234e-01 2.098372997588763417e-02
7.143451251181804906e-01 2.100724420010735560e-02
7.141070894217065312e-01 2.098384381386254882e-02
7.138691330440251059e-01 2.098193879929170433e-02
7.136312559587055793e-01 2.098582173184840305e-02
7.133934581393257535e-01 2.098681086316885741e-02
7.131557395594725346e-01 2.100133324143178479e-02
7.129181001927415995e-01 2.098162691391577267e-02
7.126805400127373957e-01 2.101596490332198822e-02
7.124430589930729196e-01 2.098503984821973103e-02
7.122056571073703823e-01 2.099447293511157164e-02
7.119683343292605437e-01 2.098301403325249226e-02
7.117310906323830455e-01 2.098956054251259820e-02
7.114939259903861890e-01 2.097113943538355535e-02
7.112568403769271574e-01 2.098905365142402293e-02
7.110198337656719048e-01 2.099774733794535636e-02
7.107829061302951557e-01 2.098927103092489491e-02
7.105460574444802946e-01 2.097129988587102117e-02
7.103092876819195878e-01 2.098720324331559278e-02
7.100725968163140722e-01 2.098556806929165880e-02
7.098359848213735557e-01 2.097603906817259792e-02
7.095994516708166167e-01 2.100229828387102649e-02
7.093629973383703824e-01 2.098631949418539033e-02
7.091266217977711950e-01 2.099606681108507136e-02
7.088903250227635011e-01 2.097702841985986735e-02
7.086541069871010734e-01 2.096786738756687904e-02
7.084179676645461221e-01 2.097117254199071940e-02
7.081819070288698503e-01 2.101210099336151341e-02
7.079459250538518988e-01 2.097665979581806936e-02
7.077100217132806792e-01 2.098179231758094676e-02
7.074741969809537068e-01 2.100564601665642905e-02
7.072384508306768236e-01 2.097435669445909742e-02
7.070027832362646425e-01 2.096993736989465409e-02
7.067671941715406581e-01 2.101371528368442196e-02
7.065316836103372466e-01 2.097721501979662659e-02
7.062962515264950003e-01 2.098279065082051670e-02
7.060608978938637259e-01 2.098335200330778139e-02
7.058256226863015570e-01 2.098058519590367474e-02
7.055904258776756199e-01 2.097879321385240706e-02
7.053553074418615898e-01 2.100504912815855801e-02
7.051202673527439124e-01 2.098530684996673806e-02
7.048853055842158044e-01 2.098142472185427626e-02
7.046504221101790311e-01 2.099632638660150000e-02
7.044156169045442395e-01 2.097735975278012047e-02
7.041808899412304035e-01 2.099397287179756086e-02
7.039462411941656006e-01 2.098335907413225940e-02
7.037116706372864572e-01 2.097967679149383147e-02
7.034771782445382593e-01 2.096786082480427832e-02
7.032427639898749527e-01 2.098950055972279710e-02
7.030084278472590320e-01 2.099816609169303724e-02
7.027741697906622065e-01 2.099734903902325880e-02
7.025399897940640681e-01 2.098160522026373820e-02
7.023058878314535347e-01 2.098278823844378776e-02
7.020718638768278508e-01 2.097802502129141045e-02
7.018379179041931426e-01 2.100159534157728172e-02
7.016040498875639742e-01 2.097163605369884234e-02
7.013702598009635691e-01 2.100635173132685621e-02
7.011365476184239220e-01 2.097338692305472305e-02
7.009029133139860201e-01 2.097938741385041092e-02
7.006693568616987333e-01 2.099725050178970903e-02
7.004358782356201463e-01 2.097557719762953993e-02
7.002024774098167814e-01 2.098854731868457155e-02
6.999691543583639319e-01 2.099128419731539213e-02
6.997359090553455507e-01 2.097340266072333231e-02
6.995027414748538064e-01 2.098514595395172336e-02
6.992696515909900823e-01 2.098024982189217180e-02
6.990366393778640886e-01 2.098786470034231383e-02
6.988037048095941950e-01 2.098657428889425317e-02
6.985708478603073202e-01 2.096984708201698328e-02
6.983380685041392644e-01 2.097781492156071403e-02
6.981053667152341546e-01 2.096869595570555536e-02
6.978727424677447777e-01 2.097894524700396127e-02
6.976401957358329131e-01 2.097508284291218703e-02
6.974077264936683340e-01 2.097332468068789646e-02
6.971753347154296954e-01 2.098112518247053845e-02
6.969430203753046449e-01 2.096842924836926983e-02
6.967107834474888239e-01 2.097820861171597467e-02
6.964786239061866446e-01 2.097963611545540161e-02
6.962465417256114009e-01 2.099514457336884229e-02
6.960145368799847132e-01 2.098716762929644930e-02
6.957826093435367509e-01 2.100266285656208348e-02
6.955507590905065651e-01 2.098034082165114306e-02
6.953189860951415335e-01 2.099410404658111698e-02
6.950872903316974716e-01 2.098942837304068262e-02
6.948556717744392985e-01 2.099884297427744018e-02
6.946241303976400383e-01 2.099503019855739408e-02
6.943926661755814855e-01 2.101447175712201423e-02
6.941612790825538726e-01 2.101215932922048321e-02
6.939299690928563136e-01 2.099702674211418457e-02
6.936987361807959163e-01 2.098657802364004704e-02
6.934675803206890032e-01 2.102760222478483251e-02
6.932365014868600017e-01 2.103116151844828738e-02
6.930054996536421097e-01 2.100144039366748025e-02
6.927745747953768518e-01 2.100115135355933374e-02
6.925437268864147455e-01 2.106197602439219274e-02
6.923129559011143019e-01 2.106165318502920686e-02
6.920822618138429139e-01 2.103346917286681717e-02
6.918516445989765229e-01 2.100507813144958033e-02
6.916211042308996193e-01 2.099859576129865443e-02
6.913906406840047980e-01 2.098694165426985905e-02
6.911602539326939798e-01 2.097549560392731466e-02
6.909299439513767460e-01 2.098141665473245154e-02
6.906997107144718928e-01 2.097070410641606666e-02
6.904695541964063210e-01 2.098752564348075819e-02
6.902394743716157022e-01 2.097498843937215321e-02
6.900094712145442566e-01 2.096920155101935496e-02
6.897795446996443092e-01 2.096847297346061609e-02
6.895496948013771776e-01 2.097073269498090850e-02
6.893199214942123954e-01 2.096998173129524523e-02
6.890902247526280444e-01 2.096684987717637241e-02
6.888606045511109777e-01 2.096790956682047583e-02
6.886310608641562636e-01 2.096756301282665449e-02
6.884015936662674084e-01 2.096742439840305894e-02
6.881722029319568001e-01 2.096739254071160879e-02
6.879428886357448203e-01 2.097223259343839255e-02
6.877136507521607323e-01 2.097775744425075736e-02
6.874844892557421261e-01 2.096434769615260901e-02
6.872554041210350295e-01 2.096478551390889081e-02
6.870263953225941300e-01 2.096563026010660885e-02
6.867974628349823307e-01 2.096709102335905447e-02
6.865686066327714165e-01 2.096447484320964824e-02
6.863398266905411660e-01 2.096758324685881955e-02
6.861111229828802394e-01 2.096358931544869963e-02
6.858824954843852906e-01 2.096516112061044823e-02
6.856539441696620774e-01 2.096396501410162719e-02
6.854254690133242400e-01 2.096452413378745508e-02
6.851970699899943007e-01 2.096387947333966731e-02
6.849687470743027751e-01 2.096569197510790572e-02
6.847405002408890606e-01 2.096695220475667393e-02
6.845123294644008816e-01 2.096531243437279105e-02
6.842842347194943997e-01 2.096472700100518796e-02
6.840562159808339926e-01 2.096730769338035760e-02
6.838282732230929195e-01 2.096571999506772685e-02
6.836004064209525444e-01 2.096582164756606581e-02
6.833726155491028909e-01 2.096428546110221114e-02
6.831449005822419762e-01 2.096681561654051285e-02
6.829172614950770326e-01 2.096730636142846160e-02
6.826896982623228416e-01 2.096559644131803721e-02
6.824622108587031777e-01 2.096624105230172203e-02
6.822347992589502530e-01 2.096741971638091742e-02
6.820074634378041623e-01 2.096752870198822019e-02
6.817802033700141040e-01 2.097066656456223269e-02
6.815530190303372704e-01 2.096758020636948355e-02
6.813259103935394023e-01 2.096685257289878160e-02
6.810988774343945673e-01 2.096720376312572603e-02
6.808719201276852706e-01 2.096867546691563028e-02
6.806450384482025662e-01 2.096802315570868089e-02
6.804182323707455016e-01 2.096677200427057158e-02
6.801915018701221172e-01 2.096877383607928524e-02
6.799648469211483359e-01 2.096942836699142512e-02
6.797382674986488516e-01 2.096774012216533201e-02
6.795117635774562403e-01 2.096951597677878393e-02
6.792853351324121824e-01 2.096867353733374711e-02
6.790589821383659075e-01 2.096966089895185500e-02
6.788327045701757489e-01 2.096997493034056040e-02
6.786065024027081449e-01 2.096903810467199911e-02
6.783803756108378602e-01 2.097028925470858368e-02
6.781543241694479862e-01 2.096959361992039791e-02
6.779283480534301631e-01 2.097068556744863255e-02
6.777024472376842468e-01 2.097126110564801610e-02
6.774766216971185306e-01 2.097074618530411771e-02
6.772508714066495239e-01 2.097095565686010396e-02
6.770251963412023954e-01 2.097102770265380639e-02
6.767995964757105298e-01 2.097127926926769734e-02
6.765740717851154162e-01 2.097081092491579618e-02
6.763486222443672036e-01 2.097144140930570777e-02
6.761232478284243674e-01 2.097187267537999750e-02
6.758979485122535991e-01 2.097176101870254841e-02
6.756727242708299164e-01 2.097226503824939012e-02
6.754475750791368860e-01 2.097254162918550310e-02
6.752225009121660682e-01 2.097156012148426035e-02
6.749975017449176828e-01 2.097162546859887913e-02
6.747725775524002767e-01 2.097393874324016486e-02
6.745477283096302790e-01 2.097343415824566570e-02
6.743229539916330006e-01 2.097339953013301408e-02
6.740982545734418574e-01 2.097546663520303070e-02
6.738736300300984805e-01 2.097534184611700436e-02
6.736490803366528279e-01 2.097486079580060392e-02
6.734246054681635174e-01 2.097354590989656750e-02
6.732002053996968272e-01 2.097623124770883404e-02
6.729758801063279172e-01 2.097647458898185824e-02
6.727516295631401633e-01 2.097646191825371792e-02
6.725274537452250456e-01 2.097528201197397177e-02
6.723033526276824823e-01 2.097592729930294539e-02
6.720793261856206069e-01 2.097752421139576287e-02
6.718553743941557688e-01 2.097644390142290247e-02
6.716314972284129770e-01 2.097661046141763297e-02
6.714076946635250120e-01 2.097655710451106284e-02
6.711839666746335364e-01 2.097908965113686602e-02
6.709603132368877620e-01 2.097856582473996492e-02
6.707367343254460046e-01 2.097657697386812181e-02
6.705132299154741293e-01 2.098185453875803588e-02
6.702897999821466613e-01 2.097912394591204890e-02
6.700664445006464520e-01 2.097894431532189644e-02
6.698431634461642359e-01 2.097986741291816074e-02
6.696199567938996289e-01 2.098189731356961407e-02
6.693968245190599076e-01 2.097987868625254132e-02
6.691737665968608972e-01 2.098318653078020193e-02
6.689507830025266388e-01 2.098317606973649704e-02
6.687278737112896110e-01 2.098027169982440501e-02
6.685050386983900639e-01 2.097972057290237516e-02
6.682822779390769075e-01 2.098457789079709659e-02
6.680595914086073783e-01 2.098446418266328162e-02
6.678369790822465957e-01 2.098467669322371526e-02
6.676144409352681164e-01 2.098023687637071491e-02
6.673919769429538240e-01 2.098740451276406849e-02
6.671695870805934847e-01 2.098225013714165657e-02
6.669472713234856354e-01 2.098575516947575464e-02
6.667250296469365844e-01 2.098565838238868747e-02
6.665028620262610781e-01 2.098561961124849676e-02
6.662807684367821892e-01 2.098861997194315099e-02
6.660587488538308731e-01 2.098360399789380923e-02
6.658368032527465230e-01 2.098836093778314732e-02
6.656149316088768586e-01 2.098893564760521968e-02
6.653931338975777043e-01 2.098599030896899226e-02
6.651714100942128782e-01 2.098646633309643808e-02
6.649497601741547470e-01 2.098631516449442000e-02
6.647281841127837820e-01 2.098979850325554536e-02
6.645066818854886703e-01 2.098522078384322531e-02
6.642852534676659815e-01 2.099536874451913074e-02
6.640638988347210558e-01 2.098895796998324209e-02
6.638426179620670053e-01 2.098871946432706234e-02
6.636214108251252686e-01 2.098770373577001427e-02
6.634002773993253887e-01 2.099478652788369301e-02
6.631792176601052358e-01 2.099161542039289924e-02
6.629582315829110062e-01 2.099292842308685125e-02
6.627373191431965571e-01 2.099435561221149604e-02
6.625164803164244054e-01 2.099121720122712129e-02
6.622957150780649505e-01 2.099021818010284382e-02
6.620750234035970294e-01 2.099189995999148003e-02
6.618544052685074730e-01 2.099332016600343603e-02
6.616338606482913276e-01 2.099080411194287343e-02
6.614133895184518552e-01 2.100113373223728638e-02
6.611929918545003115e-01 2.099711737498360931e-02
6.609726676319562788e-01 2.099023765615528128e-02
6.607524168263474440e-01 2.099627797196182769e-02
6.605322394132097097e-01 2.098994258154257900e-02
6.603121353680868610e-01 2.100092277728907164e-02
6.600921046665313430e-01 2.099980044612529892e-02
6.598721472841032609e-01 2.099979777857172852e-02
6.596522631963710470e-01 2.099538178352801723e-02
6.594324523789114600e-01 2.099403267378049942e-02
6.592127148073089193e-01 2.099338786862898348e-02
6.589930504571565040e-01 2.099483670456539150e-02
6.587734593040550646e-01 2.100765345308032092e-02
6.585539413236138895e-01 2.100322837511561444e-02
6.583344964914500386e-01 2.100113919100200441e-02
6.581151247831888984e-01 2.099476536804247354e-02
6.578958261744640712e-01 2.099545291754327872e-02
6.576766006409170418e-01 2.101154359295224691e-02
6.574574481581976215e-01 2.101068089056886551e-02
6.572383687019635046e-01 2.100127319809130810e-02
6.570193622478808226e-01 2.100428946148777051e-02
6.568004287716235901e-01 2.100145199005406041e-02
6.565815682488740368e-01 2.100599262235527953e-02
6.563627806553221644e-01 2.100089303042725064e-02
6.561440659666665232e-01 2.099907376718239752e-02
6.559254241586136569e-01 2.100637333475553065e-02
6.557068552068779921e-01 2.100179282076886436e-02
6.554883590871821708e-01 2.100807696620542869e-02
6.552699357752570508e-01 2.099901978489799800e-02
6.550515852468414835e-01 2.100386849962811164e-02
6.548333074776822027e-01 2.099836073942829007e-02
6.546151024435341581e-01 2.100435066321872796e-02
6.543969701201608480e-01 2.100139598808343708e-02
6.541789104833329871e-01 2.099713043969777745e-02
6.539609235088300609e-01 2.100246239524069733e-02
6.537430091724391046e-01 2.100317199514754873e-02
6.535251674499558128e-01 2.100412043240344057e-02
6.533073983171833188e-01 2.099918426037122865e-02
6.530897017499333046e-01 2.100084890682842043e-02
6.528720777240252238e-01 2.100312613820359137e-02
6.526545262152868565e-01 2.100598461913368367e-02
6.524370471995536436e-01 2.101124698498320689e-02
6.522196406526693524e-01 2.101416658538186877e-02
6.520023065504857440e-01 2.102568854281211541e-02
6.517850448688627951e-01 2.102236300751919584e-02
6.515678555836681429e-01 2.101489584596415508e-02
6.513507386707778624e-01 2.100509327142062801e-02
6.511336941060757999e-01 2.100333841503282395e-02
6.509167218654539067e-01 2.100059570031379344e-02
6.506998219248123494e-01 2.100110367873156761e-02
6.504829942600589554e-01 2.100690052073572386e-02
6.502662388471098787e-01 2.100225545470152735e-02
6.500495556618891557e-01 2.100384940286087118e-02
6.498329446803290388e-01 2.101019811822953109e-02
6.496164058783695516e-01 2.100397247575652021e-02
6.493999392319588226e-01 2.101160523553526754e-02
6.491835447170529738e-01 2.101261512407070695e-02
6.489672223096164538e-01 2.101052032679956091e-02
6.487509719856212609e-01 2.101073452405259265e-02
6.485347937210474978e-01 2.101973276056813555e-02
6.483186874918834830e-01 2.100901424810598661e-02
6.481026532741254176e-01 2.101810111860000913e-02
6.478866910437773852e-01 2.101305500256429176e-02
6.476708007768517961e-01 2.102869792877029922e-02
6.474549824493686101e-01 2.102117683502306017e-02
6.472392360373561138e-01 2.101427639273396875e-02
6.470235615168504761e-01 2.102433588146771989e-02
6.468079588638957489e-01 2.103014712828793140e-02
6.465924280545443104e-01 2.103720207320528349e-02
6.463769690648558663e-01 2.100784806462116516e-02
6.461615818708988934e-01 2.102750910676422572e-02
6.459462664487493067e-01 2.102084794042390764e-02
6.457310227744910147e-01 2.101258746082989431e-02
6.455158508242163640e-01 2.102683503076245922e-02
6.453007505740249172e-01 2.101363120937337417e-02
6.450857220000248970e-01 2.101366328069667611e-02
6.448707650783320755e-01 2.101041404960106440e-02
6.446558797850702183e-01 2.101669656126354396e-02
6.444410660963714177e-01 2.101565408120264350e-02
6.442263239883753156e-01 2.101517148609369917e-02
6.440116534372294366e-01 2.101336424532827818e-02
6.437970544190897426e-01 2.100816633116606505e-02
6.435825269101196344e-01 2.101277519176510122e-02
6.433680708864908393e-01 2.101473863843029977e-02
6.431536863243826341e-01 2.100937861450120903e-02
6.429393731999826223e-01 2.100891596444515175e-02
6.427251314894860679e-01 2.101286026957255651e-02
6.425109611690963396e-01 2.101011599835169233e-02
6.422968622150245777e-01 2.101118207274492791e-02
6.420828346034901379e-01 2.101183902912289944e-02
6.418688783107198148e-01 2.101162589374029610e-02
6.416549933129487293e-01 2.101144235896652834e-02
6.414411795864198851e-01 2.101157614466689014e-02
6.412274371073840573e-01 2.101072616868677675e-02
6.410137658521000148e-01 2.101455601777181895e-02
6.408001657968342979e-01 2.101224003762652490e-02
6.405866369178616626e-01 2.101222567448021022e-02
6.403731791914645255e-01 2.101186885741166202e-02
6.401597925939331857e-01 2.101362195007825534e-02
6.399464771015658249e-01 2.101238846961549570e-02
6.397332326906689515e-01 2.101324856450205447e-02
6.395200593375564013e-01 2.101535572578481018e-02
6.393069570185502259e-01 2.101416344478164097e-02
6.390939257099801374e-01 2.101426679171996062e-02
6.388809653881840633e-01 2.101451936660439501e-02
6.386680760295074810e-01 2.101536165301336190e-02
6.384552576103039723e-01 2.101728438926484671e-02
6.382425101069350015e-01 2.101565604344625762e-02
6.380298334957696937e-01 2.101678941509118118e-02
6.378172277531852785e-01 2.101461269726043191e-02
6.376046928555667570e-01 2.101553770366197671e-02
6.373922287793069019e-01 2.101902710436594907e-02
6.371798355008065906e-01 2.101580885220233341e-02
6.369675129964743610e-01 2.101666741172689493e-02
6.367552612427268555e-01 2.101547706914019473e-02
6.365430802159880441e-01 2.101604946451955669e-02
6.363309698926904456e-01 2.101769916625816775e-02
6.361189302492740172e-01 2.101724589595011655e-02
6.359069612621864875e-01 2.101701231331545155e-02
6.356950629078839121e-01 2.101739816875868722e-02
6.354832351628295628e-01 2.101780812704645909e-02
6.352714780034950381e-01 2.101861029305169409e-02
6.350597914063595972e-01 2.101767221369889999e-02
6.348481753479101597e-01 2.101978795427930993e-02
6.346366298046419718e-01 2.101889628163056134e-02
6.344251547530576074e-01 2.101990513144903067e-02
6.342137501696675228e-01 2.101971562150366235e-02
6.340024160309905010e-01 2.102055655585347363e-02
6.337911523135526526e-01 2.102059131116568516e-02
6.335799589938879706e-01 2.102171288627507212e-02
6.333688360485384417e-01 2.102256606526445304e-02
6.331577834540537131e-01 2.102105957600148081e-02
6.329468011869913147e-01 2.102260793193968733e-02
6.327358892239166588e-01 2.102250507052579737e-02
6.325250475414028184e-01 2.102453678910855620e-02
6.323142761160307490e-01 2.102334134901529331e-02
6.321035749243891777e-01 2.102364843919341669e-02
6.318929439430748252e-01 2.102443057177317415e-02
6.316823831486918506e-01 2.102322795665508004e-02
6.314718925178526288e-01 2.102400660392955006e-02
6.312614720271768620e-01 2.102343115972104409e-02
6.310511216532923573e-01 2.102394770268331547e-02
6.308408413728348041e-01 2.102418074442249582e-02
6.306306311624472194e-01 2.102464341999767117e-02
6.304204909987808358e-01 2.102459549576224385e-02
6.302104208584947687e-01 2.102481460120799242e-02
6.300004207182552385e-01 2.102601289279439761e-02
6.297904905547370147e-01 2.102548802468552636e-02
6.295806303446220831e-01 2.102674477973681677e-02
6.293708400646004231e-01 2.102682524991426535e-02
6.291611196913698967e-01 2.102703068182345397e-02
6.289514692016360264e-01 2.102706482964337986e-02
6.287418885721118844e-01 2.102853636484660477e-02
6.285323777795186473e-01 2.102805633941772986e-02
6.283229368005851523e-01 2.102955526297521638e-02
6.281135656120477861e-01 2.102778841538940208e-02
6.279042641906508182e-01 2.103309150737895511e-02
6.276950325131464004e-01 2.103050111591027102e-02
6.274858705562942340e-01 2.103180726002925466e-02
6.272767782968619033e-01 2.103205625806543397e-02
6.270677557116246525e-01 2.103151537238077268e-02
6.268588027773654980e-01 2.103575950683086310e-02
6.266499194708751164e-01 2.103261544162864094e-02
6.264411057689520668e-01 2.103203398636838833e-02
6.262323616484026800e-01 2.103296079327511905e-02
6.260236870860406144e-01 2.103418149002811086e-02
6.258150820586877439e-01 2.103411412602877728e-02
6.256065465431732697e-01 2.103293138625933825e-02
6.253980805163343870e-01 2.103286067943393664e-02
6.251896839550160623e-01 2.103361827731786010e-02
6.249813568360705895e-01 2.103429863332197461e-02
6.247730991363584785e-01 2.103462038693409974e-02
6.245649108327474552e-01 2.103400292652770134e-02
6.243567919021134616e-01 2.103425726810760621e-02
6.241487423213395447e-01 2.103479823728014036e-02
6.239407620673171895e-01 2.103513300934904337e-02
6.237328511169447642e-01 2.103550085650800552e-02
6.235250094471289639e-01 2.103545779770567975e-02
6.233172370347840330e-01 2.103597554821559634e-02
6.231095338568317654e-01 2.103618700977121295e-02
6.229018998902016158e-01 2.103678312081346674e-02
6.226943351118310321e-01 2.103708444241660785e-02
6.224868394986646791e-01 2.103748783181426038e-02
6.222794130276554370e-01 2.103782793984267444e-02
6.220720556757635133e-01 2.103807617420301590e-02
6.218647674199567765e-01 2.103855585873440348e-02
6.216575482372109773e-01 2.103872569978323601e-02
6.214503981045095271e-01 2.103925177726725243e-02
6.212433169988431647e-01 2.103954489860771632e-02
6.210363048972107336e-01 2.104004220377729203e-02
6.208293617766185157e-01 2.104030470912717984e-02
6.206224876140803426e-01 2.104102736536652904e-02
6.204156823866181503e-01 2.104137468930907320e-02
6.202089460712610913e-01 2.104160546126649517e-02
6.200022786450458678e-01 2.104221636279249991e-02
6.197956800850176196e-01 2.104246006701616239e-02
6.195891503682281476e-01 2.104285779700065806e-02
6.193826894717374687e-01 2.104322520463224044e-02
6.191762973726132602e-01 2.104366316933791586e-02
6.189699740479305268e-01 2.104408926721207038e-02
6.187637194747722669e-01 2.104437072483899759e-02
6.185575336302289173e-01 2.104506959287461357e-02
6.183514164913983535e-01 2.104574557456052875e-02
6.181453680353865554e-01 2.104578516231416646e-02
6.179393882393067194e-01 2.104628190870688753e-02
6.177334770802799246e-01 2.104675914510639040e-02
6.175276345354346885e-01 2.104714702725243511e-02
6.173218605819074112e-01 2.104760382920595196e-02
6.171161551968417092e-01 2.104806002651014515e-02
6.169105183573891926e-01 2.104869398389710294e-02
6.167049500407089102e-01 2.104910705938754442e-02
6.164994502239675711e-01 2.104943558622958399e-02
6.162940188843394340e-01 2.104999210589363415e-02
6.160886559990064182e-01 2.105017215004363965e-02
6.158833615451579924e-01 2.105065189822613592e-02
6.156781354999911748e-01 2.105128232254485990e-02
6.154729778407109775e-01 2.105195098293279748e-02
6.152678885445294066e-01 2.105213093673202057e-02
6.150628675886664620e-01 2.105304118391933613e-02
6.148579149503496932e-01 2.105365974184537914e-02
6.146530306068139771e-01 2.105397497039824053e-02
6.144482145353021840e-01 2.105428768878469040e-02
6.142434667130645121e-01 2.105488331120192527e-02
6.140387871173585976e-01 2.105518936916600178e-02
6.138341757254500708e-01 2.105561336505189576e-02
6.136296325146118891e-01 2.105645940428722135e-02
6.134251574621244485e-01 2.105694476085854042e-02
6.132207505452760277e-01 2.105753132135514127e-02
6.130164117413621216e-01 2.105771534156096469e-02
6.128121410276862191e-01 2.105878545042412509e-02
6.126079383815590251e-01 2.105898559615258445e-02
6.124038037802987944e-01 2.105953745142783579e-02
6.121997372012316641e-01 2.106018267582053863e-02
6.119957386216910988e-01 2.106077647476000542e-02
6.117918080190181129e-01 2.106164805001911264e-02
6.115879453705611590e-01 2.106228444845562389e-02
6.113841506536765724e-01 2.106272112633386651e-02
6.111804238457280158e-01 2.106284875214984101e-02
6.109767649240865905e-01 2.106364381679979789e-02
6.107731738661311693e-01 2.106491890939228562e-02
6.105696506492480635e-01 2.106517262396776988e-02
6.103661952508311339e-01 2.106523342961820477e-02
6.101628076482815688e-01 2.106566589805924233e-02
6.099594878190085501e-01 2.106729150588387833e-02
6.097562357404283651e-01 2.106857271900132098e-02
6.095530513899649616e-01 2.106849322412601005e-02
6.093499347450499481e-01 2.106930455960933160e-02
6.091468857831222605e-01 2.107021363283489296e-02
6.089439044816282731e-01 2.106984581547814012e-02
6.087409908180222429e-01 2.107075851511331505e-02
6.085381447697656432e-01 2.107272315958322664e-02
6.083353663143274970e-01 2.107228256021878923e-02
6.081326554291843767e-01 2.107283579600200199e-02
6.079300120918204042e-01 2.107368339034570298e-02
6.077274362797270291e-01 2.107564265863111699e-02
6.075249279704035832e-01 2.107601318895902312e-02
6.073224871413563930e-01 2.107577033716801981e-02
6.071201137700996675e-01 2.107769658872317431e-02
6.069178078341550542e-01 2.107875817875382377e-02
6.067155693110511949e-01 2.107814108085649674e-02
6.065133981783250583e-01 2.107991576688366536e-02
6.063112944135204962e-01 2.108121229969764018e-02
6.061092579941890213e-01 2.108059460642315933e-02
6.059072888978896954e-01 2.108219961758695665e-02
6.057053871021890190e-01 2.108611137216586176e-02
6.055035525846607092e-01 2.108219046036819908e-02
6.053017853228864764e-01 2.108489457676347018e-02
6.051000852944548036e-01 2.108548592154794316e-02
6.048984524769623894e-01 2.108644117041816660e-02
6.046968868480130377e-01 2.108808467247578339e-02
6.044953883852178800e-01 2.109219071926355521e-02
6.042939570661958193e-01 2.108931827321990429e-02
6.040925928685729751e-01 2.109210031646506500e-02
6.038912957699830164e-01 2.108963647974027716e-02
6.036900657480668286e-01 2.109294550761611070e-02
6.034889027804734019e-01 2.109283036974043957e-02
6.032878068448583875e-01 2.109741364175547751e-02
6.030867779188854305e-01 2.109499767278914806e-02
6.028858159802251704e-01 2.109906919094990674e-02
6.026849210065563511e-01 2.109795442752843142e-02
6.024840929755643781e-01 2.109955454375083903e-02
6.022833318649428724e-01 2.110066234473799429e-02
6.020826376523918944e-01 2.110299235867272791e-02
6.018820103156199419e-01 2.110019078496950390e-02
6.016814498323425076e-01 2.111118441381001215e-02
6.014809561802823001e-01 2.110531785215418246e-02
6.012805293371699111e-01 2.110631611780099115e-02
6.010801692807430374e-01 2.110881764187273052e-02
6.008798759887465923e-01 2.110964643297424254e-02
6.006796494389337049e-01 2.111109849783553843e-02
6.004794896090638323e-01 2.111330507586194408e-02
6.002793964769050916e-01 2.111280569668951348e-02
6.000793700202314840e-01 2.111743690791248809e-02
5.998794102168258924e-01 2.111737908984793327e-02
5.996795170444776391e-01 2.112034501748299986e-02
5.994796904809839289e-01 2.111946321286618800e-02
5.992799305041491831e-01 2.112373596276148624e-02
5.990802370917852615e-01 2.112662304431029564e-02
5.988806102217113514e-01 2.112376548646320920e-02
5.986810498717540785e-01 2.112603211739487452e-02
5.984815560197473960e-01 2.112619918097908764e-02
5.982821286435328068e-01 2.113022989961321069e-02
5.980827677209591409e-01 2.112949411830885096e-02
5.978834732298824450e-01 2.113807715897348533e-02
5.976842451481663154e-01 2.113566748669928538e-02
5.974850834536818978e-01 2.113726243936691132e-02
5.972859881243069990e-01 2.113817653508837102e-02
5.970869591379276420e-01 2.114565931112637187e-02
5.968879964724367326e-01 2.114486144073383228e-02
5.966891001057348376e-01 2.114646725994124427e-02
5.964902700157296289e-01 2.115014657149244179e-02
5.962915061803359951e-01 2.114856747321124456e-02
5.960928085774769292e-01 2.115489106453508419e-02
5.958941771850817526e-01 2.115759374721417133e-02
5.956956119810880024e-01 2.115704808940523443e-02
5.954971129434402100e-01 2.116042841050681453e-02
5.952986800500902342e-01 2.116545231927470169e-02
5.951003132789970396e-01 2.117111201017661190e-02
5.949020126081275839e-01 2.117694508874850418e-02
5.947037780154557085e-01 2.118113538691009101e-02
5.945056094789628043e-01 2.118371949440735202e-02
5.943075069766371454e-01 2.118621616839732463e-02
5.941094704864751108e-01 2.118598008444166556e-02
5.939114999864794076e-01 2.119121182745224014e-02
5.937135954546611805e-01 2.119629608723555200e-02
5.935157568690382357e-01 2.120210858409710131e-02
5.933179842076354849e-01 2.120877964427579990e-02
5.931202774484860551e-01 2.121649099999661087e-02
5.929226365696294021e-01 2.122510871640074376e-02
5.927250615491130858e-01 2.123545866363954135e-02
5.925275523649913278e-01 2.124849536381118176e-02
5.923301089953262322e-01 2.125853853339860003e-02
5.921327314181867862e-01 2.127615211625921016e-02
5.919354196116495270e-01 2.129764137322412085e-02
5.917381735537982079e-01 2.132065378792788110e-02
5.915409932227239098e-01 2.134877703690966563e-02
5.913438785965250410e-01 2.138523698646736110e-02
5.911468296533072264e-01 2.143074839053504127e-02
5.909498463711833072e-01 2.147869690937070572e-02
5.907529287282740071e-01 2.154489855687346037e-02
5.905560767027063784e-01 2.163198865181089822e-02
5.903592902726154668e-01 2.173202916579990845e-02
5.901625694161434232e-01 2.190229206317834479e-02
5.899659141114395045e-01 2.225660492959193049e-02
5.897693243366606275e-01 2.282114620982350628e-02
5.895728000699705929e-01 2.237460500145774245e-02
5.893763412895407505e-01 2.245983416750175696e-02
5.891799479735494449e-01 2.292664749101455679e-02
5.889836201001826810e-01 2.254726629603655969e-02
5.887873576476334581e-01 2.212212998619067852e-02
5.885911605941021030e-01 2.187308997810944594e-02
5.883950289177960480e-01 2.174342939245552456e-02
5.881989625969303859e-01 2.162892410378524852e-02
5.880029616097270928e-01 2.153339233163887104e-02
5.878070259344155835e-01 2.146305613508914245e-02
5.876111555492323779e-01 2.141095489697134382e-02
5.874153504324216568e-01 2.136814531947228701e-02
5.872196105622341511e-01 2.133672716438914096e-02
5.870239359169285853e-01 2.130984239535741245e-02
5.868283264747701233e-01 2.129011361127712554e-02
5.866327822140321446e-01 2.127341371015389893e-02
5.864373031129944680e-01 2.125896468711513040e-02
5.862418891499444618e-01 2.124775774741350515e-02
5.860465403031767107e-01 2.123847268756730994e-02
5.858512565509929049e-01 2.122870376791550703e-02
5.856560378717023951e-01 2.122027251515191254e-02
5.854608842436210825e-01 2.121348884836513765e-02
5.852657956450727506e-01 2.120681770384020767e-02
5.850707720543878443e-01 2.120092351179386422e-02
5.848758134499045802e-01 2.119610031425817054e-02
5.846809198099679472e-01 2.119257653717348047e-02
5.844860911129302616e-01 2.118929139793176986e-02
5.842913273371509453e-01 2.118633988380907301e-02
5.840966284609974135e-01 2.118499247406366304e-02
5.839019944628429659e-01 2.118119750072727792e-02
5.837074253210693398e-01 2.117855391134578630e-02
5.835129210140646006e-01 2.117559017293450807e-02
5.833184815202244744e-01 2.117349004614115307e-02
5.831241068179517928e-01 2.117149524013862971e-02
5.829297968856566037e-01 2.117018803181979977e-02
5.827355517017559494e-01 2.116780450437370786e-02
5.825413712446743109e-01 2.116520900020739046e-02
5.823472554928433853e-01 2.116308727274167009e-02
5.821532044247017534e-01 2.116088155816232136e-02
5.819592180186954344e-01 2.115892108502860636e-02
5.817652962532777750e-01 2.115953383738895105e-02
5.815714391069086719e-01 2.115562378748633496e-02
5.813776465580559050e-01 2.115451108771794833e-02
5.811839185851941370e-01 2.115301800856429770e-02
5.809902551668052473e-01 2.115024671212054064e-02
5.807966562813781097e-01 2.114954372939493663e-02
5.806031219074089256e-01 2.115088790209932249e-02
5.804096520234010015e-01 2.114676500149717184e-02
5.802162466078649716e-01 2.114443565206531803e-02
5.800229056393185756e-01 2.114422795045180908e-02
5.798296290962864363e-01 2.114120097944591214e-02
5.796364169573005043e-01 2.114145744107211178e-02
5.794432692009001684e-01 2.114228381561207570e-02
5.792501858056317010e-01 2.113771112703032376e-02
5.790571667500482578e-01 2.113598217440711829e-02
5.788642120127106550e-01 2.113662893145703062e-02
5.786713215721865922e-01 2.113397746121679563e-02
5.784784954070508745e-01 2.113517519592878965e-02
5.782857334958855233e-01 2.113396465336943655e-02
5.780930358172796657e-01 2.113297362632579959e-02
5.779004023498297560e-01 2.112981225980203187e-02
5.777078330721390209e-01 2.112970535132957170e-02
5.775153279628180147e-01 2.112996877672815646e-02
5.773228870004845081e-01 2.112993887787992936e-02
5.771305101637631552e-01 2.112730034731993833e-02
5.769381974312860484e-01 2.112633006327890514e-02
5.767459487816921637e-01 2.112387019205839989e-02
5.765537641936275826e-01 2.112556868759917980e-02
5.763616436457456027e-01 2.112461575300839459e-02
5.761695871167065164e-01 2.112221168568765781e-02
5.759775945851781653e-01 2.112227574102530647e-02
5.757856660298349416e-01 2.112022739903170535e-02
5.755938014293583427e-01 2.112216220099442585e-02
5.754020007624376376e-01 2.112147447297321387e-02
5.752102640077683127e-01 2.111829475728316599e-02
5.750185911440535147e-01 2.111836516106765232e-02
5.748269821500036070e-01 2.112023620154110728e-02
5.746354370043353921e-01 2.111913313183209212e-02
5.744439556857733331e-01 2.111667694882294818e-02
5.742525381730489986e-01 2.111482820183373244e-02
5.740611844449006185e-01 2.111532290523932681e-02
5.738698944800740831e-01 2.111547285631046669e-02
5.736786682573215002e-01 2.111501762313109862e-02
5.734875057554029709e-01 2.111307947906972821e-02
5.732964069530852580e-01 2.111135417881376472e-02
5.731053718291420074e-01 2.111563104599999130e-02
5.729144003623546366e-01 2.111309768408528575e-02
5.727234925315106695e-01 2.110957143651357587e-02
5.725326483154055124e-01 2.111025412171868565e-02
5.723418676928412330e-01 2.110986302711730100e-02
5.721511506426271154e-01 2.111092847822292062e-02
5.719604971435791052e-01 2.110975790515493694e-02
5.717699071745209194e-01 2.110750642308064848e-02
5.715793807142829364e-01 2.110719839344892337e-02
5.713889177417021958e-01 2.110746663301993689e-02
5.711985182356236201e-01 2.110603345571226280e-02
5.710081821748985709e-01 2.110560813422856022e-02
5.708179095383857371e-01 2.110520534797685754e-02
5.706277003049506913e-01 2.110492528186154806e-02
5.704375544534662223e-01 2.110460395412776247e-02
5.702474719628118915e-01 2.110500507413281060e-02
5.700574528118746986e-01 2.110800608343021273e-02
5.698674969795480827e-01 2.110446948199866044e-02
5.696776044447330323e-01 2.110392920449438714e-02
5.694877751863376414e-01 2.110753982775876933e-02
5.692980091832764433e-01 2.110384861921626651e-02
5.691083064144715209e-01 2.110860826928250347e-02
5.689186668588520623e-01 2.110689072796097937e-02
5.687290904953534731e-01 2.110574555688625453e-02
5.685395773029191524e-01 2.111044110477352034e-02
5.683501272604989385e-01 2.111004722653544302e-02
5.681607403470498863e-01 2.111658155781251725e-02
5.679714165415359339e-01 2.110142874138009814e-02
5.677821558229283472e-01 2.110125489331449861e-02
5.675929581702048310e-01 2.110281832757550380e-02
5.674038235623506399e-01 2.109912915394597868e-02
5.672147519783579117e-01 2.109865240254548552e-02
5.670257433972255567e-01 2.109833646486804562e-02
5.668367977979593686e-01 2.109906450982826365e-02
5.666479151595728014e-01 2.109702658711349460e-02
5.664590954610857487e-01 2.109747710484307509e-02
5.662703386815253204e-01 2.109649239987155742e-02
5.660816447999251766e-01 2.109608856306286265e-02
5.658930137953266382e-01 2.109585645522945793e-02
5.657044456467776872e-01 2.109573272729055315e-02
5.655159403333333001e-01 2.109514824443409209e-02
5.653274978340553369e-01 2.109474026503269095e-02
5.651391181280125409e-01 2.109471146868484304e-02
5.649508011942810937e-01 2.109430451560910524e-02
5.647625470119436164e-01 2.109398133120249028e-02
5.645743555600902797e-01 2.109377391524417528e-02
5.643862268178176933e-01 2.109365248497013096e-02
5.641981607642295726e-01 2.109351445671933320e-02
5.640101573784367384e-01 2.109325705320623870e-02
5.638222166395567836e-01 2.109284743339226442e-02
5.636343385267145178e-01 2.109273640744028719e-02
5.634465230190415230e-01 2.109246474992335432e-02
5.632587700956762644e-01 2.109229672307304237e-02
5.630710797357643127e-01 2.109213114240772458e-02
5.628834519184580110e-01 2.109183339997373549e-02
5.626958866229171408e-01 2.109167210198713283e-02
5.625083838283075899e-01 2.109166070804100249e-02
5.623209435138029066e-01 2.109147479142575721e-02
5.621335656585834117e-01 2.109114913572675970e-02
5.619462502418360872e-01 2.109089718547508749e-02
5.617589972427550205e-01 2.109063758068271607e-02
5.615718066405416264e-01 2.109049459795346929e-02
5.613846784144034263e-01 2.109026505275040861e-02
5.611976125435554907e-01 2.109027340907475637e-02
5.610106090072197738e-01 2.108980570254576775e-02
5.608236677846248908e-01 2.108980267400172026e-02
5.606367888550064515e-01 2.108957078308756894e-02
5.604499721976070603e-01 2.108942950235069558e-02
5.602632177916765377e-01 2.108925616254029786e-02
5.600765256164711436e-01 2.108914634240386179e-02
5.598898956512540215e-01 2.108892799520888442e-02
5.597033278752955310e-01 2.108871870682108018e-02
5.595168222678729153e-01 2.108852872808397727e-02
5.593303788082700789e-01 2.108848152629645006e-02
5.591439974757781428e-01 2.108821367976523517e-02
5.589576782496948892e-01 2.108815068216018940e-02
5.587714211093249839e-01 2.108782637929925569e-02
5.585852260339801978e-01 2.108788995679482942e-02
5.583990930029794075e-01 2.108769424745239249e-02
5.582130219956473738e-01 2.108751882114757656e-02
5.580270129913168509e-01 2.108741467663159674e-02
5.578410659693270324e-01 2.108734385134164793e-02
5.576551809090239953e-01 2.108707267462360188e-02
5.574693577897607000e-01 2.108719435613213428e-02
5.572835965908971012e-01 2.108707683531151414e-02
5.570978972917997041e-01 2.108711843961713281e-02
5.569122598718423411e-01 2.108662253977486647e-02
5.567266843104056173e-01 2.108646095675723725e-02
5.565411705868765768e-01 2.108648561232622301e-02
5.563557186806497024e-01 2.108631604216173669e-02
5.561703285711259159e-01 2.108600510919614313e-02
5.559850002377132450e-01 2.108595213013421052e-02
5.557997336598267113e-01 2.108584463618324092e-02
5.556145288168876650e-01 2.108608697141711036e-02
5.554293856883248948e-01 2.108563143749269536e-02
5.552443042535735174e-01 2.108555778178024601e-02
5.550592844920761992e-01 2.108555786594521267e-02
5.548743263832818240e-01 2.108544725354245114e-02
5.546894299066461587e-01 2.108571247726866160e-02
5.545045950416321867e-01 2.108538649510767818e-02
5.543198217677097750e-01 2.108488806400923843e-02
5.541351100643547856e-01 2.108503170699740914e-02
5.539504599110510741e-01 2.108495990102294063e-02
5.537658712872886024e-01 2.108494702477151095e-02
5.535813441725645490e-01 2.108537055844795366e-02
5.533968785463823092e-01 2.108467005512835654e-02
5.532124743882528284e-01 2.108451314687776607e-02
5.530281316776936018e-01 2.108468208480923992e-02
5.528438503942287863e-01 2.108399326614366492e-02
5.526596305173896440e-01 2.108492002543149030e-02
5.524754720267139874e-01 2.108480768253723561e-02
5.522913749017467344e-01 2.108384675925073851e-02
5.521073391220392423e-01 2.108395323943757643e-02
5.519233646671501958e-01 2.108358505707035382e-02
5.517394515166447189e-01 2.108412979612054455e-02
5.515555996500945968e-01 2.108433703530377540e-02
5.513718090470788313e-01 2.108395067271297621e-02
5.511880796871830857e-01 2.108359203932104464e-02
5.510044115499997952e-01 2.108357132693472816e-02
5.508208046151280568e-01 2.108351310111575283e-02
5.506372588621739617e-01 2.108339704027187983e-02
5.504537742707503734e-01 2.108395161467393336e-02
5.502703508204768168e-01 2.108365113673705063e-02
5.500869884909798113e-01 2.108328863856647611e-02
5.499036872618923155e-01 2.108297807699302875e-02
5.497204471128547265e-01 2.108339611271493538e-02
5.495372680235136587e-01 2.108363337706868276e-02
5.493541499735223876e-01 2.108304643197758330e-02
5.491710929425415166e-01 2.108280161381520870e-02
5.489880969102380881e-01 2.108272734348249841e-02
5.488051618562858058e-01 2.108338346763132323e-02
5.486222877603657011e-01 2.108254600875748494e-02
5.484394746021649114e-01 2.108262178210255910e-02
5.482567223613777907e-01 2.108218890440772750e-02
5.480740310177051322e-01 2.108251912661791849e-02
5.478914005508548346e-01 2.108405440607544548e-02
5.477088309405413469e-01 2.108175763437550310e-02
5.475263221664858904e-01 2.108260649784099786e-02
5.473438742084162367e-01 2.108167729757686251e-02
5.471614870460674851e-01 2.108259973393114203e-02
5.469791606591810629e-01 2.108214850521644007e-02
5.467968950275052809e-01 2.108223689288419786e-02
5.466146901307948891e-01 2.108351140196377746e-02
5.464325459488118542e-01 2.108300145990348387e-02
5.462504624613246929e-01 2.108157811523435690e-02
5.460684396481088054e-01 2.108254264400718711e-02
5.458864774889458094e-01 2.108246177673882282e-02
5.457045759636245386e-01 2.108129390619550847e-02
5.455227350519403773e-01 2.108068130331636550e-02
5.453409547336958152e-01 2.108106337222730858e-02
5.451592349886995592e-01 2.108097906365944546e-02
5.449775757967673107e-01 2.108134684779098753e-02
5.447959771377213212e-01 2.108146427309516568e-02
5.446144389913908368e-01 2.108077564428167266e-02
5.444329613376115429e-01 2.108241313280308921e-02
5.442515441562261191e-01 2.108121514379301259e-02
5.440701874270837957e-01 2.108085493292186779e-02
5.438888911300404638e-01 2.108168755886655893e-02
5.437076552449586764e-01 2.108214781834976195e-02
5.435264797517080915e-01 2.108126854364496608e-02
5.433453646301646955e-01 2.108058323423743149e-02
5.431643098602113584e-01 2.108098750243810743e-02
5.429833154217372782e-01 2.108120124808800580e-02
5.428023812946390914e-01 2.108050815312812257e-02
5.426215074588193188e-01 2.108089935553740177e-02
5.424406938941879197e-01 2.108108140709345074e-02
5.422599405806609596e-01 2.108071672152467962e-02
5.420792474981616094e-01 2.108084921214586557e-02
5.418986146266193682e-01 2.108042749018306655e-02
5.417180419459707297e-01 2.108070552020413491e-02
5.415375294361586267e-01 2.108142754795657575e-02
5.413570770771327645e-01 2.108111704689663232e-02
5.411766848488498427e-01 2.108028371455498637e-02
5.409963527312727782e-01 2.108132895761468187e-02
5.408160807043712603e-01 2.108158053142866403e-02
5.406358687481218617e-01 2.108001725788038322e-02
5.404557168425075941e-01 2.108160432029576592e-02
5.402756249675183531e-01 2.108145280242713221e-02
5.400955931031506951e-01 2.108022037393092463e-02
5.399156212294075052e-01 2.107976987388701304e-02
5.397357093262987737e-01 2.107991720532566282e-02
5.395558573738408192e-01 2.107958587657050159e-02
5.393760653520566217e-01 2.107962822472354489e-02
5.391963332409762666e-01 2.107922542989044273e-02
5.390166610206360565e-01 2.107922045736318473e-02
5.388370486710789553e-01 2.107906937913539905e-02
5.386574961723549215e-01 2.107885183042821145e-02
5.384780035045200197e-01 2.107875262391943616e-02
5.382985706476374199e-01 2.107867279619131048e-02
5.381191975817767315e-01 2.107845845527272360e-02
5.379398842870143360e-01 2.107866165847177217e-02
5.377606307434331656e-01 2.107874568369202603e-02
5.375814369311227026e-01 2.107847791303242221e-02
5.374023028301793126e-01 2.107838548483460805e-02
5.372232284207056896e-01 2.107848477525453568e-02
5.370442136828114110e-01 2.107839059881738350e-02
5.368652585966124935e-01 2.107833077313055886e-02
5.366863631422317260e-01 2.107833593066086794e-02
5.365075272997985589e-01 2.107822082487809112e-02
5.363287510494485488e-01 2.107833439797042116e-02
5.361500343713246908e-01 2.107805752304128116e-02
5.359713772455761971e-01 2.107806812558989107e-02
5.357927796523586084e-01 2.107804938271273451e-02
5.356142415718347927e-01 2.107800186502967535e-02
5.354357629841733912e-01 2.107799961593688140e-02
5.352573438695501507e-01 2.107800568022107426e-02
5.350789842081473680e-01 2.107788824831958660e-02
5.349006839801540014e-01 2.107782191515999992e-02
5.347224431657653376e-01 2.107793607941539291e-02
5.345442617451835465e-01 2.107777217316222224e-02
5.343661396986173484e-01 2.107771332110039419e-02
5.341880770062819028e-01 2.107770241043922105e-02
5.340100736483990307e-01 2.107767091817444247e-02
5.338321296051971032e-01 2.107764772258562125e-02
5.336542448569115971e-01 2.107766255426408303e-02
5.334764193837836510e-01 2.107770294176697715e-02
5.332986531660616203e-01 2.107760956624480861e-02
5.331209461840001884e-01 2.107756618920498398e-02
5.329432984178608113e-01 2.107753189799100799e-02
5.327657098479114950e-01 2.107756252015321671e-02
5.325881804544266851e-01 2.107772729913537021e-02
5.324107102176873774e-01 2.107747586084130278e-02
5.322332991179814510e-01 2.107740313543937649e-02
5.320559471356027803e-01 2.107757391913390663e-02
5.318786542508524562e-01 2.107736465156990688e-02
5.317014204440377867e-01 2.107742230738197595e-02
5.315242456954726302e-01 2.107726689874613035e-02
5.313471299854773955e-01 2.107738497322588639e-02
5.311700732943792636e-01 2.107736713098655457e-02
5.309930756025117438e-01 2.107719691945651730e-02
5.308161368902148958e-01 2.107738376456160315e-02
5.306392571378356626e-01 2.107747783297735100e-02
5.304624363257269826e-01 2.107744378131728644e-02
5.302856744342487882e-01 2.107710189826730515e-02
5.301089714437675626e-01 2.107706423496460632e-02
5.299323273346560059e-01 2.107730583251942943e-02
5.297557420872935907e-01 2.107702817349076108e-02
5.295792156820661178e-01 2.107706345753353888e-02
5.294027480993662715e-01 2.107692937732038793e-02
5.292263393195930643e-01 2.107713675924943048e-02
5.290499893231519479e-01 2.107678795648121328e-02
5.288736980904552576e-01 2.107700892915481336e-02
5.286974656019212127e-01 2.107687928975087235e-02
5.285212918379751379e-01 2.107688270138364725e-02
5.283451767790486864e-01 2.107676001196802720e-02
5.281691204055801725e-01 2.107681726953944748e-02
5.279931226980141279e-01 2.107671818850182302e-02
5.278171836368017455e-01 2.107696181897333876e-02
5.276413032024009908e-01 2.107679728165128691e-02
5.274654813752759352e-01 2.107691154914820980e-02
5.272897181358972007e-01 2.107709766535955515e-02
5.271140134647422926e-01 2.107697704394008442e-02
5.269383673422948222e-01 2.107658917875913571e-02
5.267627797490449515e-01 2.107677951196891206e-02
5.265872506654898366e-01 2.107654942036279663e-02
5.264117800721325180e-01 2.107653004464080798e-02
5.262363679494826973e-01 2.107643761352194500e-02
5.260610142780565157e-01 2.107653802957214911e-02
5.258857190383769975e-01 2.107638992122876434e-02
5.257104822109732734e-01 2.107642881086364828e-02
5.255353037763812463e-01 2.107651582158610870e-02
5.253601837151428144e-01 2.107646603072495239e-02
5.251851220078068705e-01 2.107658280206579915e-02
5.250101186349284133e-01 2.107640593621986497e-02
5.248351735770694360e-01 2.107649554284815943e-02
5.246602868147977050e-01 2.107651965367441510e-02
5.244854583286880922e-01 2.107656735840747822e-02
5.243106880993216867e-01 2.107645051792162924e-02
5.241359761072859058e-01 2.107710659974027304e-02
5.239613223331748282e-01 2.107671500941105461e-02
5.237867267575888608e-01 2.107669846275488784e-02
5.236121893611351830e-01 2.107699541812424818e-02
5.234377101244269692e-01 2.107641982634303468e-02
5.232632890280842775e-01 2.107687956715269262e-02
5.230889260527332718e-01 2.107633023939248576e-02
5.229146211790069998e-01 2.107614930825963892e-02
5.227403743875443931e-01 2.107630007100272373e-02
5.225661856589913778e-01 2.107620242431402016e-02
5.223920549739999863e-01 2.107630563535489374e-02
5.222179823132289123e-01 2.107607285009607812e-02
5.220439676573430665e-01 2.107615588658292086e-02
5.218700109870140214e-01 2.107608983516825671e-02
5.216961122829196773e-01 2.107610916855346544e-02
5.215222715257443742e-01 2.107601623140088060e-02
5.213484886961788911e-01 2.107607441296001013e-02
5.211747637749206685e-01 2.107599295373254605e-02
5.210010967426730311e-01 2.107603381378294130e-02
5.208274875801462978e-01 2.107600157480448572e-02
5.206539362680568939e-01 2.107598166457635286e-02
5.204804427871277950e-01 2.107599990253442718e-02
5.203070071180884160e-01 2.107602074700307485e-02
5.201336292416745000e-01 2.107595783125235447e-02
5.199603091386282294e-01 2.107593785880359366e-02
5.197870467896982261e-01 2.107591915933873170e-02
5.196138421756397729e-01 2.107591520146080699e-02
5.194406952772139263e-01 2.107606292827091804e-02
5.192676060751888478e-01 2.107601171078722635e-02
5.190945745503386943e-01 2.107593547280876833e-02
5.189216006834441730e-01 2.107595946564922232e-02
5.187486844552924303e-01 2.107598853722939328e-02
5.185758258466768300e-01 2.107592063540490723e-02
5.184030248383973971e-01 2.107599210840322215e-02
5.182302814112602629e-01 2.107599763828871611e-02
5.180575955460781090e-01 2.107605311294096645e-02
5.178849672236701673e-01 2.107596880031371162e-02
5.177123964248618870e-01 2.107612908002776814e-02
5.175398831304849345e-01 2.107607365872621319e-02
5.173674273213778596e-01 2.107603286812560067e-02
5.171950289783850963e-01 2.107608851241408662e-02
5.170226880823575177e-01 2.107630963671078272e-02
5.168504046141527697e-01 2.107616142916032137e-02
5.166781785546344929e-01 2.107609426972376077e-02
5.165060098846729897e-01 2.107615435171308893e-02
5.163338985851444463e-01 2.107620677315123758e-02
5.161618446369322655e-01 2.107622908992066654e-02
5.159898480209251792e-01 2.107618632241019946e-02
5.158179087180191358e-01 2.107624078591856936e-02
5.156460267091160787e-01 2.107635300963691879e-02
5.154742019751243909e-01 2.107635497750592196e-02
5.153024344969586723e-01 2.107642979547464865e-02
5.151307242555401844e-01 2.107624229155882767e-02
5.149590712317961838e-01 2.107646867825421419e-02
5.147874754066604774e-01 2.107635099277298599e-02
5.146159367610734225e-01 2.107676755270414953e-02
5.144444552759813716e-01 2.107633220572939156e-02
5.142730309323373383e-01 2.107659478918819801e-02
5.141016637111002208e-01 2.107637864779774578e-02
5.139303535932358002e-01 2.107679103841242005e-02
5.137591005597158533e-01 2.107653149248748040e-02
5.135879045915187069e-01 2.107670815263263178e-02
5.134167656696287940e-01 2.107671389194025469e-02
5.132456837750370982e-01 2.107671336984769453e-02
5.130746588887408199e-01 2.107655590586584096e-02
5.129036909917433773e-01 2.107711655412188023e-02
5.127327800650550715e-01 2.107685656412390529e-02
5.125619260896917551e-01 2.107656996234537686e-02
5.123911290466762747e-01 2.107686263549361783e-02
5.122203889170372504e-01 2.107699913173147199e-02
5.120497056818098525e-01 2.107674674740286566e-02
5.118790793220358015e-01 2.107709049066627816e-02
5.117085098187629244e-01 2.107740682568889912e-02
5.115379971530451542e-01 2.107641831011573819e-02
5.113675413059430852e-01 2.107745562569584424e-02
5.111971422585236402e-01 2.107682111132616262e-02
5.110267999918596260e-01 2.107721513782601780e-02
5.108565144870306218e-01 2.107727263330422263e-02
5.106862857251220911e-01 2.107685686563390975e-02
5.105161136872263805e-01 2.107694414498396257e-02
5.103459983544414991e-01 2.107748270295375578e-02
5.101759397078722280e-01 2.107691644844485873e-02
5.100059377286293438e-01 2.107729177460386863e-02
5.098359923978299513e-01 2.107741552720865039e-02
5.096661036965978164e-01 2.107731863071276440e-02
5.094962716060622565e-01 2.107717247310822092e-02
5.093264961073599162e-01 2.107829980756810787e-02
5.091567771816326582e-01 2.107671921746259724e-02
5.089871148100293397e-01 2.107692311304846383e-02
5.088175089737045909e-01 2.107764402320857350e-02
5.086479596538200365e-01 2.107740419172532062e-02
5.084784668315428524e-01 2.107754021490901644e-02
5.083090304880467647e-01 2.107777526338425536e-02
5.081396506045118278e-01 2.107738220346252675e-02
5.079703271621244243e-01 2.107765975454669802e-02
5.078010601420770431e-01 2.107785368567370934e-02
5.076318495255685015e-01 2.107750738823365930e-02
5.074626952938039448e-01 2.107768295109646237e-02
5.072935974279945137e-01 2.107804667382229616e-02
5.071245559093580102e-01 2.107731612808374372e-02
5.069555707191183425e-01 2.107781268242863923e-02
5.067866418385054139e-01 2.107866992333782066e-02
5.066177692487559003e-01 2.107723282114452867e-02
5.064489529311120286e-01 2.107698246545689283e-02
5.062801928668231310e-01 2.107742791579617428e-02
5.061114890371440911e-01 2.107753722772989086e-02
5.059428414233362314e-01 2.107800993743039891e-02
5.057742500066673141e-01 2.107769825869517180e-02
5.056057147684112074e-01 2.107731182675918677e-02
5.054372356898477747e-01 2.107711941745524578e-02
5.052688127522637629e-01 2.107713114839647461e-02
5.051004459369513588e-01 2.107687938787355247e-02
5.049321352252095219e-01 2.107703687480503435e-02
5.047638805983434285e-01 2.107705340553193279e-02
5.045956820376641394e-01 2.107689548997648821e-02
5.044275395244892657e-01 2.107750108038690395e-02
5.042594530401425246e-01 2.107732718929896526e-02
5.040914225659538506e-01 2.107731317179416253e-02
5.039234480832593954e-01 2.107772780398754764e-02
5.037555295734016392e-01 2.107735886159361333e-02
5.035876670177289460e-01 2.107806276335253901e-02
5.034198603975963415e-01 2.107760039401307059e-02
5.032521096943648464e-01 2.107614855442440857e-02
5.030844148894016987e-01 2.107747869060434820e-02
5.029167759640803537e-01 2.107712206867544749e-02
5.027491928997803727e-01 2.107631109290129465e-02
5.025816656778877567e-01 2.107637819645813079e-02
5.024141942797943905e-01 2.107691318320781618e-02
5.022467786868988204e-01 2.107562869649385814e-02
5.020794188806052549e-01 2.107509866049433328e-02
5.019121148423243417e-01 2.107451228438838101e-02
5.017448665534731678e-01 2.107413475469925579e-02
5.015776739954747043e-01 2.107379094178061379e-02
5.014105371497580288e-01 2.107331296548930685e-02
5.012434559977587689e-01 2.107328360256440630e-02
5.010764305209184366e-01 2.107279386132149615e-02
5.009094607006847610e-01 2.107251681641520921e-02
5.007425465185119107e-01 2.107231962036293024e-02
5.005756879558600492e-01 2.107215185105303784e-02
5.004088849941952244e-01 2.107188198494146930e-02
5.002421376149901455e-01 2.107145760220579742e-02
