9.089826947564526582e-01 2.095093907084634444e-02
9.086798014892895070e-01 2.096171683458525684e-02
9.083770091529053126e-01 2.096039663675826684e-02
9.080743177136673117e-01 2.095769399438692643e-02
9.077717271379546204e-01 2.096773117292402566e-02
9.074692373921571242e-01 2.094564764415962274e-02
9.071668484426761436e-01 2.097138683997492106e-02
9.068645602559242125e-01 2.092098357868174899e-02
9.065623727983247448e-01 2.097612483777314824e-02
9.062602860363124790e-01 2.094737241005349346e-02
9.059582999363336997e-01 2.093637150020645141e-02
9.056564144648452386e-01 2.096418549491098349e-02
9.053546295883158068e-01 2.094047156419339903e-02
9.050529452732245517e-01 2.094396446679371721e-02
9.047513614860624998e-01 2.093074927828007109e-02
9.044498781933312248e-01 2.096628824507905040e-02
9.041484953615441800e-01 2.094704579881868228e-02
9.038472129572250324e-01 2.092286289101951205e-02
9.035460309469092177e-01 2.092600812931691423e-02
9.032449492971436067e-01 2.098525866358755265e-02
9.029439679744852842e-01 2.093797510123670408e-02
9.026430869455034367e-01 2.099436463897141891e-02
9.023423061767776865e-01 2.091443935456145306e-02
9.020416256348993134e-01 2.102006090923842080e-02
9.017410452864704773e-01 2.097156483900819088e-02
9.014405650981044404e-01 2.096724060435192077e-02
9.011401850364256783e-01 2.100294923416459389e-02
9.008399050680695463e-01 2.099743241807155991e-02
9.005397251596829467e-01 2.096065489808734278e-02
9.002396452779235503e-01 2.106613874837348632e-02
8.999396653894603526e-01 2.091846932103990156e-02
8.996397854609731182e-01 2.094549609925785635e-02
8.993400054591534909e-01 2.107467219850969742e-02
8.990403253507032177e-01 2.110539653682317121e-02
8.987407451023357030e-01 2.096724137949562347e-02
8.984412646807754532e-01 2.100675972943856148e-02
8.981418840527576331e-01 2.093642058634123670e-02
8.978426031850293976e-01 2.094877217648914020e-02
8.975434220443477829e-01 2.106626127149417715e-02
8.972443405974819264e-01 2.103790496483453482e-02
8.969453588112115128e-01 2.095645388321928926e-02
8.966464766523272178e-01 2.103171890086754162e-02
8.963476940876312637e-01 2.097943539591059017e-02
8.960490110839365308e-01 2.097222524607013708e-02
8.957504276080671124e-01 2.102987669696735132e-02
8.954519436268580934e-01 2.100524588832760470e-02
8.951535591071557718e-01 2.094812202318722602e-02
8.948552740158169927e-01 2.099638687700802753e-02
8.945570883197104806e-01 2.096635623548372823e-02
8.942590019857152850e-01 2.102533267709589745e-02
8.939610149807215578e-01 2.093485871146792687e-02
8.936631272716307750e-01 2.100830321437631779e-02
8.933653388253557370e-01 2.100526847273221503e-02
8.930676496088194583e-01 2.101950507488980699e-02
8.927700595889563884e-01 2.100425483802953810e-02
8.924725687327120793e-01 2.102259993257787202e-02
8.921751770070429632e-01 2.102749853136264696e-02
8.918778843789167965e-01 2.103133002119726702e-02
8.915806908153114385e-01 2.098469242027117473e-02
8.912835962832170722e-01 2.098610514960851450e-02
8.909866007496337614e-01 2.096713377512801277e-02
8.906897041815731164e-01 2.092530810102636099e-02
8.903929065460577386e-01 2.091788861946772618e-02
8.900962078101209984e-01 2.090385709210280246e-02
8.897996079408073689e-01 2.092734824500241259e-02
8.895031069051723138e-01 2.088255158043036269e-02
8.892067046702820665e-01 2.087957796101925709e-02
8.889104012032142954e-01 2.092148495372709097e-02
8.886141964710571051e-01 2.090853666247798059e-02
8.883180904409100354e-01 2.090823262506027666e-02
8.880220830798833953e-01 2.088195433820150618e-02
8.877261743550982631e-01 2.088575899800385050e-02
8.874303642336870412e-01 2.088278067168464550e-02
8.871346526827927903e-01 2.089373717494445032e-02
8.868390396695696731e-01 2.088991461346536085e-02
8.865435251611823997e-01 2.088568145013660129e-02
8.862481091248074483e-01 2.088657402199334615e-02
8.859527915276315113e-01 2.088933848930706397e-02
8.856575723368524944e-01 2.087422187547198146e-02
8.853624515196791833e-01 2.088413489586407948e-02
8.850674290433312441e-01 2.087648301245809829e-02
8.847725048750396670e-01 2.088567299614706510e-02
8.844776789820454344e-01 2.087102481915607821e-02
8.841829513316015188e-01 2.087751339630616876e-02
8.838883218909712181e-01 2.088378460792990332e-02
8.835937906274285991e-01 2.088050544066803044e-02
8.832993575082592752e-01 2.089024266942680896e-02
8.830050225007588516e-01 2.088399114925871755e-02
8.827107855722347018e-01 2.087872141041998905e-02
8.824166466900046357e-01 2.088720526875955524e-02
8.821226058213974541e-01 2.089723224118636771e-02
8.818286629337528382e-01 2.087347557104570969e-02
8.815348179944212381e-01 2.089262879976696088e-02
8.812410709707643175e-01 2.088074385901221228e-02
8.809474218301542869e-01 2.088471566890334752e-02
8.806538705399741263e-01 2.088624886298208819e-02
8.803604170676182505e-01 2.088747382529115848e-02
8.800670613804912890e-01 2.088174064788556397e-02
8.797738034460093060e-01 2.087720290183884414e-02
8.794806432315986910e-01 2.088749973964848169e-02
8.791875807046970470e-01 2.088068635118337305e-02
8.788946158327528568e-01 2.088879518127505913e-02
8.786017485832249285e-01 2.089332858896744000e-02
8.783089789235837275e-01 2.088838253059561306e-02
8.780163068213099331e-01 2.089152932592628839e-02
8.777237322438952161e-01 2.088114262358433185e-02
8.774312551588423492e-01 2.087915059317268021e-02
8.771388755336643195e-01 2.089056842832967900e-02
8.768465933358855491e-01 2.088969441904331079e-02
8.765544085330412294e-01 2.088131237886763081e-02
8.762623210926768769e-01 2.089232444843632658e-02
8.759703309823493322e-01 2.089640053028275421e-02
8.756784381696260944e-01 2.088290282945483300e-02
8.753866426220853203e-01 2.089239489648776066e-02
8.750949443073162692e-01 2.089123588888460586e-02
8.748033431929185255e-01 2.088426670819936576e-02
8.745118392465028867e-01 2.089135588807490562e-02
8.742204324356910305e-01 2.088457425584960836e-02
8.739291227281148489e-01 2.089354085657377236e-02
8.736379100914176687e-01 2.089180030856335746e-02
8.733467944932532534e-01 2.089075401170919360e-02
8.730557759012860242e-01 2.088663041937236994e-02
8.727648542831916156e-01 2.089267897984032132e-02
8.724740296066559875e-01 2.088904253098528702e-02
8.721833018393762016e-01 2.088772982678597373e-02
8.718926709490596449e-01 2.088764439034342807e-02
8.716021369034252508e-01 2.089290359408468509e-02
8.713116996702017225e-01 2.090208081289132366e-02
8.710213592171293095e-01 2.089677124682277204e-02
8.707311155119585866e-01 2.088879730593386913e-02
8.704409685224511195e-01 2.088869101630780323e-02
8.701509182163787992e-01 2.089134316702772123e-02
8.698609645615250630e-01 2.089736912276540098e-02
8.695711075256831180e-01 2.089686412447278041e-02
8.692813470766574957e-01 2.088957352899842301e-02
8.689916831822632748e-01 2.088896106358923560e-02
8.687021158103264140e-01 2.088884922722117690e-02
8.684126449286834193e-01 2.089263064427035119e-02
8.681232705051816767e-01 2.090226036866508347e-02
8.678339925076791195e-01 2.089423942871811504e-02
8.675448109040443390e-01 2.089293315662338335e-02
8.672557256621569177e-01 2.089497715885967402e-02
8.669667367499069854e-01 2.088950637557482684e-02
8.666778441351951079e-01 2.089349325368524204e-02
8.663890477859329531e-01 2.089255707002403428e-02
8.661003476700429582e-01 2.089477725313266393e-02
8.658117437554576634e-01 2.089219619787848273e-02
8.655232360101210443e-01 2.089304393466992829e-02
8.652348244019868462e-01 2.090006924042658171e-02
8.649465088990204720e-01 2.089234420457939528e-02
8.646582894691974275e-01 2.089227050764420196e-02
8.643701660805038767e-01 2.090098656374613645e-02
8.640821387009368637e-01 2.089281005516770151e-02
8.637942072985039799e-01 2.089400474911442401e-02
8.635063718412234746e-01 2.090023655234021088e-02
8.632186322971243664e-01 2.089896472714506195e-02
8.629309886342463320e-01 2.089978126678189094e-02
8.626434408206392623e-01 2.090498342865463807e-02
8.623559888243644833e-01 2.090759238280918628e-02
8.620686326134932020e-01 2.090602152315343409e-02
8.617813721561078388e-01 2.089476904895451459e-02
8.614942074203010280e-01 2.089955918853557762e-02
8.612071383741761732e-01 2.090765826121729690e-02
8.609201649858474470e-01 2.090313653962420221e-02
8.606332872234395692e-01 2.089771594731974769e-02
8.603465050550879178e-01 2.090766488776437532e-02
8.600598184489381959e-01 2.091290654882098018e-02
8.597732273731469865e-01 2.089861646413013890e-02
8.594867317958817532e-01 2.090121764443435975e-02
8.592003316853199513e-01 2.091249431403749762e-02
8.589140270096499163e-01 2.090565248135144161e-02
8.586278177370708642e-01 2.090263901862383575e-02
8.583417038357923357e-01 2.091045345512997089e-02
8.580556852740341967e-01 2.089172681206403689e-02
8.577697620200274153e-01 2.092070501031624563e-02
8.574839340420133960e-01 2.091041747765456926e-02
8.571982013082438678e-01 2.090967405293628345e-02
8.569125637869815515e-01 2.090165146320191805e-02
8.566270214464992705e-01 2.092244767369626224e-02
8.563415742550808396e-01 2.091127802046223449e-02
8.560562221810205097e-01 2.091071662143389673e-02
8.557709651926229677e-01 2.092845995531247838e-02
8.554858032582034477e-01 2.092116149670226674e-02
8.552007363460880640e-01 2.092797010667119678e-02
8.549157644246131449e-01 2.092099084696270872e-02
8.546308874621255658e-01 2.091063604820011732e-02
8.543461054269833044e-01 2.091280116065426242e-02
8.540614182875541083e-01 2.093690386543668736e-02
8.537768260122164943e-01 2.092483387251364152e-02
8.534923285693600814e-01 2.091474476222719703e-02
8.532079259273842586e-01 2.092900254590208953e-02
8.529236180546991841e-01 2.092903766409762167e-02
8.526394049197258962e-01 2.092342541780996962e-02
8.523552864908955362e-01 2.092067588230365344e-02
8.520712627366499037e-01 2.092538021722229261e-02
8.517873336254415673e-01 2.093277399324832561e-02
8.515034991257328656e-01 2.092631772398538884e-02
8.512197592059974616e-01 2.094085035531987812e-02
8.509361138347192322e-01 2.094692473111620795e-02
8.506525629803922683e-01 2.092161652841310546e-02
8.503691066115216524e-01 2.093656410645048510e-02
8.500857446966227915e-01 2.095287471741897126e-02
8.498024772042213071e-01 2.092930541876333872e-02
8.495193041028535896e-01 2.093882244158749156e-02
8.492362253610665768e-01 2.092298693254305425e-02
8.489532409474173091e-01 2.094580820769208207e-02
8.486703508304737076e-01 2.095757786733954547e-02
8.483875549788141290e-01 2.091770235646774750e-02
8.481048533610270335e-01 2.094074332458068996e-02
8.478222459457117610e-01 2.094336700780004279e-02
8.475397327014777549e-01 2.095297723152221916e-02
8.472573135969454494e-01 2.095642882921831124e-02
8.469749886007451600e-01 2.093435072074981140e-02
8.466927576815179712e-01 2.095448066060923847e-02
8.464106208079152927e-01 2.096734711133618062e-02
8.461285779485990810e-01 2.091203448843225593e-02
8.458466290722416181e-01 2.094155189994443764e-02
8.455647741475256218e-01 2.097816263747095955e-02
8.452830131431445793e-01 2.096562821143190675e-02
8.450013460278019695e-01 2.096105527869404628e-02
8.447197727702118186e-01 2.093468966303012324e-02
8.444382933390987001e-01 2.096893515161730309e-02
8.441569077031975121e-01 2.094123677979201070e-02
8.438756158312538114e-01 2.093996576483343058e-02
8.435944176920230353e-01 2.097878827561801968e-02
8.433133132542715016e-01 2.094359749048592748e-02
8.430323024867758530e-01 2.099584366866646956e-02
8.427513853583230574e-01 2.092820959415328877e-02
8.424705618377104077e-01 2.094569835317106402e-02
8.421898318937458550e-01 2.099823924055585836e-02
8.419091954952473422e-01 2.096830768711865564e-02
8.416286526110435817e-01 2.096110739932153036e-02
8.413482032099734997e-01 2.093077634954154664e-02
8.410678472608865697e-01 2.096261485628471768e-02
8.407875847326422569e-01 2.100345321342695845e-02
8.405074155941107961e-01 2.097192727118806638e-02
8.402273398141727467e-01 2.096533331040605075e-02
8.399473573617188826e-01 2.099300832060424157e-02
8.396674682056501915e-01 2.096487190770030332e-02
8.393876723148785413e-01 2.093126049815314388e-02
8.391079696583255698e-01 2.094353403960310181e-02
8.388283602049239063e-01 2.103472398442405092e-02
8.385488439236159497e-01 2.096932408922728974e-02
8.382694207833547573e-01 2.096950452263818959e-02
8.379900907531037113e-01 2.098522576809955242e-02
8.377108538018362971e-01 2.098151793675399196e-02
8.374317098985368801e-01 2.095836935900187090e-02
8.371526590121994849e-01 2.095686091769575696e-02
8.368737011118287938e-01 2.098430801997124007e-02
8.365948361664399258e-01 2.098128376233648895e-02
8.363160641450582133e-01 2.098754724121759327e-02
8.360373850167190923e-01 2.099375983763613479e-02
8.357587987504688787e-01 2.097128317432156788e-02
8.354803053153637693e-01 2.100323819594269656e-02
8.352019046804702862e-01 2.099561764537209718e-02
8.349235968148652764e-01 2.095077132719167651e-02
8.346453816876360232e-01 2.095667879736563127e-02
8.343672592678799127e-01 2.097197747007169266e-02
8.340892295247049892e-01 2.101369686916834678e-02
8.338112924272291782e-01 2.097468637121715010e-02
8.335334479445809519e-01 2.100882443621639173e-02
8.332556960458989970e-01 2.098517093494958394e-02
8.329780367003321029e-01 2.095578310746043504e-02
8.327004698770397173e-01 2.094337799207422052e-02
8.324229955451912799e-01 2.100808542334971565e-02
8.321456136739664444e-01 2.096732809790708210e-02
8.318683242325555227e-01 2.097531719034582270e-02
8.315911271901589297e-01 2.094803847232724892e-02
8.313140225159867391e-01 2.101088553295915248e-02
8.310370101792602382e-01 2.097035933171524993e-02
8.307600901492105949e-01 2.099820370780132450e-02
8.304832623950788584e-01 2.094708850426607247e-02
8.302065268861166247e-01 2.102411822275243591e-02
8.299298835915860373e-01 2.099779297141305540e-02
8.296533324807590093e-01 2.104841190551467317e-02
8.293768735229181122e-01 2.097976528131345955e-02
8.291005066873555762e-01 2.103265199878207037e-02
8.288242319433744010e-01 2.097187364593522743e-02
8.285480492602875779e-01 2.097469696892229757e-02
8.282719586074185347e-01 2.098340853652971502e-02
8.279959599541003579e-01 2.097331385205085039e-02
8.277200532696770141e-01 2.099348388918956254e-02
8.274442385235024622e-01 2.096885383431616734e-02
8.271685156849407639e-01 2.096384884858473394e-02
8.268928847233663060e-01 2.095148895394045516e-02
8.266173456081634674e-01 2.097933011821209032e-02
8.263418983087272851e-01 2.099498812568905207e-02
8.260665427944623440e-01 2.094236217981602574e-02
8.257912790347839982e-01 2.098332833972726963e-02
8.255161069991177047e-01 2.096840847353534376e-02
8.252410266568985797e-01 2.096006243850311382e-02
8.249660379775727304e-01 2.097998855388369388e-02
8.246911409305957008e-01 2.099221285135641560e-02
8.244163354854338044e-01 2.101362421896308535e-02
8.241416216115632354e-01 2.100310553162659452e-02
8.238669992784704021e-01 2.104239757938145342e-02
8.235924684556518161e-01 2.102073389703312117e-02
8.233180291126142025e-01 2.109285044666914591e-02
8.230436812188745010e-01 2.116471702906700530e-02
8.227694247439597541e-01 2.102290149036645239e-02
8.224952596574073294e-01 2.098060972907906871e-02
8.222211859287643643e-01 2.094841900996266895e-02
8.219472035275884325e-01 2.099716400647808068e-02
8.216733124234473218e-01 2.098938476768197336e-02
8.213995125859184787e-01 2.098933048161323589e-02
8.211258039845902301e-01 2.098704564277039525e-02
8.208521865890604507e-01 2.097909538539611402e-02
8.205786603689374514e-01 2.100100602447257242e-02
8.203052252938394240e-01 2.101246398164105869e-02
8.200318813333948853e-01 2.099847543546632181e-02
8.197586284572424553e-01 2.097158927174480950e-02
8.194854666350307459e-01 2.099572294479649937e-02
8.192123958364184722e-01 2.099832287198670489e-02
8.189394160310747850e-01 2.097585559810824160e-02
8.186665271886786055e-01 2.095922802763979659e-02
8.183937292789188467e-01 2.100469444171608815e-02
8.181210222714948577e-01 2.102232285093014533e-02
8.178484061361160906e-01 2.099710108289474381e-02
8.175758808425021007e-01 2.097808529429040156e-02
8.173034463603818800e-01 2.098264305068533314e-02
8.170311026594951898e-01 2.100966603640282149e-02
8.167588497095920053e-01 2.104764595602522798e-02
8.164866874804317387e-01 2.104134187637806894e-02
8.162146159417844604e-01 2.097062556987490736e-02
8.159426350634298997e-01 2.101698084615184758e-02
8.156707448151582218e-01 2.104417621564008342e-02
8.153989451667691402e-01 2.099552501410189079e-02
8.151272360880732482e-01 2.107775179540596205e-02
8.148556175488901321e-01 2.099171477883245152e-02
8.145840895190503694e-01 2.102857869912301211e-02
8.143126519683941966e-01 2.107763552013760741e-02
8.140413048667719531e-01 2.096871184241569375e-02
8.137700481840438593e-01 2.105236159621831291e-02
8.134988818900803498e-01 2.108379125432998519e-02
8.132278059547620730e-01 2.108540254189180188e-02
8.129568203479794475e-01 2.098466880431796786e-02
8.126859250396326617e-01 2.100425171729466273e-02
8.124151199996328954e-01 2.109218569084541500e-02
8.121444051979000989e-01 2.101468842052657549e-02
8.118737806043653249e-01 2.095867299189845684e-02
8.116032461889689520e-01 2.107101896590413137e-02
8.113328019216617948e-01 2.105296717825496863e-02
8.110624477724041048e-01 2.102702640545461160e-02
8.107921837111670138e-01 2.100729633763898097e-02
8.105220097079309793e-01 2.102356931430082732e-02
8.102519257326866731e-01 2.102475218947606750e-02
8.099819317554348697e-01 2.103003434258050169e-02
8.097120277461861138e-01 2.099270034873725738e-02
8.094422136749609420e-01 2.098833367672057332e-02
8.091724895117903271e-01 2.102487765764154970e-02
8.089028552267147898e-01 2.099356570219166121e-02
8.086333107897848427e-01 2.098827501388387737e-02
8.083638561710609904e-01 2.099430015364690816e-02
8.080944913406140628e-01 2.096371058825346675e-02
8.078252162685244375e-01 2.096937413824432467e-02
8.075560309248828172e-01 2.094947875565715198e-02
8.072869352797894527e-01 2.098840118571238672e-02
8.070179293033550305e-01 2.096515900493640602e-02
8.067490129656997855e-01 2.097299938310128939e-02
8.064801862369539442e-01 2.095545992386441125e-02
8.062114490872582806e-01 2.097237173713390260e-02
8.059428014867626722e-01 2.095111570630892039e-02
8.056742434056273217e-01 2.095008292532527655e-02
8.054057748140226458e-01 2.096583198990601901e-02
8.051373956821284983e-01 2.093817347763292716e-02
8.048691059801350578e-01 2.094240034603794820e-02
8.046009056782422730e-01 2.095478176865852790e-02
8.043327947466599737e-01 2.096244046241471648e-02
8.040647731556080924e-01 2.094374745867315368e-02
8.037968408753162208e-01 2.094788039661869133e-02
8.035289978760242757e-01 2.095007285429441313e-02
8.032612441279814997e-01 2.095003647265387264e-02
8.029935796014475713e-01 2.095893885650495711e-02
8.027260042666919393e-01 2.095068145465324438e-02
8.024585180939940443e-01 2.094956427267805413e-02
8.021911210536426529e-01 2.095033286191998190e-02
8.019238131159373006e-01 2.095580711979158975e-02
8.016565942511868492e-01 2.094953289936354879e-02
8.013894644297102632e-01 2.094653412080293292e-02
8.011224236218362771e-01 2.093752660591792492e-02
8.008554717979035065e-01 2.095560871550285545e-02
8.005886089282606699e-01 2.094563253826228072e-02
8.003218349832663669e-01 2.095084785978390887e-02
8.000551499332884120e-01 2.095884955240715983e-02
7.997885537487053886e-01 2.094474058408036382e-02
7.995220463999055394e-01 2.095918699145577629e-02
7.992556278572864326e-01 2.094686855607564083e-02
7.989892980912558507e-01 2.095531301008945677e-02
7.987230570722317902e-01 2.094936268826047901e-02
7.984569047706414624e-01 2.095622219422843546e-02
7.981908411569224038e-01 2.094565342840434136e-02
7.979248662015218096e-01 2.094978119863025179e-02
7.976589798748967564e-01 2.094885199563978340e-02
7.973931821475142012e-01 2.093933213126248846e-02
7.971274729898509825e-01 2.095644265883639390e-02
7.968618523723934866e-01 2.094423400876430780e-02
7.965963202656382025e-01 2.096174493204500458e-02
7.963308766400913896e-01 2.095672496458768699e-02
7.960655214662692991e-01 2.094413341366643463e-02
7.958002547146976191e-01 2.093592260677368949e-02
7.955350763559123628e-01 2.094144697557571294e-02
7.952699863604588693e-01 2.094389994431827828e-02
7.950049846988924696e-01 2.094141137417089224e-02
7.947400713417783757e-01 2.093771884364035649e-02
7.944752462596917919e-01 2.093699554308877178e-02
7.942105094232173590e-01 2.094013680191912988e-02
7.939458608029497100e-01 2.093975967171431141e-02
7.936813003694930257e-01 2.093805150414014896e-02
7.934168280934619233e-01 2.093970618113077248e-02
7.931524439454801234e-01 2.095191310463097312e-02
7.928881478961812279e-01 2.093482363577662403e-02
7.926239399162091637e-01 2.094802069340464049e-02
7.923598199762169614e-01 2.094144667251216299e-02
7.920957880468679768e-01 2.094124122436346463e-02
7.918318440988348916e-01 2.094196422392169757e-02
7.915679881028007125e-01 2.094038599615550417e-02
7.913042200294574391e-01 2.094535477858541078e-02
7.910405398495076179e-01 2.094919212628414129e-02
7.907769475336630105e-01 2.094297762433932134e-02
7.905134430526452594e-01 2.095486412864500797e-02
7.902500263771862210e-01 2.094488351968247161e-02
7.899866974780268558e-01 2.094258936650685021e-02
7.897234563259181161e-01 2.095245451480251889e-02
7.894603028916209464e-01 2.095140702486242637e-02
7.891972371459055058e-01 2.094737128334760168e-02
7.889342590595522786e-01 2.095351001439870950e-02
7.886713686033511861e-01 2.094290680633007634e-02
7.884085657481016973e-01 2.095392477257444069e-02
7.881458504646133845e-01 2.094241877301345270e-02
7.878832227237055896e-01 2.095189361729933586e-02
7.876206824962067587e-01 2.095506311038065894e-02
7.873582297529556628e-01 2.094846518664308932e-02
7.870958644648007319e-01 2.094982609719926378e-02
7.868335866025997216e-01 2.096229076646720368e-02
7.865713961372207130e-01 2.095731579232642736e-02
7.863092930395407798e-01 2.095985601477365692e-02
7.860472772804472097e-01 2.094589584408866265e-02
7.857853488308369494e-01 2.095917024789405864e-02
7.855235076616163825e-01 2.095125145554059543e-02
7.852617537437016626e-01 2.095082399601234241e-02
7.850000870480190462e-01 2.095086961612341314e-02
7.847385075455037828e-01 2.095657135788265776e-02
7.844770152071013358e-01 2.094866810297427162e-02
7.842156100037667166e-01 2.095781700643941509e-02
7.839542919064644844e-01 2.095571365666689875e-02
7.836930608861690795e-01 2.095182407762359242e-02
7.834319169138643790e-01 2.095220541938003223e-02
7.831708599605441412e-01 2.095349921419292771e-02
7.829098899972116721e-01 2.095035001672469407e-02
7.826490069948800476e-01 2.095216402778313572e-02
7.823882109245716698e-01 2.095159985031336269e-02
7.821275017573192656e-01 2.095508608257899003e-02
7.818668794641645547e-01 2.095650783964781230e-02
7.816063440161590270e-01 2.095239316648058250e-02
7.813458953843641641e-01 2.095255847816972911e-02
7.810855335398508847e-01 2.095543349233851965e-02
7.808252584536995444e-01 2.095424276793114715e-02
7.805650700970004907e-01 2.095409164947832636e-02
7.803049684408535080e-01 2.095449919747453815e-02
7.800449534563680398e-01 2.095456964166221916e-02
7.797850251146629663e-01 2.095698356361963208e-02
7.795251833868674929e-01 2.095530900819785047e-02
7.792654282441193736e-01 2.095749691623498279e-02
7.790057596575667986e-01 2.095733907373860741e-02
7.787461775983672840e-01 2.095786012670326423e-02
7.784866820376878938e-01 2.095734163212384718e-02
7.782272729467056838e-01 2.095758709894582697e-02
7.779679502966068139e-01 2.095845384295909331e-02
7.777087140585872138e-01 2.095944958348467876e-02
7.774495642038524723e-01 2.096035281429029645e-02
7.771905007036179480e-01 2.096233557806590625e-02
7.769315235291081034e-01 2.096201667466285334e-02
7.766726326515575041e-01 2.096227955176981766e-02
7.764138280422101523e-01 2.096400079687644330e-02
7.761551096723192655e-01 2.096466017663536213e-02
7.758964775131481639e-01 2.096502191637229090e-02
7.756379315359696047e-01 2.096566916038580114e-02
7.753794717120654489e-01 2.096842805490845354e-02
7.751210980127277717e-01 2.096852570222859646e-02
7.748628104092580848e-01 2.097068825554228300e-02
7.746046088729670043e-01 2.097188330353749741e-02
7.743464933751751378e-01 2.097238538299922572e-02
7.740884638872127521e-01 2.097409707676334278e-02
7.738305203804191068e-01 2.097733592542665865e-02
7.735726628261438975e-01 2.097861017916417478e-02
7.733148911957451466e-01 2.098131765680404798e-02
7.730572054605915344e-01 2.098335626301461171e-02
7.727996055920607343e-01 2.098702823510831261e-02
7.725420915615401896e-01 2.099178244339264601e-02
7.722846633404267802e-01 2.099682638540152635e-02
7.720273209001266013e-01 2.100443893224095832e-02
7.717700642120558507e-01 2.101407407322626944e-02
7.715128932476399415e-01 2.102849523225758591e-02
7.712558079783138343e-01 2.104758509113955137e-02
7.709988083755218158e-01 2.108311902089374246e-02
7.707418944107182757e-01 2.114743473871184484e-02
7.704850660553663744e-01 2.130622385631849441e-02
7.702283232809394864e-01 2.201553792880329638e-02
7.699716660589197570e-01 2.188531672267738509e-02
7.697150943607994344e-01 2.129374745537765401e-02
7.694586081580799819e-01 2.115153933746778334e-02
7.692022074222725214e-01 2.109931814672927688e-02
7.689458921248975010e-01 2.107690899367374929e-02
7.686896622374850274e-01 2.106668402304423537e-02
7.684335177315744225e-01 2.106575221003180107e-02
7.681774585787148890e-01 2.107921604267143714e-02
7.679214847504646224e-01 2.110975944276148597e-02
7.676655962183916992e-01 2.115995124745798442e-02
7.674097929540736329e-01 2.124829052777150659e-02
7.671540749290971517e-01 2.143152653118967493e-02
7.668984421150588648e-01 2.191545892584532279e-02
7.666428944835642634e-01 2.250492504984330858e-02
7.663874320062288303e-01 2.162593873233321917e-02
7.661320546546771526e-01 2.133105928565410397e-02
7.658767624005435870e-01 2.120063695862249922e-02
7.656215552154718162e-01 2.113117402832287439e-02
7.653664330711147379e-01 2.108696716963939441e-02
7.651113959391349084e-01 2.105586236660223626e-02
7.648564437912045433e-01 2.103581761325122590e-02
7.646015765990047397e-01 2.102050383504091777e-02
7.643467943342265869e-01 2.100772213830425991e-02
7.640920969685703890e-01 2.100026649576989049e-02
7.638374844737457758e-01 2.099352627817075573e-02
7.635829568214718144e-01 2.099090271099748536e-02
7.633285139834772304e-01 2.098703932712481582e-02
7.630741559315000755e-01 2.098178849355946535e-02
7.628198826372875052e-01 2.097813568989884483e-02
7.625656940725966670e-01 2.097636394582901020e-02
7.623115902091935903e-01 2.097584603193692818e-02
7.620575710188538521e-01 2.097492933386147992e-02
7.618036364733627996e-01 2.097690959614608927e-02
7.615497865445145509e-01 2.097219316314589618e-02
7.612960212041131047e-01 2.097293304081677273e-02
7.610423404239716749e-01 2.097171047558597443e-02
7.607887441759130231e-01 2.097398013213999657e-02
7.605352324317691259e-01 2.097160563963758675e-02
7.602818051633811747e-01 2.096985082261434985e-02
7.600284623426002417e-01 2.097072645562996981e-02
7.597752039412865033e-01 2.097292168160013945e-02
7.595220299313092394e-01 2.097693390821140855e-02
7.592689402845477220e-01 2.097276016140509763e-02
7.590159349728901050e-01 2.097108826602195331e-02
7.587630139682339792e-01 2.097516952798222575e-02
7.585101772424864830e-01 2.096940287371020645e-02
7.582574247675638590e-01 2.097159598848362394e-02
7.580047565153918976e-01 2.096962985838315627e-02
7.577521724579060480e-01 2.097286116696042702e-02
7.574996725670501974e-01 2.097290620690601265e-02
7.572472568147785577e-01 2.097240221547197817e-02
7.569949251730542228e-01 2.096704000499502452e-02
7.567426776138495015e-01 2.097543871207464133e-02
7.564905141091464724e-01 2.097514663984894820e-02
7.562384346309360961e-01 2.097221202406523988e-02
7.559864391512189918e-01 2.097095514201078800e-02
7.557345276420048830e-01 2.097289867691494447e-02
7.554827000753130406e-01 2.097617152597874499e-02
7.552309564231719508e-01 2.097208528634758248e-02
7.549792966576193143e-01 2.097428347729100861e-02
7.547277207507023800e-01 2.097328570553590524e-02
7.544762286744775004e-01 2.097838698580774264e-02
7.542248204010104651e-01 2.096949770980150937e-02
7.539734959023762784e-01 2.097537919536156259e-02
7.537222551506593815e-01 2.097523673856068610e-02
7.534710981179534306e-01 2.097198790438174754e-02
7.532200247763610745e-01 2.097944325481061051e-02
7.529690350979950653e-01 2.097375487827266363e-02
7.527181290549767034e-01 2.098055797898178837e-02
7.524673066194368376e-01 2.098865368567142189e-02
7.522165677635156422e-01 2.097285023234391962e-02
7.519659124593625066e-01 2.097737066675288767e-02
7.517153406791360348e-01 2.097976751496835601e-02
7.514648523950043790e-01 2.098186656266932265e-02
7.512144475791445730e-01 2.097017569085872848e-02
7.509641262037433096e-01 2.097193135948997172e-02
7.507138882409961633e-01 2.099140180423550092e-02
7.504637336631084787e-01 2.097874450870854113e-02
7.502136624422943711e-01 2.099603533665769448e-02
7.499636745507773927e-01 2.097608865081227944e-02
7.497137699607904215e-01 2.098379249089605061e-02
7.494639486445754395e-01 2.097224034087610475e-02
7.492142105743839764e-01 2.098646806218146948e-02
7.489645557224764438e-01 2.098423708698030077e-02
7.487149840611225793e-01 2.098572659518241693e-02
7.484654955626017792e-01 2.098570691348244921e-02
7.482160901992019886e-01 2.100567514989886905e-02
7.479667679432208116e-01 2.099116723956821751e-02
7.477175287669651782e-01 2.098323744681381345e-02
7.474683726427507890e-01 2.097068710615890980e-02
7.472192995429032258e-01 2.099348923592619931e-02
7.469703094397565080e-01 2.098300711994654025e-02
7.467214023056545358e-01 2.098059163050507853e-02
7.464725781129502025e-01 2.099561455264643828e-02
7.462238368340055050e-01 2.099018877226918947e-02
7.459751784411917663e-01 2.100179058935950499e-02
7.457266029068893021e-01 2.100761637779940613e-02
7.454781102034881979e-01 2.099382548739509025e-02
7.452297003033869771e-01 2.097473046536874747e-02
7.449813731789938220e-01 2.098348632143457251e-02
7.447331288027263518e-01 2.099093822916391766e-02
7.444849671470106234e-01 2.100611579206308407e-02
7.442368881842824635e-01 2.101794323185150401e-02
7.439888918869868029e-01 2.102369354329982828e-02
7.437409782275774539e-01 2.100507125792724916e-02
7.434931471785178880e-01 2.098241983922054937e-02
7.432453987122803474e-01 2.098104605265295811e-02
7.429977328013466220e-01 2.098540071164161497e-02
7.427501494182071617e-01 2.102875951122245429e-02
7.425026485353619643e-01 2.100360952033412595e-02
7.422552301253201312e-01 2.101607339008426320e-02
7.420078941605998679e-01 2.098666493793168233e-02
7.417606406137285946e-01 2.101886569447520767e-02
7.415134694572428353e-01 2.098714480544890473e-02
7.412663806636882180e-01 2.101523657291606839e-02
7.410193742056195854e-01 2.100223986559456371e-02
7.407724500556009950e-01 2.101110599334868323e-02
7.405256081862056083e-01 2.100248769163435072e-02
7.402788485700154686e-01 2.101789623139288521e-02
7.400321711796222779e-01 2.101744090096153983e-02
7.397855759876263981e-01 2.099727507272431543e-02
7.395390629666374060e-01 2.100297777870084592e-02
7.392926320892742043e-01 2.101955440846658280e-02
7.390462833281649102e-01 2.102587546050872086e-02
7.388000166559461901e-01 2.099003177322530250e-02
7.385538320452642580e-01 2.106825129758629206e-02
7.383077294687747649e-01 2.100612754195865448e-02
7.380617088991415775e-01 2.100387100314403052e-02
7.378157703090386654e-01 2.100960392279946354e-02
7.375699136711481030e-01 2.102209951645156102e-02
7.373241389581620675e-01 2.102263894996928353e-02
7.370784461427809520e-01 2.102087799175110863e-02
7.368328351977150303e-01 2.106312358885050959e-02
7.365873060956831253e-01 2.101546514719252953e-02
7.363418588094132744e-01 2.103093741741542469e-02
7.360964933116426190e-01 2.101135997867246627e-02
7.358512095751176263e-01 2.099764432223222982e-02
7.356060075725934233e-01 2.102624727710726560e-02
7.353608872768343518e-01 2.098534796631015484e-02
7.351158486606140796e-01 2.106677066296528192e-02
7.348708916967152671e-01 2.100133713986122863e-02
7.346260163579291236e-01 2.102427959779675296e-02
7.343812226170567392e-01 2.101014954103702648e-02
7.341365104469077529e-01 2.099288161936682662e-02
7.338918798203009075e-01 2.100157554292515424e-02
7.336473307100641605e-01 2.103565899835242031e-02
7.334028630890344624e-01 2.104554371102233465e-02
7.331584769300577564e-01 2.099672421760677074e-02
7.329141722059890895e-01 2.106009233952879645e-02
7.326699488896923906e-01 2.098867593560171246e-02
7.324258069540410254e-01 2.101046511037228323e-02
7.321817463719170194e-01 2.101894409634347607e-02
7.319377671162116128e-01 2.107304216260258434e-02
7.316938691598248168e-01 2.102664155842390303e-02
7.314500524756663014e-01 2.104754531021151703e-02
7.312063170366540632e-01 2.108611327705983002e-02
7.309626628157153139e-01 2.100349962265412110e-02
7.307190897857867018e-01 2.107447082805271113e-02
7.304755979198134241e-01 2.104379422806730224e-02
7.302321871907497819e-01 2.108644302079982699e-02
7.299888575715591799e-01 2.098367090370930124e-02
7.297456090352141267e-01 2.106528878031443952e-02
7.295024415546957908e-01 2.104002534194715154e-02
7.292593551029947774e-01 2.104965592308139302e-02
7.290163496531103515e-01 2.102187595133972117e-02
7.287734251780508821e-01 2.097191091614753963e-02
7.285305816508339527e-01 2.100385406005027961e-02
7.282878190444858069e-01 2.100725693685898121e-02
7.280451373320416808e-01 2.102724042374729679e-02
7.278025364865461366e-01 2.105855130704074180e-02
7.275600164810523962e-01 2.102702135146675491e-02
7.273175772886227852e-01 2.101504303242924046e-02
7.270752188823286222e-01 2.101910877244632381e-02
7.268329412352501073e-01 2.101878873486688615e-02
7.265907443204766558e-01 2.103908653516173288e-02
7.263486281111062315e-01 2.107290261779859106e-02
7.261065925802461241e-01 2.103726058394605331e-02
7.258646377010122830e-01 2.103077656849473148e-02
7.256227634465300946e-01 2.105694047907220867e-02
7.253809697899333830e-01 2.106582502840687390e-02
7.251392567043652981e-01 2.101511080395321654e-02
7.248976241629775386e-01 2.104168164361880713e-02
7.246560721389311288e-01 2.106200244280616307e-02
7.244146006053959752e-01 2.099025197639480672e-02
7.241732095355508658e-01 2.106327161019700550e-02
7.239318989025832485e-01 2.103419669337724951e-02
7.236906686796898969e-01 2.104998833596147950e-02
7.234495188400765775e-01 2.102871269527827741e-02
7.232084493569574946e-01 2.102891818481358865e-02
7.229674602035562891e-01 2.104340586071318242e-02
7.227265513531052621e-01 2.101523614811022858e-02
7.224857227788455960e-01 2.102797210018929330e-02
7.222449744540274663e-01 2.101321000480553883e-02
7.220043063519101523e-01 2.104837536165248685e-02
7.217637184457614818e-01 2.101934538241642669e-02
7.215232107088584979e-01 2.101761293729004221e-02
7.212827831144869029e-01 2.103687558163053889e-02
7.210424356359416143e-01 2.103637302749405968e-02
7.208021682465259872e-01 2.105808442929744256e-02
7.205619809195528136e-01 2.105059863789810262e-02
7.203218736283433232e-01 2.107893511786786481e-02
7.200818463462278496e-01 2.102687410188700673e-02
7.198418990465456080e-01 2.101451581550751319e-02
7.196020317026446955e-01 2.107188099895306033e-02
7.193622442878819800e-01 2.103040530447674444e-02
7.191225367756234332e-01 2.100662861324766734e-02
7.188829091392436865e-01 2.108149994339504271e-02
7.186433613521261421e-01 2.106637614543899542e-02
7.184038933876636390e-01 2.103189738164710706e-02
7.181645052192571210e-01 2.101869466081125390e-02
7.179251968203169687e-01 2.108852400085577811e-02
7.176859681642622224e-01 2.103897075933784319e-02
7.174468192245205822e-01 2.108228722721464457e-02
7.172077499745290741e-01 2.106927095518326687e-02
7.169687603877330506e-01 2.110620104027843835e-02
7.167298504375871904e-01 2.115975809423099180e-02
7.164910200975546095e-01 2.107210239527341350e-02
7.162522693411075281e-01 2.100790105798810634e-02
7.160135981417269369e-01 2.104598805014719354e-02
7.157750064729025974e-01 2.101406612896875720e-02
7.155364943081331530e-01 2.098234280270494870e-02
7.152980616209261289e-01 2.100727481607878380e-02
7.150597083847978208e-01 2.099748867115886972e-02
7.148214345732734065e-01 2.099041518970285944e-02
7.145832401598867234e-01 2.098542630814654447e-02
7.143451251181804906e-01 2.100825536118230974e-02
7.141070894217065312e-01 2.098535172567215709e-02
7.138691330440251059e-01 2.098331746420427357e-02
7.136312559587055793e-01 2.098717740010600658e-02
7.133934581393257535e-01 2.098824503438146902e-02
7.131557395594725346e-01 2.100246105033314395e-02
7.129181001927415995e-01 2.098304057809977086e-02
7.126805400127373957e-01 2.101674869065436879e-02
7.124430589930729196e-01 2.098656094197215785e-02
7.122056571073703823e-01 2.099559023497239024e-02
7.119683343292605437e-01 2.098450516605139538e-02
7.117310906323830455e-01 2.099081502279384615e-02
7.114939259903861890e-01 2.097289200425976261e-02
7.112568403769271574e-01 2.099038414284593729e-02
7.110198337656719048e-01 2.099922229134733656e-02
7.107829061302951557e-01 2.099054262181337255e-02
7.105460574444802946e-01 2.097305594169741189e-02
7.103092876819195878e-01 2.098842833423886223e-02
7.100725968163140722e-01 2.098683759417608111e-02
7.098359848213735557e-01 2.097748877058537922e-02
7.095994516708166167e-01 2.100391881196254223e-02
7.093629973383703824e-01 2.098748439579982417e-02
7.091266217977711950e-01 2.099742035064219164e-02
7.088903250227635011e-01 2.097857468692236257e-02
7.086541069871010734e-01 2.096956604248580852e-02
7.084179676645461221e-01 2.097281080179159637e-02
7.081819070288698503e-01 2.101321992149954992e-02
7.079459250538518988e-01 2.097819903861517302e-02
7.077100217132806792e-01 2.098308005006452662e-02
7.074741969809537068e-01 2.100651600193341115e-02
7.072384508306768236e-01 2.097594732899131509e-02
7.070027832362646425e-01 2.097165387514432142e-02
7.067671941715406581e-01 2.101473874162129024e-02
7.065316836103372466e-01 2.097889148822895330e-02
7.062962515264950003e-01 2.098445095129489527e-02
7.060608978938637259e-01 2.098476949987272341e-02
7.058256226863015570e-01 2.098217876121738490e-02
7.055904258776756199e-01 2.098048753379365763e-02
7.053553074418615898e-01 2.100632438083428408e-02
7.051202673527439124e-01 2.098673690514757037e-02
7.048853055842158044e-01 2.098285209642579072e-02
7.046504221101790311e-01 2.099754680803976592e-02
7.044156169045442395e-01 2.097885286551997089e-02
7.041808899412304035e-01 2.099546704235622299e-02
7.039462411941656006e-01 2.098489952483627990e-02
7.037116706372864572e-01 2.098115058546072206e-02
7.034771782445382593e-01 2.096954739937436848e-02
7.032427639898749527e-01 2.099079532843799167e-02
7.030084278472590320e-01 2.099939194779378709e-02
7.027741697906622065e-01 2.099876373041427782e-02
7.025399897940640681e-01 2.098309386639620605e-02
7.023058878314535347e-01 2.098397447688284123e-02
7.020718638768278508e-01 2.097953877907205583e-02
7.018379179041931426e-01 2.100275791637437259e-02
7.016040498875639742e-01 2.097324274975846323e-02
7.013702598009635691e-01 2.100752235844461149e-02
7.011365476184239220e-01 2.097478968741653751e-02
7.009029133139860201e-01 2.098055838078558694e-02
7.006693568616987333e-01 2.099822446490686931e-02
7.004358782356201463e-01 2.097689868802867300e-02
7.002024774098167814e-01 2.098972754467062080e-02
6.999691543583639319e-01 2.099235837218027534e-02
6.997359090553455507e-01 2.097460804780786059e-02
6.995027414748538064e-01 2.098636446745336462e-02
6.992696515909900823e-01 2.098140111001817187e-02
6.990366393778640886e-01 2.098894907556587627e-02
6.988037048095941950e-01 2.098768403323604537e-02
6.985708478603073202e-01 2.097115334665631409e-02
6.983380685041392644e-01 2.097886456070275490e-02
6.981053667152341546e-01 2.097002615848823220e-02
6.978727424677447777e-01 2.097993405683079918e-02
6.976401957358329131e-01 2.097608004664031425e-02
6.974077264936683340e-01 2.097435669963092220e-02
6.971753347154296954e-01 2.098185886824082899e-02
6.969430203753046449e-01 2.096958377039972662e-02
6.967107834474888239e-01 2.097916300421967875e-02
6.964786239061866446e-01 2.098037074415190495e-02
6.962465417256114009e-01 2.099573811909021676e-02
6.960145368799847132e-01 2.098761395020708881e-02
6.957826093435367509e-01 2.100308794225502762e-02
6.955507590905065651e-01 2.098107257476360815e-02
6.953189860951415335e-01 2.099465748493169193e-02
6.950872903316974716e-01 2.098997029791116811e-02
6.948556717744392985e-01 2.099935616361344251e-02
6.946241303976400383e-01 2.099548726926956863e-02
6.943926661755814855e-01 2.101481902707073857e-02
6.941612790825538726e-01 2.101228098175603187e-02
6.939299690928563136e-01 2.099746779799417304e-02
6.936987361807959163e-01 2.098691878615726453e-02
6.934675803206890032e-01 2.102767679638153919e-02
6.932365014868600017e-01 2.103121267105408781e-02
6.930054996536421097e-01 2.100155598097784571e-02
6.927745747953768518e-01 2.100140162802620336e-02
6.925437268864147455e-01 2.106167828584740859e-02
6.923129559011143019e-01 2.106144296497593910e-02
6.920822618138429139e-01 2.103311727356324545e-02
6.918516445989765229e-01 2.100495348284157904e-02
6.916211042308996193e-01 2.099853846357105369e-02
6.913906406840047980e-01 2.098696348394984978e-02
6.911602539326939798e-01 2.097556553369381988e-02
6.909299439513767460e-01 2.098142069341381311e-02
6.906997107144718928e-01 2.097081335327499740e-02
6.904695541964063210e-01 2.098738862474138281e-02
6.902394743716157022e-01 2.097489694597242174e-02
6.900094712145442566e-01 2.096914444447108353e-02
6.897795446996443092e-01 2.096840755530263861e-02
6.895496948013771776e-01 2.097058238424904034e-02
6.893199214942123954e-01 2.096976040286259446e-02
6.890902247526280444e-01 2.096664757777565863e-02
6.888606045511109777e-01 2.096764234284049719e-02
6.886310608641562636e-01 2.096722708743348554e-02
6.884015936662674084e-01 2.096704608726009111e-02
6.881722029319568001e-01 2.096698646773096503e-02
6.879428886357448203e-01 2.097172274745555745e-02
6.877136507521607323e-01 2.097720333143192686e-02
6.874844892557421261e-01 2.096384981277081561e-02
6.872554041210350295e-01 2.096422857669971718e-02
6.870263953225941300e-01 2.096501811201148188e-02
6.867974628349823307e-01 2.096640492798381231e-02
6.865686066327714165e-01 2.096378720327305226e-02
6.863398266905411660e-01 2.096681150718046269e-02
6.861111229828802394e-01 2.096282297530283056e-02
6.858824954843852906e-01 2.096432538172028626e-02
6.856539441696620774e-01 2.096311035893182184e-02
6.854254690133242400e-01 2.096361932567332442e-02
6.851970699899943007e-01 2.096294095916229408e-02
6.849687470743027751e-01 2.096468980781989594e-02
6.847405002408890606e-01 2.096589994320437189e-02
6.845123294644008816e-01 2.096423796210166932e-02
6.842842347194943997e-01 2.096362569877497500e-02
6.840562159808339926e-01 2.096613522550450082e-02
6.838282732230929195e-01 2.096454020897431381e-02
6.836004064209525444e-01 2.096460278907639682e-02
6.833726155491028909e-01 2.096304992055080321e-02
6.831449005822419762e-01 2.096552749617200742e-02
6.829172614950770326e-01 2.096598638905075584e-02
6.826896982623228416e-01 2.096425829241965050e-02
6.824622108587031777e-01 2.096487019389809206e-02
6.822347992589502530e-01 2.096601341010454617e-02
6.820074634378041623e-01 2.096609854682098678e-02
6.817802033700141040e-01 2.096919549427274723e-02
6.815530190303372704e-01 2.096610205206420052e-02
6.813259103935394023e-01 2.096535705689106868e-02
6.810988774343945673e-01 2.096568421133465296e-02
6.808719201276852706e-01 2.096712953473696059e-02
6.806450384482025662e-01 2.096645972111883804e-02
6.804182323707455016e-01 2.096519675285211590e-02
6.801915018701221172e-01 2.096717301399674688e-02
6.799648469211483359e-01 2.096781429497071927e-02
6.797382674986488516e-01 2.096611268677434081e-02
6.795117635774562403e-01 2.096787009968564125e-02
6.792853351324121824e-01 2.096701313572427866e-02
6.790589821383659075e-01 2.096798468082272660e-02
6.788327045701757489e-01 2.096828607435730768e-02
6.786065024027081449e-01 2.096733953737438955e-02
6.783803756108378602e-01 2.096857575746523261e-02
6.781543241694479862e-01 2.096787456342996334e-02
6.779283480534301631e-01 2.096895907980075510e-02
6.777024472376842468e-01 2.096952485628719373e-02
6.774766216971185306e-01 2.096899391131493498e-02
6.772508714066495239e-01 2.096919554513174827e-02
6.770251963412023954e-01 2.096925689757301453e-02
6.767995964757105298e-01 2.096950480936921740e-02
6.765740717851154162e-01 2.096902778311526133e-02
6.763486222443672036e-01 2.096965411173205146e-02
6.761232478284243674e-01 2.097007730884024521e-02
6.758979485122535991e-01 2.096995786779051740e-02
6.756727242708299164e-01 2.097045664932940812e-02
6.754475750791368860e-01 2.097072633038713982e-02
6.752225009121660682e-01 2.096973752275176073e-02
6.749975017449176828e-01 2.096979651834354405e-02
6.747725775524002767e-01 2.097211877916319717e-02
6.745477283096302790e-01 2.097160472967457903e-02
6.743229539916330006e-01 2.097156158197715711e-02
6.740982545734418574e-01 2.097364111963276323e-02
6.738736300300984805e-01 2.097350797897759231e-02
6.736490803366528279e-01 2.097302009509917353e-02
6.734246054681635174e-01 2.097168940779640250e-02
6.732002053996968272e-01 2.097438411057559599e-02
6.729758801063279172e-01 2.097462667755625038e-02
6.727516295631401633e-01 2.097460154558015294e-02
6.725274537452250456e-01 2.097341422748599110e-02
6.723033526276824823e-01 2.097405971086433590e-02
6.720793261856206069e-01 2.097566101774442360e-02
6.718553743941557688e-01 2.097457061109103335e-02
6.716314972284129770e-01 2.097473550525592520e-02
6.714076946635250120e-01 2.097467555889816204e-02
6.711839666746335364e-01 2.097722393826855630e-02
6.709603132368877620e-01 2.097669404740660007e-02
6.707367343254460046e-01 2.097468602587598124e-02
6.705132299154741293e-01 2.097999685306006779e-02
6.702897999821466613e-01 2.097724083738761180e-02
6.700664445006464520e-01 2.097705352423290259e-02
6.698431634461642359e-01 2.097798384466259547e-02
6.696199567938996289e-01 2.098003099922591749e-02
6.693968245190599076e-01 2.097798689033464684e-02
6.691737665968608972e-01 2.098131422962906320e-02
6.689507830025266388e-01 2.098129680435012120e-02
6.687278737112896110e-01 2.097838246116334043e-02
6.685050386983900639e-01 2.097781844865253403e-02
6.682822779390769075e-01 2.098270987437537982e-02
6.680595914086073783e-01 2.098259036887961670e-02
6.678369790822465957e-01 2.098279891032788294e-02
6.676144409352681164e-01 2.097833823967633002e-02
6.673919769429538240e-01 2.098553187431127440e-02
6.671695870805934847e-01 2.098035634590062620e-02
6.669472713234856354e-01 2.098388675402491563e-02
6.667250296469365844e-01 2.098378016280295216e-02
6.665028620262610781e-01 2.098374274761272487e-02
6.662807684367821892e-01 2.098675349395733719e-02
6.660587488538308731e-01 2.098171521135297479e-02
6.658368032527465230e-01 2.098649023109751613e-02
6.656149316088768586e-01 2.098706796525392007e-02
6.653931338975777043e-01 2.098411196900083070e-02
6.651714100942128782e-01 2.098458562507890535e-02
6.649497601741547470e-01 2.098443135159279091e-02
6.647281841127837820e-01 2.098793209992095080e-02
6.645066818854886703e-01 2.098332460308461461e-02
6.642852534676659815e-01 2.099351290103131443e-02
6.640638988347210558e-01 2.098708923080643690e-02
6.638426179620670053e-01 2.098684535412693661e-02
6.636214108251252686e-01 2.098582340345007957e-02
6.634002773993253887e-01 2.099293289125543638e-02
6.631792176601052358e-01 2.098974859255547595e-02
6.629582315829110062e-01 2.099106746078713975e-02
6.627373191431965571e-01 2.099249527825325368e-02
6.625164803164244054e-01 2.098934826415076171e-02
6.622957150780649505e-01 2.098833788349992180e-02
6.620750234035970294e-01 2.099002931507537584e-02
6.618544052685074730e-01 2.099144810236860600e-02
6.616338606482913276e-01 2.098891939593842265e-02
6.614133895184518552e-01 2.099928362715132793e-02
6.611929918545003115e-01 2.099525550407083802e-02
6.609726676319562788e-01 2.098836266580796084e-02
6.607524168263474440e-01 2.099440631830969128e-02
6.605322394132097097e-01 2.098806230390357422e-02
6.603121353680868610e-01 2.099906481508847372e-02
6.600921046665313430e-01 2.099793597154857652e-02
6.598721472841032609e-01 2.099794723778623459e-02
6.596522631963710470e-01 2.099350828765139329e-02
6.594324523789114600e-01 2.099216082769406536e-02
6.592127148073089193e-01 2.099151263826621455e-02
6.589930504571565040e-01 2.099296019429753787e-02
6.587734593040550646e-01 2.100580626181616090e-02
6.585539413236138895e-01 2.100137386763335778e-02
6.583344964914500386e-01 2.099927552823986285e-02
6.581151247831888984e-01 2.099289972116714920e-02
6.578958261744640712e-01 2.099357857713825617e-02
6.576766006409170418e-01 2.100970627454543452e-02
6.574574481581976215e-01 2.100884738878974756e-02
6.572383687019635046e-01 2.099940457439391714e-02
6.570193622478808226e-01 2.100242740362760763e-02
6.568004287716235901e-01 2.099960575627576875e-02
6.565815682488740368e-01 2.100412827359314505e-02
6.563627806553221644e-01 2.099902988374477419e-02
6.561440659666665232e-01 2.099720521422890687e-02
6.559254241586136569e-01 2.100451968913974801e-02
6.557068552068779921e-01 2.099993193231650818e-02
6.554883590871821708e-01 2.100621631769857348e-02
6.552699357752570508e-01 2.099715205820174013e-02
6.550515852468414835e-01 2.100198943696798826e-02
6.548333074776822027e-01 2.099648999106349181e-02
6.546151024435341581e-01 2.100248780901186121e-02
6.543969701201608480e-01 2.099952996853745452e-02
6.541789104833329871e-01 2.099525807431375235e-02
6.539609235088300609e-01 2.100060038691990358e-02
6.537430091724391046e-01 2.100131364795911754e-02
6.535251674499558128e-01 2.100225105380191734e-02
6.533073983171833188e-01 2.099732100669571971e-02
6.530897017499333046e-01 2.099899782357798200e-02
6.528720777240252238e-01 2.100127361081933000e-02
6.526545262152868565e-01 2.100412770626600492e-02
6.524370471995536436e-01 2.100941445254828066e-02
6.522196406526693524e-01 2.101234014733897870e-02
6.520023065504857440e-01 2.102387535164233767e-02
6.517850448688627951e-01 2.102052801344260827e-02
6.515678555836681429e-01 2.101306565283535613e-02
6.513507386707778624e-01 2.100323385258461364e-02
6.511336941060757999e-01 2.100147261669282894e-02
6.509167218654539067e-01 2.099873431287309009e-02
6.506998219248123494e-01 2.099924081593351061e-02
6.504829942600589554e-01 2.100505042624353433e-02
6.502662388471098787e-01 2.100038983260068409e-02
6.500495556618891557e-01 2.100199364641877967e-02
6.498329446803290388e-01 2.100834081179959317e-02
6.496164058783695516e-01 2.100211372716678099e-02
6.493999392319588226e-01 2.100976539695207507e-02
6.491835447170529738e-01 2.101077195421605093e-02
6.489672223096164538e-01 2.100867706388731895e-02
6.487509719856212609e-01 2.100890007567732254e-02
6.485347937210474978e-01 2.101789834446269462e-02
6.483186874918834830e-01 2.100717492340971326e-02
6.481026532741254176e-01 2.101626102407573929e-02
6.478866910437773852e-01 2.101120786319385370e-02
6.476708007768517961e-01 2.102687179679605181e-02
6.474549824493686101e-01 2.101935003702540272e-02
6.472392360373561138e-01 2.101244984958784701e-02
6.470235615168504761e-01 2.102249474793895997e-02
6.468079588638957489e-01 2.102835683025460617e-02
6.465924280545443104e-01 2.103543234735373579e-02
6.463769690648558663e-01 2.100599449597414722e-02
6.461615818708988934e-01 2.102568434041593437e-02
6.459462664487493067e-01 2.101902090692584629e-02
6.457310227744910147e-01 2.101074495747615872e-02
6.455158508242163640e-01 2.102504553491166273e-02
6.453007505740249172e-01 2.101180232983260177e-02
6.450857220000248970e-01 2.101182742874914758e-02
6.448707650783320755e-01 2.100856172376194819e-02
6.446558797850702183e-01 2.101486576945696752e-02
6.444410660963714177e-01 2.101382876353883808e-02
6.442263239883753156e-01 2.101334668837476563e-02
6.440116534372294366e-01 2.101152810967322343e-02
6.437970544190897426e-01 2.100631415708385102e-02
6.435825269101196344e-01 2.101093779155336488e-02
6.433680708864908393e-01 2.101290099337804057e-02
6.431536863243826341e-01 2.100752773236367471e-02
6.429393731999826223e-01 2.100706397624725261e-02
6.427251314894860679e-01 2.101101253760793638e-02
6.425109611690963396e-01 2.100826531577348541e-02
6.422968622150245777e-01 2.100933809552885806e-02
6.420828346034901379e-01 2.100999081372015298e-02
6.418688783107198148e-01 2.100977502024725663e-02
6.416549933129487293e-01 2.100959174614191322e-02
6.414411795864198851e-01 2.100972273557297557e-02
6.412274371073840573e-01 2.100887259989768149e-02
6.410137658521000148e-01 2.101270867952371307e-02
6.408001657968342979e-01 2.101038946792975134e-02
6.405866369178616626e-01 2.101037462418442817e-02
6.403731791914645255e-01 2.101001664413218797e-02
6.401597925939331857e-01 2.101176926461635272e-02
6.399464771015658249e-01 2.101053430514832412e-02
6.397332326906689515e-01 2.101140145349337032e-02
6.395200593375564013e-01 2.101350751183422502e-02
6.393069570185502259e-01 2.101231292872004358e-02
6.390939257099801374e-01 2.101241739600881800e-02
6.388809653881840633e-01 2.101267321191184478e-02
6.386680760295074810e-01 2.101351596486929207e-02
6.384552576103039723e-01 2.101544164187413299e-02
6.382425101069350015e-01 2.101381275063239629e-02
6.380298334957696937e-01 2.101495089321137044e-02
6.378172277531852785e-01 2.101276741759848521e-02
6.376046928555667570e-01 2.101369044553583199e-02
6.373922287793069019e-01 2.101718577628659476e-02
6.371798355008065906e-01 2.101396207607804378e-02
6.369675129964743610e-01 2.101481805961444294e-02
6.367552612427268555e-01 2.101363027953855739e-02
6.365430802159880441e-01 2.101420206242952948e-02
6.363309698926904456e-01 2.101585351385970579e-02
6.361189302492740172e-01 2.101539908119957889e-02
6.359069612621864875e-01 2.101516693395072063e-02
6.356950629078839121e-01 2.101555168764554157e-02
6.354832351628295628e-01 2.101596618472189454e-02
6.352714780034950381e-01 2.101676635062928872e-02
6.350597914063595972e-01 2.101582786747782650e-02
6.348481753479101597e-01 2.101794646915166112e-02
6.346366298046419718e-01 2.101705602182237648e-02
6.344251547530576074e-01 2.101806469505599836e-02
6.342137501696675228e-01 2.101787795962847816e-02
6.340024160309905010e-01 2.101872093983843393e-02
6.337911523135526526e-01 2.101875418541810162e-02
6.335799589938879706e-01 2.101987745980256686e-02
6.333688360485384417e-01 2.102073327498631475e-02
6.331577834540537131e-01 2.101922363874173666e-02
6.329468011869913147e-01 2.102077464763453876e-02
6.327358892239166588e-01 2.102066977048051497e-02
6.325250475414028184e-01 2.102270822453158189e-02
6.323142761160307490e-01 2.102150881599779489e-02
6.321035749243891777e-01 2.102181318400206042e-02
6.318929439430748252e-01 2.102259861926000784e-02
6.316823831486918506e-01 2.102139897629509008e-02
6.314718925178526288e-01 2.102218151947499863e-02
6.312614720271768620e-01 2.102160229375318184e-02
6.310511216532923573e-01 2.102211988455812003e-02
6.308408413728348041e-01 2.102235304014253570e-02
6.306306311624472194e-01 2.102281853447930324e-02
6.304204909987808358e-01 2.102277085382655425e-02
6.302104208584947687e-01 2.102298978845178190e-02
6.300004207182552385e-01 2.102418530876060815e-02
6.297904905547370147e-01 2.102366437601377661e-02
6.295806303446220831e-01 2.102492535976309765e-02
6.293708400646004231e-01 2.102500075283311731e-02
6.291611196913698967e-01 2.102520530685714206e-02
6.289514692016360264e-01 2.102524408771437939e-02
6.287418885721118844e-01 2.102671368425864523e-02
6.285323777795186473e-01 2.102624019608279396e-02
6.283229368005851523e-01 2.102773595121482444e-02
6.281135656120477861e-01 2.102596926665515481e-02
6.279042641906508182e-01 2.103127277287745664e-02
6.276950325131464004e-01 2.102868633407119561e-02
6.274858705562942340e-01 2.102999402510747490e-02
6.272767782968619033e-01 2.103024660066814266e-02
6.270677557116246525e-01 2.102970391754756599e-02
6.268588027773654980e-01 2.103396095811821409e-02
6.266499194708751164e-01 2.103080770503286401e-02
6.264411057689520668e-01 2.103022275168600977e-02
6.262323616484026800e-01 2.103115392408190162e-02
6.260236870860406144e-01 2.103237876793203481e-02
6.258150820586877439e-01 2.103231704088597692e-02
6.256065465431732697e-01 2.103112677623688795e-02
6.253980805163343870e-01 2.103105242806955003e-02
6.251896839550160623e-01 2.103181053938412912e-02
6.249813568360705895e-01 2.103249595009156619e-02
6.247730991363584785e-01 2.103281902099129325e-02
6.245649108327474552e-01 2.103219790996023811e-02
6.243567919021134616e-01 2.103245371535105573e-02
6.241487423213395447e-01 2.103299529548933663e-02
6.239407620673171895e-01 2.103333087168410276e-02
6.237328511169447642e-01 2.103369951192618145e-02
6.235250094471289639e-01 2.103365508703675113e-02
6.233172370347840330e-01 2.103417432303428258e-02
6.231095338568317654e-01 2.103438579226618588e-02
6.229018998902016158e-01 2.103498337501395407e-02
6.226943351118310321e-01 2.103528513220200361e-02
6.224868394986646791e-01 2.103568969826557361e-02
6.222794130276554370e-01 2.103603160790137871e-02
6.220720556757635133e-01 2.103627978856666136e-02
6.218647674199567765e-01 2.103676082267709468e-02
6.216575482372109773e-01 2.103692945340741166e-02
6.214503981045095271e-01 2.103745870518607120e-02
6.212433169988431647e-01 2.103775119698570936e-02
6.210363048972107336e-01 2.103825033456000609e-02
6.208293617766185157e-01 2.103851240435251554e-02
6.206224876140803426e-01 2.103923922234765889e-02
6.204156823866181503e-01 2.103958795832353706e-02
6.202089460712610913e-01 2.103981728284575609e-02
6.200022786450458678e-01 2.104043109102066156e-02
6.197956800850176196e-01 2.104067494068053573e-02
6.195891503682281476e-01 2.104107259351728140e-02
6.193826894717374687e-01 2.104144067656812597e-02
6.191762973726132602e-01 2.104188016611305626e-02
6.189699740479305268e-01 2.104230684275059521e-02
6.187637194747722669e-01 2.104258778067959537e-02
6.185575336302289173e-01 2.104329009016063859e-02
6.183514164913983535e-01 2.104397033365024844e-02
6.181453680353865554e-01 2.104400652657767434e-02
6.179393882393067194e-01 2.104450521986080125e-02
6.177334770802799246e-01 2.104498429625759753e-02
6.175276345354346885e-01 2.104537281406744856e-02
6.173218605819074112e-01 2.104583124981457276e-02
6.171161551968417092e-01 2.104628824966187431e-02
6.169105183573891926e-01 2.104692556443124932e-02
6.167049500407089102e-01 2.104733768094186816e-02
6.164994502239675711e-01 2.104766697652869778e-02
6.162940188843394340e-01 2.104822697125099257e-02
6.160886559990064182e-01 2.104840395312525606e-02
6.158833615451579924e-01 2.104888545868967634e-02
6.156781354999911748e-01 2.104951946121613737e-02
6.154729778407109775e-01 2.105019166056107394e-02
6.152678885445294066e-01 2.105036823469452756e-02
6.150628675886664620e-01 2.105128360411807203e-02
6.148579149503496932e-01 2.105190667114599512e-02
6.146530306068139771e-01 2.105222057790673632e-02
6.144482145353021840e-01 2.105253288155105318e-02
6.142434667130645121e-01 2.105313068266076795e-02
6.140387871173585976e-01 2.105343522154895161e-02
6.138341757254500708e-01 2.105386025145954826e-02
6.136296325146118891e-01 2.105471070441922513e-02
6.134251574621244485e-01 2.105519605535367822e-02
6.132207505452760277e-01 2.105578608354343600e-02
6.130164117413621216e-01 2.105596743735591025e-02
6.128121410276862191e-01 2.105704370665766392e-02
6.126079383815590251e-01 2.105724237375858343e-02
6.124038037802987944e-01 2.105779691172207299e-02
6.121997372012316641e-01 2.105844374390507256e-02
6.119957386216910988e-01 2.105903937693079375e-02
6.117918080190181129e-01 2.105991501533975921e-02
6.115879453705611590e-01 2.106055349003393973e-02
6.113841506536765724e-01 2.106099017725116679e-02
6.111804238457280158e-01 2.106111609095623338e-02
6.109767649240865905e-01 2.106191469652346840e-02
6.107731738661311693e-01 2.106319651480012198e-02
6.105696506492480635e-01 2.106345085024130884e-02
6.103661952508311339e-01 2.106350738786220977e-02
6.101628076482815688e-01 2.106393965413819527e-02
6.099594878190085501e-01 2.106557416769240867e-02
6.097562357404283651e-01 2.106686205581246446e-02
6.095530513899649616e-01 2.106678093441956626e-02
6.093499347450499481e-01 2.106759429098161926e-02
6.091468857831222605e-01 2.106850739873604092e-02
6.089439044816282731e-01 2.106813258604703018e-02
6.087409908180222429e-01 2.106905015541051668e-02
6.085381447697656432e-01 2.107102658337677015e-02
6.083353663143274970e-01 2.107057868401342529e-02
6.081326554291843767e-01 2.107113298007152330e-02
6.079300120918204042e-01 2.107198383921100177e-02
6.077274362797270291e-01 2.107395052452183323e-02
6.075249279704035832e-01 2.107432259762606966e-02
6.073224871413563930e-01 2.107407455127224133e-02
6.071201137700996675e-01 2.107600957476104056e-02
6.069178078341550542e-01 2.107707645641592603e-02
6.067155693110511949e-01 2.107645382634185799e-02
6.065133981783250583e-01 2.107823474493417115e-02
6.063112944135204962e-01 2.107953781185329875e-02
6.061092579941890213e-01 2.107891148268505391e-02
6.059072888978896954e-01 2.108052378634405963e-02
6.057053871021890190e-01 2.108445195608119049e-02
6.055035525846607092e-01 2.108051027950360798e-02
6.053017853228864764e-01 2.108322595260818041e-02
6.051000852944548036e-01 2.108381804748997446e-02
6.048984524769623894e-01 2.108477573818294190e-02
6.046968868480130377e-01 2.108642827077085100e-02
6.044953883852178800e-01 2.109054819542307418e-02
6.042939570661958193e-01 2.108765984837250237e-02
6.040925928685729751e-01 2.109045737492941039e-02
6.038912957699830164e-01 2.108797638317414999e-02
6.036900657480668286e-01 2.109129788687360771e-02
6.034889027804734019e-01 2.109118634944014137e-02
6.032878068448583875e-01 2.109577852062214515e-02
6.030867779188854305e-01 2.109335610565233124e-02
6.028858159802251704e-01 2.109743727322139356e-02
6.026849210065563511e-01 2.109632529703631132e-02
6.024840929755643781e-01 2.109792634487813595e-02
6.022833318649428724e-01 2.109903805686895104e-02
6.020826376523918944e-01 2.110136977766302949e-02
6.018820103156199419e-01 2.109856104429436163e-02
6.016814498323425076e-01 2.110958274512634431e-02
6.014809561802823001e-01 2.110370867510770812e-02
6.012805293371699111e-01 2.110470724490318140e-02
6.010801692807430374e-01 2.110721340150968281e-02
6.008798759887465923e-01 2.110804894425628159e-02
6.006796494389337049e-01 2.110949765968588021e-02
6.004794896090638323e-01 2.111170869825875623e-02
6.002793964769050916e-01 2.111121424683088180e-02
6.000793700202314840e-01 2.111585527379688729e-02
5.998794102168258924e-01 2.111580010401823901e-02
5.996795170444776391e-01 2.111877821383928780e-02
5.994796904809839289e-01 2.111789590636473438e-02
5.992799305041491831e-01 2.112215941461833418e-02
5.990802370917852615e-01 2.112507407913104263e-02
5.988806102217113514e-01 2.112219707105969166e-02
5.986810498717540785e-01 2.112446374548216863e-02
5.984815560197473960e-01 2.112464173606283177e-02
5.982821286435328068e-01 2.112867433072314338e-02
5.980827677209591409e-01 2.112794725731392473e-02
5.978834732298824450e-01 2.113654029696889619e-02
5.976842451481663154e-01 2.113413022686077072e-02
5.974850834536818978e-01 2.113573453977608124e-02
5.972859881243069990e-01 2.113664730840114983e-02
5.970869591379276420e-01 2.114414601731317081e-02
5.968879964724367326e-01 2.114334712564272523e-02
5.966891001057348376e-01 2.114496234951581538e-02
5.964902700157296289e-01 2.114865555135918979e-02
5.962915061803359951e-01 2.114707191101522499e-02
5.960928085774769292e-01 2.115340452378934935e-02
5.958941771850817526e-01 2.115611690204612094e-02
5.956956119810880024e-01 2.115557426701427518e-02
5.954971129434402100e-01 2.115896176648063287e-02
5.952986800500902342e-01 2.116400140319789000e-02
5.951003132789970396e-01 2.116966199761458750e-02
5.949020126081275839e-01 2.117551804998454509e-02
5.947037780154557085e-01 2.117971967581581960e-02
5.945056094789628043e-01 2.118230669377596867e-02
5.943075069766371454e-01 2.118481846011394110e-02
5.941094704864751108e-01 2.118459843323625483e-02
5.939114999864794076e-01 2.118985198655305366e-02
5.937135954546611805e-01 2.119495838455325021e-02
5.935157568690382357e-01 2.120078998497944636e-02
5.933179842076354849e-01 2.120748775023029165e-02
5.931202774484860551e-01 2.121522948672620659e-02
5.929226365696294021e-01 2.122387699589419266e-02
5.927250615491130858e-01 2.123426838063659575e-02
5.925275523649913278e-01 2.124734767144755010e-02
5.923301089953262322e-01 2.125744763747180674e-02
5.921327314181867862e-01 2.127513181412992588e-02
5.919354196116495270e-01 2.129671611211670507e-02
5.917381735537982079e-01 2.131983920060314189e-02
5.915409932227239098e-01 2.134810412807434943e-02
5.913438785965250410e-01 2.138471729037535671e-02
5.911468296533072264e-01 2.143040832818828012e-02
5.909498463711833072e-01 2.147851705074210402e-02
5.907529287282740071e-01 2.154493663118357480e-02
5.905560767027063784e-01 2.163232255167127707e-02
5.903592902726154668e-01 2.173271697859231397e-02
5.901625694161434232e-01 2.190370446547319772e-02
5.899659141114395045e-01 2.226052237152468041e-02
5.897693243366606275e-01 2.283097048406365626e-02
5.895728000699705929e-01 2.237985711439487851e-02
5.893763412895407505e-01 2.246631759998888103e-02
5.891799479735494449e-01 2.293618534852158095e-02
5.889836201001826810e-01 2.255530897743560081e-02
5.887873576476334581e-01 2.212493800538745808e-02
5.885911605941021030e-01 2.187436144778625441e-02
5.883950289177960480e-01 2.174412899508286479e-02
5.881989625969303859e-01 2.162923782735979433e-02
5.880029616097270928e-01 2.153338508736980100e-02
5.878070259344155835e-01 2.146276768990797515e-02
5.876111555492323779e-01 2.141045722693419445e-02
5.874153504324216568e-01 2.136747896408924124e-02
5.872196105622341511e-01 2.133594063553545875e-02
5.870239359169285853e-01 2.130894903413747821e-02
5.868283264747701233e-01 2.128913165541603675e-02
5.866327822140321446e-01 2.127234630296712461e-02
5.864373031129944680e-01 2.125782687967388979e-02
5.862418891499444618e-01 2.124656584576018609e-02
5.860465403031767107e-01 2.123723795613363316e-02
5.858512565509929049e-01 2.122743353153948298e-02
5.856560378717023951e-01 2.121897178942527828e-02
5.854608842436210825e-01 2.121217196317764717e-02
5.852657956450727506e-01 2.120548030157725500e-02
5.850707720543878443e-01 2.119957391328835053e-02
5.848758134499045802e-01 2.119474033783872585e-02
5.846809198099679472e-01 2.119121214278943052e-02
5.844860911129302616e-01 2.118792054169585382e-02
5.842913273371509453e-01 2.118496383557423243e-02
5.840966284609974135e-01 2.118361707911658315e-02
5.839019944628429659e-01 2.117980990022736917e-02
5.837074253210693398e-01 2.117715725922510520e-02
5.835129210140646006e-01 2.117418282504672858e-02
5.833184815202244744e-01 2.117207387375118557e-02
5.831241068179517928e-01 2.117007340781639976e-02
5.829297968856566037e-01 2.116876079983271569e-02
5.827355517017559494e-01 2.116636868488459139e-02
5.825413712446743109e-01 2.116376255537220571e-02
5.823472554928433853e-01 2.116163217707211011e-02
5.821532044247017534e-01 2.115941783375869384e-02
5.819592180186954344e-01 2.115744946247221508e-02
5.817652962532777750e-01 2.115806477276437753e-02
5.815714391069086719e-01 2.115414240878246699e-02
5.813776465580559050e-01 2.115302612767897689e-02
5.811839185851941370e-01 2.115152805022255111e-02
5.809902551668052473e-01 2.114874776344904256e-02
5.807966562813781097e-01 2.114804336596075307e-02
5.806031219074089256e-01 2.114939405016146717e-02
5.804096520234010015e-01 2.114525582084737093e-02
5.802162466078649716e-01 2.114291947941670385e-02
5.800229056393185756e-01 2.114271022304359607e-02
5.798296290962864363e-01 2.113967267854639440e-02
5.796364169573005043e-01 2.113992941563165584e-02
5.794432692009001684e-01 2.114075512742970286e-02
5.792501858056317010e-01 2.113617113577629519e-02
5.790571667500482578e-01 2.113443666986968700e-02
5.788642120127106550e-01 2.113508522874863599e-02
5.786713215721865922e-01 2.113242474699425152e-02
5.784784954070508745e-01 2.113362461141935628e-02
5.782857334958855233e-01 2.113241062279889310e-02
5.780930358172796657e-01 2.113141624700684909e-02
5.779004023498297560e-01 2.112824584731883004e-02
5.777078330721390209e-01 2.112813768996970806e-02
5.775153279628180147e-01 2.112840310803060576e-02
5.773228870004845081e-01 2.112836634558285312e-02
5.771305101637631552e-01 2.112572309082976982e-02
5.769381974312860484e-01 2.112475142423762137e-02
5.767459487816921637e-01 2.112228545829018464e-02
5.765537641936275826e-01 2.112398437014579092e-02
5.763616436457456027e-01 2.112302903312343952e-02
5.761695871167065164e-01 2.112062160294735785e-02
5.759775945851781653e-01 2.112068343053067482e-02
5.757856660298349416e-01 2.111862893338824904e-02
5.755938014293583427e-01 2.112056667425122811e-02
5.754020007624376376e-01 2.111987699720175443e-02
5.752102640077683127e-01 2.111669253244822034e-02
5.750185911440535147e-01 2.111676161967446230e-02
5.748269821500036070e-01 2.111863248747845520e-02
5.746354370043353921e-01 2.111752864089682866e-02
5.744439556857733331e-01 2.111506352502474232e-02
5.742525381730489986e-01 2.111321368709769691e-02
5.740611844449006185e-01 2.111370807661999000e-02
5.738698944800740831e-01 2.111385315123260123e-02
5.736786682573215002e-01 2.111339988926854566e-02
5.734875057554029709e-01 2.111145816217321891e-02
5.732964069530852580e-01 2.110973144913395882e-02
5.731053718291420074e-01 2.111400785692299498e-02
5.729144003623546366e-01 2.111147019604267538e-02
5.727234925315106695e-01 2.110794257764845444e-02
5.725326483154055124e-01 2.110862486494254411e-02
5.723418676928412330e-01 2.110823230503156012e-02
5.721511506426271154e-01 2.110929580585065718e-02
5.719604971435791052e-01 2.110812520517948293e-02
5.717699071745209194e-01 2.110587194244829476e-02
5.715793807142829364e-01 2.110556192003911619e-02
5.713889177417021958e-01 2.110583406883055624e-02
5.711985182356236201e-01 2.110439584106865024e-02
5.710081821748985709e-01 2.110396949732882069e-02
5.708179095383857371e-01 2.110356318824975833e-02
5.706277003049506913e-01 2.110328399951291733e-02
5.704375544534662223e-01 2.110296069021203036e-02
5.702474719628118915e-01 2.110335828422855997e-02
5.700574528118746986e-01 2.110635893336559182e-02
5.698674969795480827e-01 2.110282185020792220e-02
5.696776044447330323e-01 2.110228417299895090e-02
5.694877751863376414e-01 2.110589128090004790e-02
5.692980091832764433e-01 2.110220248548259209e-02
5.691083064144715209e-01 2.110696227132494510e-02
5.689186668588520623e-01 2.110524265916335906e-02
5.687290904953534731e-01 2.110409912436204266e-02
5.685395773029191524e-01 2.110880397555897278e-02
5.683501272604989385e-01 2.110842234284576735e-02
5.681607403470498863e-01 2.111497962281622814e-02
5.679714165415359339e-01 2.109977926227677922e-02
5.677821558229283472e-01 2.109960108296739592e-02
5.675929581702048310e-01 2.110116734094243454e-02
5.674038235623506399e-01 2.109747028325632129e-02
5.672147519783579117e-01 2.109699241598123401e-02
5.670257433972255567e-01 2.109667520724469239e-02
5.668367977979593686e-01 2.109740438657792955e-02
5.666479151595728014e-01 2.109536102040030295e-02
5.664590954610857487e-01 2.109581412601188588e-02
5.662703386815253204e-01 2.109482518477218821e-02
5.660816447999251766e-01 2.109442030706003973e-02
5.658930137953266382e-01 2.109418767046486107e-02
5.657044456467776872e-01 2.109406355144251982e-02
5.655159403333333001e-01 2.109347724393559678e-02
5.653274978340553369e-01 2.109306765401691014e-02
5.651391181280125409e-01 2.109303834731191679e-02
5.649508011942810937e-01 2.109263079420126141e-02
5.647625470119436164e-01 2.109230668739385528e-02
5.645743555600902797e-01 2.109209817884581672e-02
5.643862268178176933e-01 2.109197683417926572e-02
5.641981607642295726e-01 2.109183833863226623e-02
5.640101573784367384e-01 2.109158043392282689e-02
5.638222166395567836e-01 2.109116961651663971e-02
5.636343385267145178e-01 2.109105761940335833e-02
5.634465230190415230e-01 2.109078604994065603e-02
5.632587700956762644e-01 2.109061675230936711e-02
5.630710797357643127e-01 2.109045162642404769e-02
5.628834519184580110e-01 2.109015286454911375e-02
5.626958866229171408e-01 2.108999098329632574e-02
5.625083838283075899e-01 2.108998086558921611e-02
5.623209435138029066e-01 2.108979354465647521e-02
5.621335656585834117e-01 2.108946674846091246e-02
5.619462502418360872e-01 2.108921429508862216e-02
5.617589972427550205e-01 2.108895379639708773e-02
5.615718066405416264e-01 2.108881076907784952e-02
5.613846784144034263e-01 2.108858063497325713e-02
5.611976125435554907e-01 2.108858876750844755e-02
5.610106090072197738e-01 2.108811992870024410e-02
5.608236677846248908e-01 2.108811716587977170e-02
5.606367888550064515e-01 2.108788447704670888e-02
5.604499721976070603e-01 2.108774313625741414e-02
5.602632177916765377e-01 2.108756911029564807e-02
5.600765256164711436e-01 2.108745947744714716e-02
5.598898956512540215e-01 2.108723983297518256e-02
5.597033278752955310e-01 2.108703040066981643e-02
5.595168222678729153e-01 2.108683995327852861e-02
5.593303788082700789e-01 2.108679249346793669e-02
5.591439974757781428e-01 2.108652379573871388e-02
5.589576782496948892e-01 2.108646135185250972e-02
5.587714211093249839e-01 2.108613499818657103e-02
5.585852260339801978e-01 2.108619989287508628e-02
5.583990930029794075e-01 2.108600377237858370e-02
5.582130219956473738e-01 2.108582780486759414e-02
5.580270129913168509e-01 2.108572388712606771e-02
5.578410659693270324e-01 2.108565266572860752e-02
5.576551809090239953e-01 2.108538030167494970e-02
5.574693577897607000e-01 2.108550402117819605e-02
5.572835965908971012e-01 2.108538578671629096e-02
5.570978972917997041e-01 2.108542822110934939e-02
5.569122598718423411e-01 2.108492953105537901e-02
5.567266843104056173e-01 2.108476771146523127e-02
5.565411705868765768e-01 2.108479294148999858e-02
5.563557186806497024e-01 2.108462222943573508e-02
5.561703285711259159e-01 2.108431015205986664e-02
5.559850002377132450e-01 2.108425710608139575e-02
5.557997336598267113e-01 2.108414971999704110e-02
5.556145288168876650e-01 2.108439365905013727e-02
5.554293856883248948e-01 2.108393627277854385e-02
5.552443042535735174e-01 2.108386227740619359e-02
5.550592844920761992e-01 2.108386206715135228e-02
5.548743263832818240e-01 2.108375171493636485e-02
5.546894299066461587e-01 2.108401835253910506e-02
5.545045950416321867e-01 2.108369030123473029e-02
5.543198217677097750e-01 2.108318982281602930e-02
5.541351100643547856e-01 2.108333511500477819e-02
5.539504599110510741e-01 2.108326361357216669e-02
5.537658712872886024e-01 2.108325067812426984e-02
5.535813441725645490e-01 2.108367573629881669e-02
5.533968785463823092e-01 2.108297264692172296e-02
5.532124743882528284e-01 2.108281518295537088e-02
5.530281316776936018e-01 2.108298494422998146e-02
5.528438503942287863e-01 2.108229382828664608e-02
5.526596305173896440e-01 2.108322358750030351e-02
5.524754720267139874e-01 2.108311081524173042e-02
5.522913749017467344e-01 2.108214639368716573e-02
5.521073391220392423e-01 2.108225277149192514e-02
5.519233646671501958e-01 2.108188385262136505e-02
5.517394515166447189e-01 2.108243012245260978e-02
5.515555996500945968e-01 2.108263844886171939e-02
5.513718090470788313e-01 2.108225123875783966e-02
5.511880796871830857e-01 2.108189145671904297e-02
5.510044115499997952e-01 2.108187050075970362e-02
5.508208046151280568e-01 2.108181272800195225e-02
5.506372588621739617e-01 2.108169701508815636e-02
5.504537742707503734e-01 2.108225362027609309e-02
5.502703508204768168e-01 2.108195222369394634e-02
5.500869884909798113e-01 2.108158710701229718e-02
5.499036872618923155e-01 2.108127643542043184e-02
5.497204471128547265e-01 2.108169565362167514e-02
5.495372680235136587e-01 2.108193311368420850e-02
5.493541499735223876e-01 2.108134562032699250e-02
5.491710929425415166e-01 2.108109910489249297e-02
5.489880969102380881e-01 2.108102413428866728e-02
5.488051618562858058e-01 2.108168199797901682e-02
5.486222877603657011e-01 2.108084381999845991e-02
5.484394746021649114e-01 2.108091984543078792e-02
5.482567223613777907e-01 2.108048571354496567e-02
5.480740310177051322e-01 2.108081728920745135e-02
5.478914005508548346e-01 2.108235441926204282e-02
5.477088309405413469e-01 2.108005395470773785e-02
5.475263221664858904e-01 2.108090416291986263e-02
5.473438742084162367e-01 2.107997327107727012e-02
5.471614870460674851e-01 2.108089545280237426e-02
5.469791606591810629e-01 2.108044426824024278e-02
5.467968950275052809e-01 2.108053309471516132e-02
5.466146901307948891e-01 2.108180885447853009e-02
5.464325459488118542e-01 2.108129681660896385e-02
5.462504624613246929e-01 2.107987229264747173e-02
5.460684396481088054e-01 2.108083778503734226e-02
5.458864774889458094e-01 2.108075668874528213e-02
5.457045759636245386e-01 2.107958698004519862e-02
5.455227350519403773e-01 2.107897511109087241e-02
5.453409547336958152e-01 2.107935745298322380e-02
5.451592349886995592e-01 2.107927210396413203e-02
5.449775757967673107e-01 2.107964052277087191e-02
5.447959771377213212e-01 2.107975870234866586e-02
5.446144389913908368e-01 2.107907010392576566e-02
5.444329613376115429e-01 2.108070901634862687e-02
5.442515441562261191e-01 2.107951150403978430e-02
5.440701874270837957e-01 2.107914893912293808e-02
5.438888911300404638e-01 2.107998223210222344e-02
5.437076552449586764e-01 2.108044168425571990e-02
5.435264797517080915e-01 2.107956395594180396e-02
5.433453646301646955e-01 2.107887880124775098e-02
5.431643098602113584e-01 2.107928326938156641e-02
5.429833154217372782e-01 2.107949694058876278e-02
5.428023812946390914e-01 2.107880456132341096e-02
5.426215074588193188e-01 2.107919665255436614e-02
5.424406938941879197e-01 2.107937622281208859e-02
5.422599405806609596e-01 2.107901270683018233e-02
5.420792474981616094e-01 2.107914374332882368e-02
5.418986146266193682e-01 2.107872437731671267e-02
5.417180419459707297e-01 2.107900088826762663e-02
5.415375294361586267e-01 2.107972338277208646e-02
5.413570770771327645e-01 2.107941194136673732e-02
5.411766848488498427e-01 2.107857792287972168e-02
5.409963527312727782e-01 2.107962338584953507e-02
5.408160807043712603e-01 2.107987606963797333e-02
5.406358687481218617e-01 2.107831157197593078e-02
5.404557168425075941e-01 2.107990165767372956e-02
5.402756249675183531e-01 2.107975163571383301e-02
5.400955931031506951e-01 2.107851638745442471e-02
5.399156212294075052e-01 2.107806345203130927e-02
5.397357093262987737e-01 2.107821108028006679e-02
5.395558573738408192e-01 2.107788034029733221e-02
5.393760653520566217e-01 2.107792284910222844e-02
5.391963332409762666e-01 2.107751891832993635e-02
5.390166610206360565e-01 2.107751420810108356e-02
5.388370486710789553e-01 2.107736271480508891e-02
5.386574961723549215e-01 2.107714473111584053e-02
5.384780035045200197e-01 2.107704541877162413e-02
5.382985706476374199e-01 2.107696573536188903e-02
5.381191975817767315e-01 2.107675017119558375e-02
5.379398842870143360e-01 2.107695428961415055e-02
5.377606307434331656e-01 2.107703923773021973e-02
5.375814369311227026e-01 2.107677076592183799e-02
5.374023028301793126e-01 2.107667842315312859e-02
5.372232284207056896e-01 2.107677789582841632e-02
5.370442136828114110e-01 2.107668384810216025e-02
5.368652585966124935e-01 2.107662411132865676e-02
5.366863631422317260e-01 2.107662969304501324e-02
5.365075272997985589e-01 2.107651387341620899e-02
5.363287510494485488e-01 2.107662860298873883e-02
5.361500343713246908e-01 2.107635362394358336e-02
5.359713772455761971e-01 2.107636146151886658e-02
5.357927796523586084e-01 2.107634292421186467e-02
5.356142415718347927e-01 2.107629480315259887e-02
5.354357629841733912e-01 2.107629292395418394e-02
5.352573438695501507e-01 2.107629928512618281e-02
5.350789842081473680e-01 2.107618170374610592e-02
5.349006839801540014e-01 2.107611508172278075e-02
5.347224431657653376e-01 2.107622978331204558e-02
5.345442617451835465e-01 2.107606554140779853e-02
5.343661396986173484e-01 2.107600651469052067e-02
5.341880770062819028e-01 2.107599639597619937e-02
5.340100736483990307e-01 2.107596422610655967e-02
5.338321296051971032e-01 2.107594115443130189e-02
5.336542448569115971e-01 2.107595650281336372e-02
5.334764193837836510e-01 2.107599676622697038e-02
5.332986531660616203e-01 2.107590303797808942e-02
5.331209461840001884e-01 2.107585959875491605e-02
5.329432984178608113e-01 2.107582518158492707e-02
5.327657098479114950e-01 2.107585571437792585e-02
5.325881804544266851e-01 2.107602148672068840e-02
5.324107102176873774e-01 2.107579717531336480e-02
5.322332991179814510e-01 2.107569639992505975e-02
5.320559471356027803e-01 2.107586767925377982e-02
5.318786542508524562e-01 2.107565771735998850e-02
5.317014204440377867e-01 2.107571605955973690e-02
5.315242456954726302e-01 2.107556014253606988e-02
5.313471299854773955e-01 2.107567856759707745e-02
5.311700732943792636e-01 2.107566120468662083e-02
5.309930756025117438e-01 2.107549070449562731e-02
5.308161368902148958e-01 2.107567822755722006e-02
5.306392571378356626e-01 2.107577232936478501e-02
5.304624363257269826e-01 2.107573846975420093e-02
5.302856744342487882e-01 2.107539625192740573e-02
5.301089714437675626e-01 2.107535791410726500e-02
5.299323273346560059e-01 2.107560015206358037e-02
5.297557420872935907e-01 2.107532231010067481e-02
5.295792156820661178e-01 2.107535758748606269e-02
5.294027480993662715e-01 2.107522426823545125e-02
5.292263393195930643e-01 2.107543137332574049e-02
5.290499893231519479e-01 2.107508252227815321e-02
5.288736980904552576e-01 2.107530350088111099e-02
5.286974656019212127e-01 2.107517395020348794e-02
5.285212918379751379e-01 2.107517761701674722e-02
5.283451767790486864e-01 2.107505497668819144e-02
5.281691204055801725e-01 2.107511260039183348e-02
5.279931226980141279e-01 2.107501338795278109e-02
5.278171836368017455e-01 2.107525773003755126e-02
5.276413032024009908e-01 2.107509251762473140e-02
5.274654813752759352e-01 2.107520777855025063e-02
5.272897181358972007e-01 2.107539388705180136e-02
5.271140134647422926e-01 2.107527272177414646e-02
5.269383673422948222e-01 2.107488494315665900e-02
5.267627797490449515e-01 2.107507511809139991e-02
5.265872506654898366e-01 2.107484506891926096e-02
5.264117800721325180e-01 2.107482627628399358e-02
5.262363679494826973e-01 2.107473326251743662e-02
5.260610142780565157e-01 2.107483456822141152e-02
5.258857190383769975e-01 2.107468599716420463e-02
5.257104822109732734e-01 2.107472531245535574e-02
5.255353037763812463e-01 2.107481218069574141e-02
5.253601837151428144e-01 2.107476276845096294e-02
5.251851220078068705e-01 2.107488015804071663e-02
5.250101186349284133e-01 2.107470276419677255e-02
5.248351735770694360e-01 2.107479323580853034e-02
5.246602868147977050e-01 2.107481708702737405e-02
5.244854583286880922e-01 2.107486507769695469e-02
5.243106880993216867e-01 2.107474858989349595e-02
5.241359761072859058e-01 2.107540473029360581e-02
5.239613223331748282e-01 2.107501398327660605e-02
5.237867267575888608e-01 2.107499794209772778e-02
5.236121893611351830e-01 2.107529540240181062e-02
5.234377101244269692e-01 2.107471880107883097e-02
5.232632890280842775e-01 2.107518048864964397e-02
5.230889260527332718e-01 2.107463011774384290e-02
5.229146211790069998e-01 2.107444860346468357e-02
5.227403743875443931e-01 2.107460011971106981e-02
5.225661856589913778e-01 2.107450248519988217e-02
5.223920549739999863e-01 2.107460632923992619e-02
5.222179823132289123e-01 2.107437307082210901e-02
5.220439676573430665e-01 2.107445653024210899e-02
5.218700109870140214e-01 2.107439073383428341e-02
5.216961122829196773e-01 2.107441035994766024e-02
5.215222715257443742e-01 2.107431744017718503e-02
5.213484886961788911e-01 2.107437601396335708e-02
5.211747637749206685e-01 2.107429433215404768e-02
5.210010967426730311e-01 2.107433574798410134e-02
5.208274875801462978e-01 2.107430347745321494e-02
5.206539362680568939e-01 2.107428395613030261e-02
5.204804427871277950e-01 2.107430224755681841e-02
5.203070071180884160e-01 2.107432370927307674e-02
5.201336292416745000e-01 2.107426043739020829e-02
5.199603091386282294e-01 2.107424047971460240e-02
5.197870467896982261e-01 2.107422201886624893e-02
5.196138421756397729e-01 2.107421810282719341e-02
5.194406952772139263e-01 2.107436719763875269e-02
5.192676060751888478e-01 2.107431588102006911e-02
5.190945745503386943e-01 2.107423923807456509e-02
5.189216006834441730e-01 2.107426376191307710e-02
5.187486844552924303e-01 2.107429342606033026e-02
5.185758258466768300e-01 2.107422531040407249e-02
5.184030248383973971e-01 2.107429751720851091e-02
5.182302814112602629e-01 2.107430330958557502e-02
5.180575955460781090e-01 2.107435936045082281e-02
5.178849672236701673e-01 2.107427498977840208e-02
5.177123964248618870e-01 2.107443709116973291e-02
5.175398831304849345e-01 2.107438137954249432e-02
5.173674273213778596e-01 2.107434029713134080e-02
5.171950289783850963e-01 2.107439666905012998e-02
5.170226880823575177e-01 2.107461923915296409e-02
5.168504046141527697e-01 2.107447083889718922e-02
5.166781785546344929e-01 2.107440352123454014e-02
5.165060098846729897e-01 2.107446421058764216e-02
5.163338985851444463e-01 2.107451712761158544e-02
5.161618446369322655e-01 2.107453993485978658e-02
5.159898480209251792e-01 2.107449755738508013e-02
5.158179087180191358e-01 2.107455285897630315e-02
5.156460267091160787e-01 2.107466620899578133e-02
5.154742019751243909e-01 2.107466841729175103e-02
5.153024344969586723e-01 2.107474365320263082e-02
5.151307242555401844e-01 2.107455509912685432e-02
5.149590712317961838e-01 2.107478332309217772e-02
5.147874754066604774e-01 2.107466499967611956e-02
5.146159367610734225e-01 2.107508357028911941e-02
5.144444552759813716e-01 2.107464680704134244e-02
5.142730309323373383e-01 2.107491070619596854e-02
5.141016637111002208e-01 2.107469397618342427e-02
5.139303535932358002e-01 2.107510820372477181e-02
5.137591005597158533e-01 2.107484775283526360e-02
5.135879045915187069e-01 2.107502525332153112e-02
5.134167656696287940e-01 2.107503161241258693e-02
5.132456837750370982e-01 2.107503091427182645e-02
5.130746588887408199e-01 2.107487292031640438e-02
5.129036909917433773e-01 2.107543568472112702e-02
5.127327800650550715e-01 2.107517479022609497e-02
5.125619260896917551e-01 2.107488767590492973e-02
5.123911290466762747e-01 2.107518190168560998e-02
5.122203889170372504e-01 2.107531816782721654e-02
5.120497056818098525e-01 2.107506582274621884e-02
5.118790793220358015e-01 2.107541068346885371e-02
5.117085098187629244e-01 2.107572793253110338e-02
5.115379971530451542e-01 2.107473706768377489e-02
5.113675413059430852e-01 2.107577918658642274e-02
5.111971422585236402e-01 2.107514134151645957e-02
5.110267999918596260e-01 2.107553600378405875e-02
5.108565144870306218e-01 2.107559334770534379e-02
5.106862857251220911e-01 2.107517803670179782e-02
5.105161136872263805e-01 2.107526580958793763e-02
5.103459983544414991e-01 2.107580543102072559e-02
5.101759397078722280e-01 2.107523833243115166e-02
5.100059377286293438e-01 2.107561521013014832e-02
5.098359923978299513e-01 2.107574099089185027e-02
5.096661036965978164e-01 2.107564219114032092e-02
5.094962716060622565e-01 2.107549572872811916e-02
5.093264961073599162e-01 2.107662450530632670e-02
5.091567771816326582e-01 2.107504345141830368e-02
5.089871148100293397e-01 2.107524818371346934e-02
5.088175089737045909e-01 2.107597006500402242e-02
5.086479596538200365e-01 2.107573051732036448e-02
5.084784668315428524e-01 2.107586690606133226e-02
5.083090304880467647e-01 2.107610291776064460e-02
5.081396506045118278e-01 2.107570914248427935e-02
5.079703271621244243e-01 2.107598797298167181e-02
5.078010601420770431e-01 2.107618099685809251e-02
5.076318495255685015e-01 2.107583646586048617e-02
5.074626952938039448e-01 2.107601225630521130e-02
5.072935974279945137e-01 2.107637594637888981e-02
5.071245559093580102e-01 2.107564653563256951e-02
5.069555707191183425e-01 2.107614340852222851e-02
5.067866418385054139e-01 2.107700086606077716e-02
5.066177692487559003e-01 2.107556547655117796e-02
5.064489529311120286e-01 2.107531472547529566e-02
5.062801928668231310e-01 2.107576046585145704e-02
5.061114890371440911e-01 2.107587045652353427e-02
5.059428414233362314e-01 2.107634227086917569e-02
5.057742500066673141e-01 2.107603082122721030e-02
5.056057147684112074e-01 2.107564525754730689e-02
5.054372356898477747e-01 2.107545376713084243e-02
5.052688127522637629e-01 2.107546484999731073e-02
5.051004459369513588e-01 2.107521298684016109e-02
5.049321352252095219e-01 2.107537108410837551e-02
5.047638805983434285e-01 2.107538789936191925e-02
5.045956820376641394e-01 2.107522918017654817e-02
5.044275395244892657e-01 2.107583356087823490e-02
5.042594530401425246e-01 2.107566022477271386e-02
5.040914225659538506e-01 2.107564586911772966e-02
5.039234480832593954e-01 2.107606080853438590e-02
5.037555295734016392e-01 2.107569218906433714e-02
5.035876670177289460e-01 2.107639546828565108e-02
5.034198603975963415e-01 2.107593405597704000e-02
5.032521096943648464e-01 2.107448274093162710e-02
5.030844148894016987e-01 2.107581246792618324e-02
5.029167759640803537e-01 2.107545632386266174e-02
5.027491928997803727e-01 2.107464551314823173e-02
5.025816656778877567e-01 2.107471360809175936e-02
5.024141942797943905e-01 2.107524914753848219e-02
5.022467786868988204e-01 2.107396388793884509e-02
5.020794188806052549e-01 2.107343181207101471e-02
5.019121148423243417e-01 2.107284463881964331e-02
5.017448665534731678e-01 2.107246704339476445e-02
5.015776739954747043e-01 2.107212255852583538e-02
5.014105371497580288e-01 2.107164465974079373e-02
5.012434559977587689e-01 2.107161571891758012e-02
5.010764305209184366e-01 2.107112477260861261e-02
5.009094607006847610e-01 2.107084709450915069e-02
5.007425465185119107e-01 2.107064956648262155e-02
5.005756879558600492e-01 2.107048240535621536e-02
5.004088849941952244e-01 2.107021181793747658e-02
5.002421376149901455e-01 2.106978774370586727e-02
