9.089826947564526582e-01 2.095023700743674569e-02
9.086798014892895070e-01 2.096089427935192082e-02
9.083770091529053126e-01 2.095977495430734194e-02
9.080743177136673117e-01 2.095671155138879860e-02
9.077717271379546204e-01 2.096691608899131989e-02
9.074692373921571242e-01 2.094504597318141287e-02
9.071668484426761436e-01 2.097047358873288525e-02
9.068645602559242125e-01 2.092010166729817155e-02
9.065623727983247448e-01 2.097544801146354609e-02
9.062602860363124790e-01 2.094665747685152055e-02
9.059582999363336997e-01 2.093563313436368548e-02
9.056564144648452386e-01 2.096338932746901265e-02
9.053546295883158068e-01 2.093974595106625272e-02
9.050529452732245517e-01 2.094313097451478561e-02
9.047513614860624998e-01 2.092990658189037081e-02
9.044498781933312248e-01 2.096557986818118474e-02
9.041484953615441800e-01 2.094635068883289597e-02
9.038472129572250324e-01 2.092230344180826679e-02
9.035460309469092177e-01 2.092507153386472321e-02
9.032449492971436067e-01 2.098446449623589741e-02
9.029439679744852842e-01 2.093749659542486902e-02
9.026430869455034367e-01 2.099337410676192783e-02
9.023423061767776865e-01 2.091379666868041498e-02
9.020416256348993134e-01 2.101915860919400039e-02
9.017410452864704773e-01 2.097077334692065004e-02
9.014405650981044404e-01 2.096647927555527965e-02
9.011401850364256783e-01 2.100228301585521304e-02
9.008399050680695463e-01 2.099678098227573952e-02
9.005397251596829467e-01 2.096004579239200971e-02
9.002396452779235503e-01 2.106544247327242145e-02
8.999396653894603526e-01 2.091783023916949161e-02
8.996397854609731182e-01 2.094472698453959600e-02
8.993400054591534909e-01 2.107412982135892926e-02
8.990403253507032177e-01 2.110474242903627798e-02
8.987407451023357030e-01 2.096652468689281026e-02
8.984412646807754532e-01 2.100618215838548353e-02
8.981418840527576331e-01 2.093568810021051788e-02
8.978426031850293976e-01 2.094819509534581042e-02
8.975434220443477829e-01 2.106552989525024150e-02
8.972443405974819264e-01 2.103717077342443301e-02
8.969453588112115128e-01 2.095593591597738961e-02
8.966464766523272178e-01 2.103118514281061835e-02
8.963476940876312637e-01 2.097906474227698506e-02
8.960490110839365308e-01 2.097164921767153203e-02
8.957504276080671124e-01 2.102962193072638319e-02
8.954519436268580934e-01 2.100472253365778807e-02
8.951535591071557718e-01 2.094786536022004084e-02
8.948552740158169927e-01 2.099610625841679540e-02
8.945570883197104806e-01 2.096633308567582080e-02
8.942590019857152850e-01 2.102508995663963237e-02
8.939610149807215578e-01 2.093476316206662954e-02
8.936631272716307750e-01 2.100787902110678312e-02
8.933653388253557370e-01 2.100478313454955809e-02
8.930676496088194583e-01 2.101922476903909237e-02
8.927700595889563884e-01 2.100404144805461185e-02
8.924725687327120793e-01 2.102212842527333841e-02
8.921751770070429632e-01 2.102704137165011325e-02
8.918778843789167965e-01 2.103090418977815804e-02
8.915806908153114385e-01 2.098410070781922890e-02
8.912835962832170722e-01 2.098579134905306787e-02
8.909866007496337614e-01 2.096674560338870896e-02
8.906897041815731164e-01 2.092539280500262111e-02
8.903929065460577386e-01 2.091758567254727724e-02
8.900962078101209984e-01 2.090375846747967795e-02
8.897996079408073689e-01 2.092735019904597496e-02
8.895031069051723138e-01 2.088266889932039252e-02
8.892067046702820665e-01 2.087969384673585282e-02
8.889104012032142954e-01 2.092125898785205176e-02
8.886141964710571051e-01 2.090858219482963701e-02
8.883180904409100354e-01 2.090801877428533073e-02
8.880220830798833953e-01 2.088232269118738688e-02
8.877261743550982631e-01 2.088618444252464401e-02
8.874303642336870412e-01 2.088303171430962515e-02
8.871346526827927903e-01 2.089371086048340612e-02
8.868390396695696731e-01 2.089026898891363504e-02
8.865435251611823997e-01 2.088600630936483446e-02
8.862481091248074483e-01 2.088685360736665733e-02
8.859527915276315113e-01 2.088948482195427184e-02
8.856575723368524944e-01 2.087487517624806582e-02
8.853624515196791833e-01 2.088449820137871366e-02
8.850674290433312441e-01 2.087701430967351182e-02
8.847725048750396670e-01 2.088593112030536977e-02
8.844776789820454344e-01 2.087172278169949213e-02
8.841829513316015188e-01 2.087795398674201913e-02
8.838883218909712181e-01 2.088408283850682473e-02
8.835937906274285991e-01 2.088064741613450750e-02
8.832993575082592752e-01 2.089056253423949433e-02
8.830050225007588516e-01 2.088444033755639320e-02
8.827107855722347018e-01 2.087931055855895071e-02
8.824166466900046357e-01 2.088730543226350808e-02
8.821226058213974541e-01 2.089740198964171874e-02
8.818286629337528382e-01 2.087428928458239311e-02
8.815348179944212381e-01 2.089289610315523890e-02
8.812410709707643175e-01 2.088111988513939588e-02
8.809474218301542869e-01 2.088495643057189724e-02
8.806538705399741263e-01 2.088645140326401625e-02
8.803604170676182505e-01 2.088783363861490203e-02
8.800670613804912890e-01 2.088212757754970977e-02
8.797738034460093060e-01 2.087785211872195817e-02
8.794806432315986910e-01 2.088784961974702800e-02
8.791875807046970470e-01 2.088123405616152187e-02
8.788946158327528568e-01 2.088910851810837563e-02
8.786017485832249285e-01 2.089346703542176165e-02
8.783089789235837275e-01 2.088870463453551193e-02
8.780163068213099331e-01 2.089165502389378481e-02
8.777237322438952161e-01 2.088170136791610634e-02
8.774312551588423492e-01 2.087996895975571809e-02
8.771388755336643195e-01 2.089077986584364499e-02
8.768465933358855491e-01 2.089011447713841688e-02
8.765544085330412294e-01 2.088181224516388532e-02
8.762623210926768769e-01 2.089263559105183216e-02
8.759703309823493322e-01 2.089664848734744049e-02
8.756784381696260944e-01 2.088342453348487893e-02
8.753866426220853203e-01 2.089256115233045080e-02
8.750949443073162692e-01 2.089167616389101673e-02
8.748033431929185255e-01 2.088487526556182666e-02
8.745118392465028867e-01 2.089171393324464054e-02
8.742204324356910305e-01 2.088506424784335180e-02
8.739291227281148489e-01 2.089384337119765817e-02
8.736379100914176687e-01 2.089203822478704828e-02
8.733467944932532534e-01 2.089104931271618115e-02
8.730557759012860242e-01 2.088713474085460847e-02
8.727648542831916156e-01 2.089301088282412983e-02
8.724740296066559875e-01 2.088943589357062161e-02
8.721833018393762016e-01 2.088818044404797472e-02
8.718926709490596449e-01 2.088810021346763912e-02
8.716021369034252508e-01 2.089304077578977084e-02
8.713116996702017225e-01 2.090199507166520462e-02
8.710213592171293095e-01 2.089709665989203033e-02
8.707311155119585866e-01 2.088928554527555437e-02
8.704409685224511195e-01 2.088915166729789566e-02
8.701509182163787992e-01 2.089166340342154052e-02
8.698609645615250630e-01 2.089745671523035933e-02
8.695711075256831180e-01 2.089703026096249860e-02
8.692813470766574957e-01 2.089004900987704097e-02
8.689916831822632748e-01 2.088946006905316455e-02
8.687021158103264140e-01 2.088943313808738420e-02
8.684126449286834193e-01 2.089299611195435599e-02
8.681232705051816767e-01 2.090227324216117552e-02
8.678339925076791195e-01 2.089464021188414122e-02
8.675448109040443390e-01 2.089328580288848242e-02
8.672557256621569177e-01 2.089524463822593423e-02
8.669667367499069854e-01 2.089004607692919457e-02
8.666778441351951079e-01 2.089386241238014308e-02
8.663890477859329531e-01 2.089302469417095298e-02
8.661003476700429582e-01 2.089508970050290779e-02
8.658117437554576634e-01 2.089264985138143682e-02
8.655232360101210443e-01 2.089362820243901436e-02
8.652348244019868462e-01 2.090051259043575541e-02
8.649465088990204720e-01 2.089298923425528601e-02
8.646582894691974275e-01 2.089281769105511347e-02
8.643701660805038767e-01 2.090107213644798456e-02
8.640821387009368637e-01 2.089341265532361491e-02
8.637942072985039799e-01 2.089454474150997942e-02
8.635063718412234746e-01 2.090047818367796531e-02
8.632186322971243664e-01 2.089923735571401833e-02
8.629309886342463320e-01 2.090012192569714461e-02
8.626434408206392623e-01 2.090517637059594036e-02
8.623559888243644833e-01 2.090777790513738063e-02
8.620686326134932020e-01 2.090634553902280882e-02
8.617813721561078388e-01 2.089534401946218159e-02
8.614942074203010280e-01 2.090013037773634161e-02
8.612071383741761732e-01 2.090779775854603381e-02
8.609201649858474470e-01 2.090342052412037799e-02
8.606332872234395692e-01 2.089824509814061995e-02
8.603465050550879178e-01 2.090790654621018513e-02
8.600598184489381959e-01 2.091309018603402028e-02
8.597732273731469865e-01 2.089916782948129242e-02
8.594867317958817532e-01 2.090182182994984247e-02
8.592003316853199513e-01 2.091281047646573882e-02
8.589140270096499163e-01 2.090617985912854998e-02
8.586278177370708642e-01 2.090297639387252507e-02
8.583417038357923357e-01 2.091063366286785227e-02
8.580556852740341967e-01 2.089273185556350318e-02
8.577697620200274153e-01 2.092088707555282354e-02
8.574839340420133960e-01 2.091094272924973879e-02
8.571982013082438678e-01 2.090984525676577513e-02
8.569125637869815515e-01 2.090213542697889199e-02
8.566270214464992705e-01 2.092304961440072039e-02
8.563415742550808396e-01 2.091155088185664077e-02
8.560562221810205097e-01 2.091106984696305612e-02
8.557709651926229677e-01 2.092871132147045357e-02
8.554858032582034477e-01 2.092138310738298965e-02
8.552007363460880640e-01 2.092784902293794158e-02
8.549157644246131449e-01 2.092126798977128610e-02
8.546308874621255658e-01 2.091107335462195210e-02
8.543461054269833044e-01 2.091310317175253813e-02
8.540614182875541083e-01 2.093704562309236031e-02
8.537768260122164943e-01 2.092520922423521390e-02
8.534923285693600814e-01 2.091510562298525000e-02
8.532079259273842586e-01 2.092939923497067270e-02
8.529236180546991841e-01 2.092921022735493367e-02
8.526394049197258962e-01 2.092375767968846639e-02
8.523552864908955362e-01 2.092106521638810793e-02
8.520712627366499037e-01 2.092578050797814365e-02
8.517873336254415673e-01 2.093285406616856789e-02
8.515034991257328656e-01 2.092660802048770807e-02
8.512197592059974616e-01 2.094136085037446443e-02
8.509361138347192322e-01 2.094707456223286399e-02
8.506525629803922683e-01 2.092202682358917237e-02
8.503691066115216524e-01 2.093679136302185537e-02
8.500857446966227915e-01 2.095318078007914545e-02
8.498024772042213071e-01 2.092967800932514499e-02
8.495193041028535896e-01 2.093914383230475323e-02
8.492362253610665768e-01 2.092356191315635286e-02
8.489532409474173091e-01 2.094620973035059286e-02
8.486703508304737076e-01 2.095764364163364354e-02
8.483875549788141290e-01 2.091835805782052415e-02
8.481048533610270335e-01 2.094103604288258952e-02
8.478222459457117610e-01 2.094368291542741956e-02
8.475397327014777549e-01 2.095304724199768473e-02
8.472573135969454494e-01 2.095693352379246477e-02
8.469749886007451600e-01 2.093479183879109334e-02
8.466927576815179712e-01 2.095485161733385421e-02
8.464106208079152927e-01 2.096775252473111889e-02
8.461285779485990810e-01 2.091287542761329984e-02
8.458466290722416181e-01 2.094205880729914718e-02
8.455647741475256218e-01 2.097863223748942796e-02
8.452830131431445793e-01 2.096558180937802343e-02
8.450013460278019695e-01 2.096152317348461136e-02
8.447197727702118186e-01 2.093538958945766540e-02
8.444382933390987001e-01 2.096952231032411795e-02
8.441569077031975121e-01 2.094189298998331422e-02
8.438756158312538114e-01 2.094029405336729141e-02
8.435944176920230353e-01 2.097919023091790805e-02
8.433133132542715016e-01 2.094399595550024834e-02
8.430323024867758530e-01 2.099605117452785913e-02
8.427513853583230574e-01 2.092899724699284758e-02
8.424705618377104077e-01 2.094624500685629900e-02
8.421898318937458550e-01 2.099881493434838098e-02
8.419091954952473422e-01 2.096872934811474035e-02
8.416286526110435817e-01 2.096156998260475732e-02
8.413482032099734997e-01 2.093159062728106035e-02
8.410678472608865697e-01 2.096300574397516950e-02
8.407875847326422569e-01 2.100393368399585542e-02
8.405074155941107961e-01 2.097233410725082500e-02
8.402273398141727467e-01 2.096606977979155115e-02
8.399473573617188826e-01 2.099365362196036616e-02
8.396674682056501915e-01 2.096568861706528397e-02
8.393876723148785413e-01 2.093207103063382188e-02
8.391079696583255698e-01 2.094394622095572048e-02
8.388283602049239063e-01 2.103505357307615398e-02
8.385488439236159497e-01 2.097003386147943890e-02
8.382694207833547573e-01 2.096995861401980410e-02
8.379900907531037113e-01 2.098591533090533520e-02
8.377108538018362971e-01 2.098199706543052087e-02
8.374317098985368801e-01 2.095904640813982950e-02
8.371526590121994849e-01 2.095756861914758323e-02
8.368737011118287938e-01 2.098519241412376626e-02
8.365948361664399258e-01 2.098177155108513561e-02
8.363160641450582133e-01 2.098781448072220210e-02
8.360373850167190923e-01 2.099444140892162136e-02
8.357587987504688787e-01 2.097189521759208058e-02
8.354803053153637693e-01 2.100362679577688629e-02
8.352019046804702862e-01 2.099620071003203275e-02
8.349235968148652764e-01 2.095153925524769617e-02
8.346453816876360232e-01 2.095722017018823366e-02
8.343672592678799127e-01 2.097259711007043448e-02
8.340892295247049892e-01 2.101443083554726393e-02
8.338112924272291782e-01 2.097510175008028555e-02
8.335334479445809519e-01 2.100921259546252584e-02
8.332556960458989970e-01 2.098591107949001472e-02
8.329780367003321029e-01 2.095685328184304988e-02
8.327004698770397173e-01 2.094421067647273677e-02
8.324229955451912799e-01 2.100873395848534830e-02
8.321456136739664444e-01 2.096843677324873936e-02
8.318683242325555227e-01 2.097623735460354619e-02
8.315911271901589297e-01 2.094911964449689204e-02
8.313140225159867391e-01 2.101118795689943183e-02
8.310370101792602382e-01 2.097098679315347047e-02
8.307600901492105949e-01 2.099907668970059024e-02
8.304832623950788584e-01 2.094819737640230689e-02
8.302065268861166247e-01 2.102458840865136652e-02
8.299298835915860373e-01 2.099852383421898366e-02
8.296533324807590093e-01 2.104899430597762314e-02
8.293768735229181122e-01 2.098052059826490887e-02
8.291005066873555762e-01 2.103327246013926219e-02
8.288242319433744010e-01 2.097245395934794338e-02
8.285480492602875779e-01 2.097584743784546360e-02
8.282719586074185347e-01 2.098461168993670176e-02
8.279959599541003579e-01 2.097419866502382713e-02
8.277200532696770141e-01 2.099414370040100092e-02
8.274442385235024622e-01 2.097021539329479295e-02
8.271685156849407639e-01 2.096510899257934130e-02
8.268928847233663060e-01 2.095309866811068469e-02
8.266173456081634674e-01 2.098057728694708440e-02
8.263418983087272851e-01 2.099583574633257996e-02
8.260665427944623440e-01 2.094386447396242440e-02
8.257912790347839982e-01 2.098417711142822745e-02
8.255161069991177047e-01 2.096984450870721661e-02
8.252410266568985797e-01 2.096105748910987929e-02
8.249660379775727304e-01 2.098069700399593507e-02
8.246911409305957008e-01 2.099287923012042520e-02
8.244163354854338044e-01 2.101451619046509553e-02
8.241416216115632354e-01 2.100426133829103384e-02
8.238669992784704021e-01 2.104332293116837477e-02
8.235924684556518161e-01 2.102186653863205579e-02
8.233180291126142025e-01 2.109355018753242966e-02
8.230436812188745010e-01 2.116550526401935264e-02
8.227694247439597541e-01 2.102381956567936361e-02
8.224952596574073294e-01 2.098183054824233687e-02
8.222211859287643643e-01 2.094988007301464006e-02
8.219472035275884325e-01 2.099813374886318890e-02
8.216733124234473218e-01 2.099026378417329086e-02
8.213995125859184787e-01 2.099013021906235427e-02
8.211258039845902301e-01 2.098814699818579016e-02
8.208521865890604507e-01 2.098052723388779683e-02
8.205786603689374514e-01 2.100218677959183808e-02
8.203052252938394240e-01 2.101307711284805535e-02
8.200318813333948853e-01 2.099988477960145275e-02
8.197586284572424553e-01 2.097267104118496692e-02
8.194854666350307459e-01 2.099712514366786423e-02
8.192123958364184722e-01 2.099961888537342503e-02
8.189394160310747850e-01 2.097727917583613877e-02
8.186665271886786055e-01 2.096034359423613533e-02
8.183937292789188467e-01 2.100588030950540155e-02
8.181210222714948577e-01 2.102357266241262207e-02
8.178484061361160906e-01 2.099870319378593919e-02
8.175758808425021007e-01 2.097919982352303842e-02
8.173034463603818800e-01 2.098441565278588022e-02
8.170311026594951898e-01 2.101076348842828914e-02
8.167588497095920053e-01 2.104836346540496159e-02
8.164866874804317387e-01 2.104268557365805009e-02
8.162146159417844604e-01 2.097187253784538880e-02
8.159426350634298997e-01 2.101788038691407984e-02
8.156707448151582218e-01 2.104528924258582817e-02
8.153989451667691402e-01 2.099672684189143879e-02
8.151272360880732482e-01 2.107859575161356164e-02
8.148556175488901321e-01 2.099330981449155573e-02
8.145840895190503694e-01 2.102948943926327002e-02
8.143126519683941966e-01 2.107923210150551910e-02
8.140413048667719531e-01 2.097029159291672121e-02
8.137700481840438593e-01 2.105373624674430552e-02
8.134988818900803498e-01 2.108486024061758182e-02
8.132278059547620730e-01 2.108652257132014388e-02
8.129568203479794475e-01 2.098613782369140521e-02
8.126859250396326617e-01 2.100584359492543504e-02
8.124151199996328954e-01 2.109314047875279069e-02
8.121444051979000989e-01 2.101581323310913046e-02
8.118737806043653249e-01 2.096063878314955581e-02
8.116032461889689520e-01 2.107217532972502708e-02
8.113328019216617948e-01 2.105435984886821349e-02
8.110624477724041048e-01 2.102858260743980037e-02
8.107921837111670138e-01 2.100892072396077712e-02
8.105220097079309793e-01 2.102465677710895972e-02
8.102519257326866731e-01 2.102612100692337338e-02
8.099819317554348697e-01 2.103112025250146455e-02
8.097120277461861138e-01 2.099417309504340856e-02
8.094422136749609420e-01 2.098970459854091267e-02
8.091724895117903271e-01 2.102628729907770472e-02
8.089028552267147898e-01 2.099546185507210685e-02
8.086333107897848427e-01 2.099001715189951350e-02
8.083638561710609904e-01 2.099606666574923772e-02
8.080944913406140628e-01 2.096636927021200067e-02
8.078252162685244375e-01 2.097186135730235226e-02
8.075560309248828172e-01 2.095238050787089079e-02
8.072869352797894527e-01 2.099030098141965034e-02
8.070179293033550305e-01 2.096789575916734039e-02
8.067490129656997855e-01 2.097531442264218698e-02
8.064801862369539442e-01 2.095848329460359497e-02
8.062114490872582806e-01 2.097517243731828948e-02
8.059428014867626722e-01 2.095421904064469903e-02
8.056742434056273217e-01 2.095305045801308316e-02
8.054057748140226458e-01 2.096855069621143125e-02
8.051373956821284983e-01 2.094160532029723867e-02
8.048691059801350578e-01 2.094579660432081478e-02
8.046009056782422730e-01 2.095790723407529865e-02
8.043327947466599737e-01 2.096505853778582104e-02
8.040647731556080924e-01 2.094741203313903177e-02
8.037968408753162208e-01 2.095138278231004764e-02
8.035289978760242757e-01 2.095348843256270716e-02
8.032612441279814997e-01 2.095357758009596186e-02
8.029935796014475713e-01 2.096223056088862557e-02
8.027260042666919393e-01 2.095405195163242695e-02
8.024585180939940443e-01 2.095305495543067428e-02
8.021911210536426529e-01 2.095387347447572046e-02
8.019238131159373006e-01 2.095937509794746148e-02
8.016565942511868492e-01 2.095318226802371162e-02
8.013894644297102632e-01 2.095059874710399409e-02
8.011224236218362771e-01 2.094178314994714352e-02
8.008554717979035065e-01 2.095921596583115443e-02
8.005886089282606699e-01 2.094973643032913349e-02
8.003218349832663669e-01 2.095482712499452393e-02
8.000551499332884120e-01 2.096226063992067193e-02
7.997885537487053886e-01 2.094905561496602717e-02
7.995220463999055394e-01 2.096279030954423597e-02
7.992556278572864326e-01 2.095096626584888946e-02
7.989892980912558507e-01 2.095925401040181837e-02
7.987230570722317902e-01 2.095354987699988430e-02
7.984569047706414624e-01 2.096033404146787835e-02
7.981908411569224038e-01 2.095024783024432985e-02
7.979248662015218096e-01 2.095414279426573503e-02
7.976589798748967564e-01 2.095321047156470384e-02
7.973931821475142012e-01 2.094422493582501557e-02
7.971274729898509825e-01 2.096071348836609297e-02
7.968618523723934866e-01 2.094885175196544227e-02
7.965963202656382025e-01 2.096593976545652396e-02
7.963308766400913896e-01 2.096093677194866417e-02
7.960655214662692991e-01 2.094920123737187279e-02
7.958002547146976191e-01 2.094135834630449916e-02
7.955350763559123628e-01 2.094655591824515217e-02
7.952699863604588693e-01 2.094911597175021581e-02
7.950049846988924696e-01 2.094668490589307597e-02
7.947400713417783757e-01 2.094321301658871523e-02
7.944752462596917919e-01 2.094260030809846559e-02
7.942105094232173590e-01 2.094567025024638915e-02
7.939458608029497100e-01 2.094530854374605788e-02
7.936813003694930257e-01 2.094379833395926260e-02
7.934168280934619233e-01 2.094537519427078567e-02
7.931524439454801234e-01 2.095710759493151637e-02
7.928881478961812279e-01 2.094097252941604786e-02
7.926239399162091637e-01 2.095339136915992662e-02
7.923598199762169614e-01 2.094752105246642376e-02
7.920957880468679768e-01 2.094720252744685166e-02
7.918318440988348916e-01 2.094804035134319870e-02
7.915679881028007125e-01 2.094644405301405304e-02
7.913042200294574391e-01 2.095118931359021136e-02
7.910405398495076179e-01 2.095512468971876680e-02
7.907769475336630105e-01 2.094911091562307384e-02
7.905134430526452594e-01 2.096056285758810672e-02
7.902500263771862210e-01 2.095112688804555423e-02
7.899866974780268558e-01 2.094887659216042308e-02
7.897234563259181161e-01 2.095856952498498932e-02
7.894603028916209464e-01 2.095790833235863793e-02
7.891972371459055058e-01 2.095375447050315879e-02
7.889342590595522786e-01 2.095971164217071830e-02
7.886713686033511861e-01 2.094971558764274419e-02
7.884085657481016973e-01 2.096031034071621502e-02
7.881458504646133845e-01 2.094939928510535995e-02
7.878832227237055896e-01 2.095860708961349086e-02
7.876206824962067587e-01 2.096178789635411155e-02
7.873582297529556628e-01 2.095553201783005928e-02
7.870958644648007319e-01 2.095677551652215184e-02
7.868335866025997216e-01 2.096878469197150513e-02
7.865713961372207130e-01 2.096401147887873642e-02
7.863092930395407798e-01 2.096652580242694755e-02
7.860472772804472097e-01 2.095336828542768495e-02
7.857853488308369494e-01 2.096595557230567300e-02
7.855235076616163825e-01 2.095857339581248466e-02
7.852617537437016626e-01 2.095833556883664600e-02
7.850000870480190462e-01 2.095840648028111236e-02
7.847385075455037828e-01 2.096397365931647327e-02
7.844770152071013358e-01 2.095653775246615266e-02
7.842156100037667166e-01 2.096533848628651803e-02
7.839542919064644844e-01 2.096329554613247242e-02
7.836930608861690795e-01 2.095973804330760262e-02
7.834319169138643790e-01 2.096017143973816915e-02
7.831708599605441412e-01 2.096156652763764977e-02
7.829098899972116721e-01 2.095879191756876148e-02
7.826490069948800476e-01 2.096056715837608247e-02
7.823882109245716698e-01 2.096015375706274456e-02
7.821275017573192656e-01 2.096351980797689710e-02
7.818668794641645547e-01 2.096499095736838181e-02
7.816063440161590270e-01 2.096130536107887118e-02
7.813458953843641641e-01 2.096161563701572431e-02
7.810855335398508847e-01 2.096435162615170253e-02
7.808252584536995444e-01 2.096343165167958641e-02
7.805650700970004907e-01 2.096344496314289652e-02
7.803049684408535080e-01 2.096395896551986326e-02
7.800449534563680398e-01 2.096422767344193264e-02
7.797850251146629663e-01 2.096658913455010792e-02
7.795251833868674929e-01 2.096520988892511955e-02
7.792654282441193736e-01 2.096738720682464474e-02
7.790057596575667986e-01 2.096742612931332128e-02
7.787461775983672840e-01 2.096814693191764722e-02
7.784866820376878938e-01 2.096788930880684465e-02
7.782272729467056838e-01 2.096837928885223606e-02
7.779679502966068139e-01 2.096945711122462017e-02
7.777087140585872138e-01 2.097066290608431277e-02
7.774495642038524723e-01 2.097174244001490800e-02
7.771905007036179480e-01 2.097382915910399326e-02
7.769315235291081034e-01 2.097384820498312749e-02
7.766726326515575041e-01 2.097440262944932909e-02
7.764138280422101523e-01 2.097628733250724714e-02
7.761551096723192655e-01 2.097725185358956593e-02
7.758964775131481639e-01 2.097793299478818013e-02
7.756379315359696047e-01 2.097891302505310029e-02
7.753794717120654489e-01 2.098179221506933992e-02
7.751210980127277717e-01 2.098233719287846341e-02
7.748628104092580848e-01 2.098478376627390535e-02
7.746046088729670043e-01 2.098639658324250035e-02
7.743464933751751378e-01 2.098747961893311642e-02
7.740884638872127521e-01 2.098972963666500408e-02
7.738305203804191068e-01 2.099340441085059683e-02
7.735726628261438975e-01 2.099556077406884713e-02
7.733148911957451466e-01 2.099912590652668401e-02
7.730572054605915344e-01 2.100232994461782160e-02
7.727996055920607343e-01 2.100742383005086214e-02
7.725420915615401896e-01 2.101375174969019599e-02
7.722846633404267802e-01 2.102108219036558437e-02
7.720273209001266013e-01 2.103174806222050941e-02
7.717700642120558507e-01 2.104582484239799628e-02
7.715128932476399415e-01 2.106663730752113273e-02
7.712558079783138343e-01 2.109578135206173488e-02
7.709988083755218158e-01 2.114633916797945337e-02
7.707418944107182757e-01 2.123622261944885584e-02
7.704850660553663744e-01 2.143925651241964866e-02
7.702283232809394864e-01 2.217691214285842649e-02
7.699716660589197570e-01 2.206032771024957206e-02
7.697150943607994344e-01 2.142438063700952133e-02
7.694586081580799819e-01 2.124168019264752877e-02
7.692022074222725214e-01 2.116954485309328893e-02
7.689458921248975010e-01 2.113725111005610585e-02
7.686896622374850274e-01 2.112187528026785235e-02
7.684335177315744225e-01 2.112073896545748827e-02
7.681774585787148890e-01 2.114070027197175253e-02
7.679214847504646224e-01 2.118352506683318648e-02
7.676655962183916992e-01 2.125270152847770141e-02
7.674097929540736329e-01 2.136837338070209091e-02
7.671540749290971517e-01 2.158848300561115943e-02
7.668984421150588648e-01 2.209957705556228613e-02
7.666428944835642634e-01 2.263924831244958427e-02
7.663874320062288303e-01 2.180363596721524022e-02
7.661320546546771526e-01 2.147013283976429571e-02
7.658767624005435870e-01 2.130650728318480430e-02
7.656215552154718162e-01 2.121318445040468875e-02
7.653664330711147379e-01 2.115069319729334651e-02
7.651113959391349084e-01 2.110582407649399736e-02
7.648564437912045433e-01 2.107556588476610510e-02
7.646015765990047397e-01 2.105320470274137448e-02
7.643467943342265869e-01 2.103547003732464046e-02
7.640920969685703890e-01 2.102433344321706643e-02
7.638374844737457758e-01 2.101461308725471877e-02
7.635829568214718144e-01 2.100965103647176382e-02
7.633285139834772304e-01 2.100408688284842104e-02
7.630741559315000755e-01 2.099777428366135165e-02
7.628198826372875052e-01 2.099327835802948863e-02
7.625656940725966670e-01 2.099062304462840853e-02
7.623115902091935903e-01 2.098941338681853050e-02
7.620575710188538521e-01 2.098794185584877334e-02
7.618036364733627996e-01 2.098913861458012037e-02
7.615497865445145509e-01 2.098456119804321951e-02
7.612960212041131047e-01 2.098480090300159154e-02
7.610423404239716749e-01 2.098348788906779019e-02
7.607887441759130231e-01 2.098518353754267110e-02
7.605352324317691259e-01 2.098285893878261074e-02
7.602818051633811747e-01 2.098112552132247455e-02
7.600284623426002417e-01 2.098174885939516066e-02
7.597752039412865033e-01 2.098362415737032444e-02
7.595220299313092394e-01 2.098702598073541939e-02
7.592689402845477220e-01 2.098321471651835163e-02
7.590159349728901050e-01 2.098161549390993239e-02
7.587630139682339792e-01 2.098519302593587071e-02
7.585101772424864830e-01 2.097977408680389011e-02
7.582574247675638590e-01 2.098168698311936656e-02
7.580047565153918976e-01 2.097977906314934388e-02
7.577521724579060480e-01 2.098259365338199511e-02
7.574996725670501974e-01 2.098250041521702164e-02
7.572472568147785577e-01 2.098185566580899539e-02
7.569949251730542228e-01 2.097694339571956959e-02
7.567426776138495015e-01 2.098440372283064473e-02
7.564905141091464724e-01 2.098398613553928427e-02
7.562384346309360961e-01 2.098115960509951139e-02
7.559864391512189918e-01 2.097994101238996600e-02
7.557345276420048830e-01 2.098158311703759993e-02
7.554827000753130406e-01 2.098442216175053915e-02
7.552309564231719508e-01 2.098070920788976459e-02
7.549792966576193143e-01 2.098248090251014428e-02
7.547277207507023800e-01 2.098151186193421627e-02
7.544762286744775004e-01 2.098617795333910033e-02
7.542248204010104651e-01 2.097776494046738743e-02
7.539734959023762784e-01 2.098315378328631173e-02
7.537222551506593815e-01 2.098298644634654167e-02
7.534710981179534306e-01 2.097978777662257849e-02
7.532200247763610745e-01 2.098668942697184611e-02
7.529690350979950653e-01 2.098114622683672215e-02
7.527181290549767034e-01 2.098755872307780934e-02
7.524673066194368376e-01 2.099517992271320715e-02
7.522165677635156422e-01 2.098008809456235191e-02
7.519659124593625066e-01 2.098425940162370468e-02
7.517153406791360348e-01 2.098670602843554292e-02
7.514648523950043790e-01 2.098851084560930322e-02
7.512144475791445730e-01 2.097720946029923636e-02
7.509641262037433096e-01 2.097894528595687161e-02
7.507138882409961633e-01 2.099737450220882928e-02
7.504637336631084787e-01 2.098510071109143185e-02
7.502136624422943711e-01 2.100137842891978274e-02
7.499636745507773927e-01 2.098247830169126457e-02
7.497137699607904215e-01 2.099017346681962548e-02
7.494639486445754395e-01 2.097883759432268500e-02
7.492142105743839764e-01 2.099232186748380136e-02
7.489645557224764438e-01 2.099028714914556726e-02
7.487149840611225793e-01 2.099182889183616452e-02
7.484654955626017792e-01 2.099131500250575599e-02
7.482160901992019886e-01 2.101057332970565281e-02
7.479667679432208116e-01 2.099637299548829869e-02
7.477175287669651782e-01 2.098892329707974930e-02
7.474683726427507890e-01 2.097702373714709773e-02
7.472192995429032258e-01 2.099888322174949667e-02
7.469703094397565080e-01 2.098894284390153200e-02
7.467214023056545358e-01 2.098626437716816576e-02
7.464725781129502025e-01 2.100059692541485917e-02
7.462238368340055050e-01 2.099542567538427093e-02
7.459751784411917663e-01 2.100699607360153112e-02
7.457266029068893021e-01 2.101246709824891243e-02
7.454781102034881979e-01 2.099906189052799452e-02
7.452297003033869771e-01 2.098039414446693091e-02
7.449813731789938220e-01 2.098861805661941110e-02
7.447331288027263518e-01 2.099598221763347705e-02
7.444849671470106234e-01 2.101041727859121952e-02
7.442368881842824635e-01 2.102239868401769435e-02
7.439888918869868029e-01 2.102748085290231245e-02
7.437409782275774539e-01 2.100946764365253100e-02
7.434931471785178880e-01 2.098764567954648427e-02
7.432453987122803474e-01 2.098615540433103679e-02
7.429977328013466220e-01 2.099021292238194628e-02
7.427501494182071617e-01 2.103293523318542496e-02
7.425026485353619643e-01 2.100797336394551532e-02
7.422552301253201312e-01 2.102040713540444597e-02
7.420078941605998679e-01 2.099130794697397565e-02
7.417606406137285946e-01 2.102310199486768019e-02
7.415134694572428353e-01 2.099179718463318675e-02
7.412663806636882180e-01 2.101915377223177381e-02
7.410193742056195854e-01 2.100647061279434930e-02
7.407724500556009950e-01 2.101511793738666811e-02
7.405256081862056083e-01 2.100644184728256078e-02
7.402788485700154686e-01 2.102203633548777387e-02
7.400321711796222779e-01 2.102139967336799295e-02
7.397855759876263981e-01 2.100174275190264464e-02
7.395390629666374060e-01 2.100685144998667986e-02
7.392926320892742043e-01 2.102333170685238839e-02
7.390462833281649102e-01 2.102949768381347576e-02
7.388000166559461901e-01 2.099433871512323968e-02
7.385538320452642580e-01 2.107102688959221204e-02
7.383077294687747649e-01 2.100998994562293387e-02
7.380617088991415775e-01 2.100749730209983124e-02
7.378157703090386654e-01 2.101271289668762629e-02
7.375699136711481030e-01 2.102499447203317121e-02
7.373241389581620675e-01 2.102585153110182042e-02
7.370784461427809520e-01 2.102422565660914608e-02
7.368328351977150303e-01 2.106590392866093675e-02
7.365873060956831253e-01 2.101898830586868688e-02
7.363418588094132744e-01 2.103406711393165235e-02
7.360964933116426190e-01 2.101466801017731756e-02
7.358512095751176263e-01 2.100140827506716615e-02
7.356060075725934233e-01 2.102928929270494324e-02
7.353608872768343518e-01 2.098923186190307377e-02
7.351158486606140796e-01 2.106963139896277093e-02
7.348708916967152671e-01 2.100468436955789733e-02
7.346260163579291236e-01 2.102753846142982677e-02
7.343812226170567392e-01 2.101361134372654177e-02
7.341365104469077529e-01 2.099642487428058854e-02
7.338918798203009075e-01 2.100472843732372613e-02
7.336473307100641605e-01 2.103884185786104866e-02
7.334028630890344624e-01 2.104818608993091686e-02
7.331584769300577564e-01 2.099992955044198417e-02
7.329141722059890895e-01 2.106201738949230184e-02
7.326699488896923906e-01 2.099230840912147053e-02
7.324258069540410254e-01 2.101334136569886490e-02
7.321817463719170194e-01 2.102212805390738307e-02
7.319377671162116128e-01 2.107533990007669569e-02
7.316938691598248168e-01 2.102918441219154416e-02
7.314500524756663014e-01 2.104988602564856343e-02
7.312063170366540632e-01 2.108838318289694980e-02
7.309626628157153139e-01 2.100653257437171476e-02
7.307190897857867018e-01 2.107663669515074875e-02
7.304755979198134241e-01 2.104644120344240782e-02
7.302321871907497819e-01 2.108840616848848409e-02
7.299888575715591799e-01 2.098699457966128959e-02
7.297456090352141267e-01 2.106762143946679447e-02
7.295024415546957908e-01 2.104231487608308748e-02
7.292593551029947774e-01 2.105174914475611489e-02
7.290163496531103515e-01 2.102451071876618172e-02
7.287734251780508821e-01 2.097531766231893954e-02
7.285305816508339527e-01 2.100665761868224929e-02
7.282878190444858069e-01 2.100984390932271462e-02
7.280451373320416808e-01 2.102957213572159353e-02
7.278025364865461366e-01 2.106034736964770837e-02
7.275600164810523962e-01 2.102903666564917562e-02
7.273175772886227852e-01 2.101741690848837885e-02
7.270752188823286222e-01 2.102123052246753290e-02
7.268329412352501073e-01 2.102097022228133563e-02
7.265907443204766558e-01 2.104091460773253180e-02
7.263486281111062315e-01 2.107447137466096979e-02
7.261065925802461241e-01 2.103904834866021645e-02
7.258646377010122830e-01 2.103268820718422541e-02
7.256227634465300946e-01 2.105862895346698183e-02
7.253809697899333830e-01 2.106728557323201204e-02
7.251392567043652981e-01 2.101704897635547908e-02
7.248976241629775386e-01 2.104336825863801358e-02
7.246560721389311288e-01 2.106354538750367447e-02
7.244146006053959752e-01 2.099267327832256280e-02
7.241732095355508658e-01 2.106484872114948795e-02
7.239318989025832485e-01 2.103574746742012391e-02
7.236906686796898969e-01 2.105145185138068004e-02
7.234495188400765775e-01 2.103031188036685525e-02
7.232084493569574946e-01 2.103034428179461832e-02
7.229674602035562891e-01 2.104472646229775534e-02
7.227265513531052621e-01 2.101715624215120398e-02
7.224857227788455960e-01 2.102965401274272533e-02
7.222449744540274663e-01 2.101488332141699528e-02
7.220043063519101523e-01 2.104976758912595336e-02
7.217637184457614818e-01 2.102088985353847694e-02
7.215232107088584979e-01 2.101910856185765925e-02
7.212827831144869029e-01 2.103814212891027061e-02
7.210424356359416143e-01 2.103775667695704718e-02
7.208021682465259872e-01 2.105891230720426457e-02
7.205619809195528136e-01 2.105151562260056466e-02
7.203218736283433232e-01 2.107981777857984712e-02
7.200818463462278496e-01 2.102846793291751962e-02
7.198418990465456080e-01 2.101625967959418542e-02
7.196020317026446955e-01 2.107281086329759398e-02
7.193622442878819800e-01 2.103225732135701603e-02
7.191225367756234332e-01 2.100854614742279219e-02
7.188829091392436865e-01 2.108296857113692996e-02
7.186433613521261421e-01 2.106761912693736610e-02
7.184038933876636390e-01 2.103362997198494899e-02
7.181645052192571210e-01 2.102022622185784062e-02
7.179251968203169687e-01 2.108980379174037884e-02
7.176859681642622224e-01 2.104046254466515956e-02
7.174468192245205822e-01 2.108352958808023397e-02
7.172077499745290741e-01 2.107067598704176134e-02
7.169687603877330506e-01 2.110717475152466480e-02
7.167298504375871904e-01 2.116020001587195012e-02
7.164910200975546095e-01 2.107352559608505205e-02
7.162522693411075281e-01 2.100949999518579581e-02
7.160135981417269369e-01 2.104733977410574303e-02
7.157750064729025974e-01 2.101618715475232074e-02
7.155364943081331530e-01 2.098450984809037412e-02
7.152980616209261289e-01 2.100888454474867176e-02
7.150597083847978208e-01 2.099938878431086703e-02
7.148214345732734065e-01 2.099236840856347902e-02
7.145832401598867234e-01 2.098770799380804755e-02
7.143451251181804906e-01 2.100979856954185779e-02
7.141070894217065312e-01 2.098744703469867384e-02
7.138691330440251059e-01 2.098528858552690252e-02
7.136312559587055793e-01 2.098910786808260917e-02
7.133934581393257535e-01 2.099025581025092124e-02
7.131557395594725346e-01 2.100413292670750415e-02
7.129181001927415995e-01 2.098505632633087745e-02
7.126805400127373957e-01 2.101804030336315576e-02
7.124430589930729196e-01 2.098867528754789352e-02
7.122056571073703823e-01 2.099725537643369958e-02
7.119683343292605437e-01 2.098658208058630167e-02
7.117310906323830455e-01 2.099264719783282621e-02
7.114939259903861890e-01 2.097527254607928909e-02
7.112568403769271574e-01 2.099230245301841533e-02
7.110198337656719048e-01 2.100127096813543537e-02
7.107829061302951557e-01 2.099240069150604474e-02
7.105460574444802946e-01 2.097544700119221076e-02
7.103092876819195878e-01 2.099024794916996839e-02
7.100725968163140722e-01 2.098870654597308205e-02
7.098359848213735557e-01 2.097955665834668609e-02
7.095994516708166167e-01 2.100612674314261685e-02
7.093629973383703824e-01 2.098923269622992444e-02
7.091266217977711950e-01 2.099935870415922667e-02
7.088903250227635011e-01 2.098074607301341279e-02
7.086541069871010734e-01 2.097190897429828532e-02
7.084179676645461221e-01 2.097508939669973094e-02
7.081819070288698503e-01 2.101489044580503660e-02
7.079459250538518988e-01 2.098036118968856639e-02
7.077100217132806792e-01 2.098497512737184517e-02
7.074741969809537068e-01 2.100793657942984227e-02
7.072384508306768236e-01 2.097816577194011253e-02
7.070027832362646425e-01 2.097401125124197588e-02
7.067671941715406581e-01 2.101630676503189396e-02
7.065316836103372466e-01 2.098121062521033503e-02
7.062962515264950003e-01 2.098674246142943900e-02
7.060608978938637259e-01 2.098679360123443735e-02
7.058256226863015570e-01 2.098440104710936130e-02
7.055904258776756199e-01 2.098280696709946269e-02
7.053553074418615898e-01 2.100821120674200432e-02
7.051202673527439124e-01 2.098878219400724526e-02
7.048853055842158044e-01 2.098490127692281132e-02
7.046504221101790311e-01 2.099934565484656152e-02
7.044156169045442395e-01 2.098097918353186708e-02
7.041808899412304035e-01 2.099757845699523617e-02
7.039462411941656006e-01 2.098707719473694513e-02
7.037116706372864572e-01 2.098325445956208957e-02
7.034771782445382593e-01 2.097189481659425883e-02
7.032427639898749527e-01 2.099270297381816697e-02
7.030084278472590320e-01 2.100122908544428332e-02
7.027741697906622065e-01 2.100079493133960237e-02
7.025399897940640681e-01 2.098522577806813047e-02
7.023058878314535347e-01 2.098578103798176900e-02
7.020718638768278508e-01 2.098169745964383395e-02
7.018379179041931426e-01 2.100453279778504226e-02
7.016040498875639742e-01 2.097551024350021234e-02
7.013702598009635691e-01 2.100929664938702701e-02
7.011365476184239220e-01 2.097684585217231973e-02
7.009029133139860201e-01 2.098236027818739871e-02
7.006693568616987333e-01 2.099980577737151424e-02
7.004358782356201463e-01 2.097886742528515258e-02
7.002024774098167814e-01 2.099153691480645442e-02
6.999691543583639319e-01 2.099405029806510059e-02
6.997359090553455507e-01 2.097645739700669532e-02
6.995027414748538064e-01 2.098822480811831162e-02
6.992696515909900823e-01 2.098318793442180419e-02
6.990366393778640886e-01 2.099066467705040795e-02
6.988037048095941950e-01 2.098941853116593689e-02
6.985708478603073202e-01 2.097311368398259088e-02
6.983380685041392644e-01 2.098054461664759091e-02
6.981053667152341546e-01 2.097202228767304152e-02
6.978727424677447777e-01 2.098154745727078344e-02
6.976401957358329131e-01 2.097770998711025875e-02
6.974077264936683340e-01 2.097602836746710261e-02
6.971753347154296954e-01 2.098319452315467598e-02
6.969430203753046449e-01 2.097139306098624867e-02
6.967107834474888239e-01 2.098074348699976652e-02
6.964786239061866446e-01 2.098170069616921152e-02
6.962465417256114009e-01 2.099691755326828224e-02
6.960145368799847132e-01 2.098863160099181946e-02
6.957826093435367509e-01 2.100408124819780342e-02
6.955507590905065651e-01 2.098242185083890043e-02
6.953189860951415335e-01 2.099579694295046137e-02
6.950872903316974716e-01 2.099110650879724982e-02
6.948556717744392985e-01 2.100045253407092916e-02
6.946241303976400383e-01 2.099652448132920124e-02
6.943926661755814855e-01 2.101572505023950946e-02
6.941612790825538726e-01 2.101292459766654006e-02
6.939299690928563136e-01 2.099849085051767872e-02
6.936987361807959163e-01 2.098783608877927490e-02
6.934675803206890032e-01 2.102826627176979796e-02
6.932365014868600017e-01 2.103176020968818699e-02
6.930054996536421097e-01 2.100220637127208842e-02
6.927745747953768518e-01 2.100219909072816027e-02
6.925437268864147455e-01 2.106180541382674312e-02
6.923129559011143019e-01 2.106160616920297116e-02
6.920822618138429139e-01 2.103314804120911055e-02
6.918516445989765229e-01 2.100531493247980580e-02
6.916211042308996193e-01 2.099900477825870568e-02
6.913906406840047980e-01 2.098750647060114091e-02
6.911602539326939798e-01 2.097620121156994200e-02
6.909299439513767460e-01 2.098196598028348112e-02
6.906997107144718928e-01 2.097150649759055296e-02
6.904695541964063210e-01 2.098777129509030170e-02
6.902394743716157022e-01 2.097535131348455748e-02
6.900094712145442566e-01 2.096965677606636366e-02
6.897795446996443092e-01 2.096890405540918420e-02
6.895496948013771776e-01 2.097097754848605694e-02
6.893199214942123954e-01 2.097007608243361965e-02
6.890902247526280444e-01 2.096699905812412015e-02
6.888606045511109777e-01 2.096791276239919413e-02
6.886310608641562636e-01 2.096741349957945144e-02
6.884015936662674084e-01 2.096718729679016013e-02
6.881722029319568001e-01 2.096709395419784489e-02
6.879428886357448203e-01 2.097169907429018848e-02
6.877136507521607323e-01 2.097710939562720187e-02
6.874844892557421261e-01 2.096386220463327191e-02
6.872554041210350295e-01 2.096416958877584530e-02
6.870263953225941300e-01 2.096489436654366129e-02
6.867974628349823307e-01 2.096619395906626493e-02
6.865686066327714165e-01 2.096357511651527478e-02
6.863398266905411660e-01 2.096648771237350981e-02
6.861111229828802394e-01 2.096251331713512231e-02
6.858824954843852906e-01 2.096393026450276906e-02
6.856539441696620774e-01 2.096269608225220099e-02
6.854254690133242400e-01 2.096313955083662847e-02
6.851970699899943007e-01 2.096242052706911302e-02
6.849687470743027751e-01 2.096408994806496159e-02
6.847405002408890606e-01 2.096523886128187977e-02
6.845123294644008816e-01 2.096354798721855595e-02
6.842842347194943997e-01 2.096290315898392473e-02
6.840562159808339926e-01 2.096532194002118446e-02
6.838282732230929195e-01 2.096371313367205100e-02
6.836004064209525444e-01 2.096372873494981026e-02
6.833726155491028909e-01 2.096215533747719517e-02
6.831449005822419762e-01 2.096456391091074123e-02
6.829172614950770326e-01 2.096497990686370730e-02
6.826896982623228416e-01 2.096323010318079313e-02
6.824622108587031777e-01 2.096379894772311750e-02
6.822347992589502530e-01 2.096489388457243794e-02
6.820074634378041623e-01 2.096494797041340008e-02
6.817802033700141040e-01 2.096798649719457119e-02
6.815530190303372704e-01 2.096488832771638625e-02
6.813259103935394023e-01 2.096412048693642449e-02
6.810988774343945673e-01 2.096441685983852984e-02
6.808719201276852706e-01 2.096582607763793071e-02
6.806450384482025662e-01 2.096513377711479303e-02
6.804182323707455016e-01 2.096385581228736236e-02
6.801915018701221172e-01 2.096579622216652658e-02
6.799648469211483359e-01 2.096641353814276618e-02
6.797382674986488516e-01 2.096469955686693087e-02
6.795117635774562403e-01 2.096642867924139453e-02
6.792853351324121824e-01 2.096555433542595867e-02
6.790589821383659075e-01 2.096650414585788172e-02
6.788327045701757489e-01 2.096678795562760891e-02
6.786065024027081449e-01 2.096582861816321045e-02
6.783803756108378602e-01 2.096704358058426934e-02
6.781543241694479862e-01 2.096633298388839509e-02
6.779283480534301631e-01 2.096740387310036882e-02
6.777024472376842468e-01 2.096795518671360631e-02
6.774766216971185306e-01 2.096740821576969366e-02
6.772508714066495239e-01 2.096759825507788638e-02
6.770251963412023954e-01 2.096764689582095512e-02
6.767995964757105298e-01 2.096788642995889990e-02
6.765740717851154162e-01 2.096739893405450555e-02
6.763486222443672036e-01 2.096801645369782488e-02
6.761232478284243674e-01 2.096842947301866267e-02
6.758979485122535991e-01 2.096829996724965117e-02
6.756727242708299164e-01 2.096879068077375785e-02
6.754475750791368860e-01 2.096905160184435457e-02
6.752225009121660682e-01 2.096805422498830909e-02
6.749975017449176828e-01 2.096810558829468457e-02
6.747725775524002767e-01 2.097043046993335089e-02
6.745477283096302790e-01 2.096990636366085139e-02
6.743229539916330006e-01 2.096985412610704452e-02
6.740982545734418574e-01 2.097194054643777839e-02
6.738736300300984805e-01 2.097179775132679627e-02
6.736490803366528279e-01 2.097130242725882623e-02
6.734246054681635174e-01 2.096995648971154008e-02
6.732002053996968272e-01 2.097265619569519540e-02
6.729758801063279172e-01 2.097289575184184060e-02
6.727516295631401633e-01 2.097285807122581738e-02
6.725274537452250456e-01 2.097166339858091630e-02
6.723033526276824823e-01 2.097230682394954707e-02
6.720793261856206069e-01 2.097391084774086548e-02
6.718553743941557688e-01 2.097280941381471711e-02
6.716314972284129770e-01 2.097297138143235096e-02
6.714076946635250120e-01 2.097290530928272792e-02
6.711839666746335364e-01 2.097546481809983709e-02
6.709603132368877620e-01 2.097492780478887181e-02
6.707367343254460046e-01 2.097290284391187948e-02
6.705132299154741293e-01 2.097824135746939253e-02
6.702897999821466613e-01 2.097546194539933948e-02
6.700664445006464520e-01 2.097526680924548248e-02
6.698431634461642359e-01 2.097620188435001323e-02
6.696199567938996289e-01 2.097826264593345355e-02
6.693968245190599076e-01 2.097619732837308071e-02
6.691737665968608972e-01 2.097954039300821069e-02
6.689507830025266388e-01 2.097951722742797537e-02
6.687278737112896110e-01 2.097659380095396112e-02
6.685050386983900639e-01 2.097601914251498792e-02
6.682822779390769075e-01 2.098093980126715039e-02
6.680595914086073783e-01 2.098081523348017952e-02
6.678369790822465957e-01 2.098102019871238982e-02
6.676144409352681164e-01 2.097654102629918291e-02
6.673919769429538240e-01 2.098375813787808908e-02
6.671695870805934847e-01 2.097856417838619980e-02
6.669472713234856354e-01 2.098211613758026173e-02
6.667250296469365844e-01 2.098200160055382554e-02
6.665028620262610781e-01 2.098196543424204683e-02
6.662807684367821892e-01 2.098498584878409623e-02
6.660587488538308731e-01 2.097992714092378197e-02
6.658368032527465230e-01 2.098471804318205458e-02
6.656149316088768586e-01 2.098529947165763895e-02
6.653931338975777043e-01 2.098233364981048552e-02
6.651714100942128782e-01 2.098280426973392690e-02
6.649497601741547470e-01 2.098264793560367450e-02
6.647281841127837820e-01 2.098616479289850539e-02
6.645066818854886703e-01 2.098153065269202366e-02
6.642852534676659815e-01 2.099175545215333991e-02
6.640638988347210558e-01 2.098531891843744696e-02
6.638426179620670053e-01 2.098507024342488245e-02
6.636214108251252686e-01 2.098404376010173586e-02
6.634002773993253887e-01 2.099117827348331855e-02
6.631792176601052358e-01 2.098798067558237460e-02
6.629582315829110062e-01 2.098930564980036953e-02
6.627373191431965571e-01 2.099073354768007937e-02
6.625164803164244054e-01 2.098757802186372590e-02
6.622957150780649505e-01 2.098655924674270451e-02
6.620750234035970294e-01 2.098825802821386796e-02
6.618544052685074730e-01 2.098967766119112094e-02
6.616338606482913276e-01 2.098713564995799419e-02
6.614133895184518552e-01 2.099753332502760778e-02
6.611929918545003115e-01 2.099349416242549463e-02
6.609726676319562788e-01 2.098658772382791179e-02
6.607524168263474440e-01 2.099263664308177388e-02
6.605322394132097097e-01 2.098628211828297216e-02
6.603121353680868610e-01 2.099730781571959928e-02
6.600921046665313430e-01 2.099617289738663767e-02
6.598721472841032609e-01 2.099619558988797055e-02
6.596522631963710470e-01 2.099173595408333759e-02
6.594324523789114600e-01 2.099038984853242654e-02
6.592127148073089193e-01 2.098973806589985239e-02
6.589930504571565040e-01 2.099118598286202689e-02
6.587734593040550646e-01 2.100406043327747441e-02
6.585539413236138895e-01 2.099962033237133541e-02
6.583344964914500386e-01 2.099751367608711228e-02
6.581151247831888984e-01 2.099113290205078738e-02
6.578958261744640712e-01 2.099180599145690843e-02
6.576766006409170418e-01 2.100797018314111073e-02
6.574574481581976215e-01 2.100711373069698296e-02
6.572383687019635046e-01 2.099763843507514161e-02
6.570193622478808226e-01 2.100066807578234926e-02
6.568004287716235901e-01 2.099785754914604979e-02
6.565815682488740368e-01 2.100236816487380948e-02
6.563627806553221644e-01 2.099726733949868959e-02
6.561440659666665232e-01 2.099543847072088409e-02
6.559254241586136569e-01 2.100276738969224580e-02
6.557068552068779921e-01 2.099817322750714005e-02
6.554883590871821708e-01 2.100446006364887000e-02
6.552699357752570508e-01 2.099538595806963240e-02
6.550515852468414835e-01 2.100021582729998462e-02
6.548333074776822027e-01 2.099471999116404169e-02
6.546151024435341581e-01 2.100072760537820965e-02
6.543969701201608480e-01 2.099776570221454156e-02
6.541789104833329871e-01 2.099348690493514982e-02
6.539609235088300609e-01 2.099883961549850811e-02
6.537430091724391046e-01 2.099955615704032080e-02
6.535251674499558128e-01 2.100048481230420289e-02
6.533073983171833188e-01 2.099555820622217919e-02
6.530897017499333046e-01 2.099724552774723946e-02
6.528720777240252238e-01 2.099952164883732778e-02
6.526545262152868565e-01 2.100237323063561257e-02
6.524370471995536436e-01 2.100768264081473435e-02
6.522196406526693524e-01 2.101061357233608221e-02
6.520023065504857440e-01 2.102216444515120353e-02
6.517850448688627951e-01 2.101879804494468859e-02
6.515678555836681429e-01 2.101133582079215897e-02
6.513507386707778624e-01 2.100147701192212057e-02
6.511336941060757999e-01 2.099970991008924884e-02
6.509167218654539067e-01 2.099697350178085162e-02
6.506998219248123494e-01 2.099747825821582023e-02
6.504829942600589554e-01 2.100330177416901214e-02
6.502662388471098787e-01 2.099862574791616643e-02
6.500495556618891557e-01 2.100023853407298122e-02
6.498329446803290388e-01 2.100658692198484681e-02
6.496164058783695516e-01 2.100035551912228515e-02
6.493999392319588226e-01 2.100802721571195034e-02
6.491835447170529738e-01 2.100903016918553162e-02
6.489672223096164538e-01 2.100693478422793400e-02
6.487509719856212609e-01 2.100716508005245203e-02
6.485347937210474978e-01 2.101616769475137675e-02
6.483186874918834830e-01 2.100543465329047024e-02
6.481026532741254176e-01 2.101452454599516545e-02
6.478866910437773852e-01 2.100946397314040065e-02
6.476708007768517961e-01 2.102515322609159812e-02
6.474549824493686101e-01 2.101762509489565542e-02
6.472392360373561138e-01 2.101072273109488853e-02
6.470235615168504761e-01 2.102076021214499546e-02
6.468079588638957489e-01 2.102666519009914470e-02
6.465924280545443104e-01 2.103376144935488468e-02
6.463769690648558663e-01 2.100424240734018871e-02
6.461615818708988934e-01 2.102396404886371084e-02
6.459462664487493067e-01 2.101729519652591888e-02
6.457310227744910147e-01 2.100900428868657591e-02
6.455158508242163640e-01 2.102335395973576812e-02
6.453007505740249172e-01 2.101007237807286238e-02
6.450857220000248970e-01 2.101009223858810865e-02
6.448707650783320755e-01 2.100681186277544160e-02
6.446558797850702183e-01 2.101313485477845217e-02
6.444410660963714177e-01 2.101210277834827597e-02
6.442263239883753156e-01 2.101162059134182095e-02
6.440116534372294366e-01 2.100979205588673210e-02
6.437970544190897426e-01 2.100456315904451060e-02
6.435825269101196344e-01 2.100920059283910291e-02
6.433680708864908393e-01 2.101116449070293893e-02
6.431536863243826341e-01 2.100577825664524945e-02
6.429393731999826223e-01 2.100531320053425355e-02
6.427251314894860679e-01 2.100926668872623096e-02
6.425109611690963396e-01 2.100651634927399453e-02
6.422968622150245777e-01 2.100759469463105503e-02
6.420828346034901379e-01 2.100824414115439603e-02
6.418688783107198148e-01 2.100802604959348119e-02
6.416549933129487293e-01 2.100784310674923619e-02
6.414411795864198851e-01 2.100797197150304843e-02
6.412274371073840573e-01 2.100712128271394960e-02
6.410137658521000148e-01 2.101096368521232494e-02
6.408001657968342979e-01 2.100864082748724049e-02
6.405866369178616626e-01 2.100862589664835578e-02
6.403731791914645255e-01 2.100826665875003135e-02
6.401597925939331857e-01 2.101001956037418239e-02
6.399464771015658249e-01 2.100878309100209784e-02
6.397332326906689515e-01 2.100965635458094949e-02
6.395200593375564013e-01 2.101176216738703459e-02
6.393069570185502259e-01 2.101056531341018510e-02
6.390939257099801374e-01 2.101067081332508302e-02
6.388809653881840633e-01 2.101092910216981538e-02
6.386680760295074810e-01 2.101177282035985097e-02
6.384552576103039723e-01 2.101370138263793097e-02
6.382425101069350015e-01 2.101207176903152965e-02
6.380298334957696937e-01 2.101321405963045563e-02
6.378172277531852785e-01 2.101102409930292667e-02
6.376046928555667570e-01 2.101194597955744967e-02
6.373922287793069019e-01 2.101544780004981766e-02
6.371798355008065906e-01 2.101221817352990490e-02
6.369675129964743610e-01 2.101307230454712432e-02
6.367552612427268555e-01 2.101188611457183511e-02
6.365430802159880441e-01 2.101245768541327302e-02
6.363309698926904456e-01 2.101411129832051611e-02
6.361189302492740172e-01 2.101365572552888611e-02
6.359069612621864875e-01 2.101342450358631778e-02
6.356950629078839121e-01 2.101380855373542397e-02
6.354832351628295628e-01 2.101422690270102547e-02
6.352714780034950381e-01 2.101502581077785772e-02
6.350597914063595972e-01 2.101408650098610109e-02
6.348481753479101597e-01 2.101620856983386215e-02
6.346366298046419718e-01 2.101531852895668212e-02
6.344251547530576074e-01 2.101632755241393535e-02
6.342137501696675228e-01 2.101614299148679005e-02
6.340024160309905010e-01 2.101698794705771089e-02
6.337911523135526526e-01 2.101702008934665591e-02
6.335799589938879706e-01 2.101814513606932444e-02
6.333688360485384417e-01 2.101900361664055250e-02
6.331577834540537131e-01 2.101749071167096500e-02
6.329468011869913147e-01 2.101904457584054253e-02
6.327358892239166588e-01 2.101893790855057301e-02
6.325250475414028184e-01 2.102098252767920297e-02
6.323142761160307490e-01 2.101977947605089894e-02
6.321035749243891777e-01 2.102008179031819579e-02
6.318929439430748252e-01 2.102087041320930411e-02
6.316823831486918506e-01 2.101967258782827183e-02
6.314718925178526288e-01 2.102045854900260954e-02
6.312614720271768620e-01 2.101987598439212374e-02
6.310511216532923573e-01 2.102039477013830857e-02
6.308408413728348041e-01 2.102062787253265730e-02
6.306306311624472194e-01 2.102109607357639451e-02
6.304204909987808358e-01 2.102104856629793961e-02
6.302104208584947687e-01 2.102126735818199074e-02
6.300004207182552385e-01 2.102246121632326756e-02
6.297904905547370147e-01 2.102194317327577000e-02
6.295806303446220831e-01 2.102320816515417662e-02
6.293708400646004231e-01 2.102327949219112355e-02
6.291611196913698967e-01 2.102348338217384718e-02
6.289514692016360264e-01 2.102352596922466010e-02
6.287418885721118844e-01 2.102499467683880546e-02
6.285323777795186473e-01 2.102452630943953127e-02
6.283229368005851523e-01 2.102602004693325879e-02
6.281135656120477861e-01 2.102425268827941979e-02
6.279042641906508182e-01 2.102955886938082108e-02
6.276950325131464004e-01 2.102697455028263232e-02
6.274858705562942340e-01 2.102828407956601128e-02
6.272767782968619033e-01 2.102853969657157707e-02
6.270677557116246525e-01 2.102799517460148329e-02
6.268588027773654980e-01 2.103226452610590033e-02
6.266499194708751164e-01 2.102910255309905704e-02
6.264411057689520668e-01 2.102851440532388025e-02
6.262323616484026800e-01 2.102944951662377368e-02
6.260236870860406144e-01 2.103067828469160419e-02
6.258150820586877439e-01 2.103062105489045611e-02
6.256065465431732697e-01 2.102942421545810070e-02
6.253980805163343870e-01 2.102934685047609664e-02
6.251896839550160623e-01 2.103010557021117374e-02
6.249813568360705895e-01 2.103079550919208229e-02
6.247730991363584785e-01 2.103111975386366336e-02
6.245649108327474552e-01 2.103049543202705970e-02
6.243567919021134616e-01 2.103075258254672245e-02
6.241487423213395447e-01 2.103129486012259367e-02
6.239407620673171895e-01 2.103163117630540979e-02
6.237328511169447642e-01 2.103200062056241604e-02
6.235250094471289639e-01 2.103195510125348278e-02
6.233172370347840330e-01 2.103247575719460749e-02
6.231095338568317654e-01 2.103268732293146759e-02
6.229018998902016158e-01 2.103328633984436966e-02
6.226943351118310321e-01 2.103358853591393365e-02
6.224868394986646791e-01 2.103399423990231359e-02
6.222794130276554370e-01 2.103433777693428791e-02
6.220720556757635133e-01 2.103458602644308825e-02
6.218647674199567765e-01 2.103506836915011724e-02
6.216575482372109773e-01 2.103523604474297204e-02
6.214503981045095271e-01 2.103576811345649056e-02
6.212433169988431647e-01 2.103606019846095826e-02
6.210363048972107336e-01 2.103656102510951392e-02
6.208293617766185157e-01 2.103682284876867703e-02
6.206224876140803426e-01 2.103755336106094553e-02
6.204156823866181503e-01 2.103790341780739995e-02
6.202089460712610913e-01 2.103813161894955985e-02
6.200022786450458678e-01 2.103874805867586226e-02
6.197956800850176196e-01 2.103899213148217873e-02
6.195891503682281476e-01 2.103938985463964934e-02
6.193826894717374687e-01 2.103975862734974722e-02
6.191762973726132602e-01 2.104019954528278322e-02
6.189699740479305268e-01 2.104062685311198014e-02
6.187637194747722669e-01 2.104090745203250970e-02
6.185575336302289173e-01 2.104161284105042148e-02
6.183514164913983535e-01 2.104229688367485751e-02
6.181453680353865554e-01 2.104233025484052166e-02
6.179393882393067194e-01 2.104283074798389552e-02
6.177334770802799246e-01 2.104331150626787689e-02
6.175276345354346885e-01 2.104370070374193824e-02
6.173218605819074112e-01 2.104416064820394117e-02
6.171161551968417092e-01 2.104461846176203244e-02
6.169105183573891926e-01 2.104525878416561857e-02
6.167049500407089102e-01 2.104567024330494807e-02
6.164994502239675711e-01 2.104600029383658574e-02
6.162940188843394340e-01 2.104656335214151811e-02
6.160886559990064182e-01 2.104673787126849077e-02
6.158833615451579924e-01 2.104722100585249694e-02
6.156781354999911748e-01 2.104785819956012452e-02
6.154729778407109775e-01 2.104853352022325111e-02
6.152678885445294066e-01 2.104870737388039870e-02
6.150628675886664620e-01 2.104962727090314151e-02
6.148579149503496932e-01 2.105025426764792901e-02
6.146530306068139771e-01 2.105056721498405753e-02
6.144482145353021840e-01 2.105087927647068119e-02
6.142434667130645121e-01 2.105147908632299877e-02
6.140387871173585976e-01 2.105178246605358267e-02
6.138341757254500708e-01 2.105220849640719247e-02
6.136296325146118891e-01 2.105306286171777438e-02
6.134251574621244485e-01 2.105354835958493306e-02
6.132207505452760277e-01 2.105414146200479050e-02
6.130164117413621216e-01 2.105432067406170019e-02
6.128121410276862191e-01 2.105540236467958251e-02
6.126079383815590251e-01 2.105559989046494260e-02
6.124038037802987944e-01 2.105615682018220289e-02
6.121997372012316641e-01 2.105680518378479776e-02
6.119957386216910988e-01 2.105740252105332139e-02
6.117918080190181129e-01 2.105828177747661248e-02
6.115879453705611590e-01 2.105892216904096947e-02
6.113841506536765724e-01 2.105935902031825027e-02
6.111804238457280158e-01 2.105948356757965031e-02
6.109767649240865905e-01 2.106028535092798262e-02
6.107731738661311693e-01 2.106157312810864879e-02
6.105696506492480635e-01 2.106182803549441415e-02
6.103661952508311339e-01 2.106188107113431476e-02
6.101628076482815688e-01 2.106231331269282567e-02
6.099594878190085501e-01 2.106395567684721942e-02
6.097562357404283651e-01 2.106524941403037712e-02
6.095530513899649616e-01 2.106516695614174192e-02
6.093499347450499481e-01 2.106598223334591249e-02
6.091468857831222605e-01 2.106689892060246636e-02
6.089439044816282731e-01 2.106651826718949211e-02
6.087409908180222429e-01 2.106744011683212014e-02
6.085381447697656432e-01 2.106942681047382915e-02
6.083353663143274970e-01 2.106897280023907124e-02
6.081326554291843767e-01 2.106952813729958546e-02
6.079300120918204042e-01 2.107038192243997771e-02
6.077274362797270291e-01 2.107235534299615326e-02
6.075249279704035832e-01 2.107272876395646991e-02
6.073224871413563930e-01 2.107247638482714208e-02
6.071201137700996675e-01 2.107441920350422090e-02
6.069178078341550542e-01 2.107549071750430825e-02
6.067155693110511949e-01 2.107486333785423688e-02
6.065133981783250583e-01 2.107664993825423758e-02
6.063112944135204962e-01 2.107795876540007052e-02
6.061092579941890213e-01 2.107732513969559629e-02
6.059072888978896954e-01 2.107894394026840409e-02
6.057053871021890190e-01 2.108288682199773931e-02
6.055035525846607092e-01 2.107892677374721344e-02
6.053017853228864764e-01 2.108165275939828318e-02
6.051000852944548036e-01 2.108224568636926644e-02
6.048984524769623894e-01 2.108320562964030240e-02
6.046968868480130377e-01 2.108486601453602241e-02
6.044953883852178800e-01 2.108899869329493651e-02
6.042939570661958193e-01 2.108609632402698442e-02
6.040925928685729751e-01 2.108890733389412464e-02
6.038912957699830164e-01 2.108641149749372612e-02
6.036900657480668286e-01 2.108974429216574700e-02
6.034889027804734019e-01 2.108963549422570791e-02
6.032878068448583875e-01 2.109423666907490197e-02
6.030867779188854305e-01 2.109180794018679708e-02
6.028858159802251704e-01 2.109589843781416868e-02
6.026849210065563511e-01 2.109478819482504125e-02
6.024840929755643781e-01 2.109639046590766967e-02
6.022833318649428724e-01 2.109750571637813640e-02
6.020826376523918944e-01 2.109983965324539745e-02
6.018820103156199419e-01 2.109702385126151908e-02
6.016814498323425076e-01 2.110807258826234711e-02
6.014809561802823001e-01 2.110218990399410910e-02
6.012805293371699111e-01 2.110318898745562263e-02
6.010801692807430374e-01 2.110569984914938482e-02
6.008798759887465923e-01 2.110654086584359476e-02
6.006796494389337049e-01 2.110798742384154339e-02
6.004794896090638323e-01 2.111020287504105850e-02
6.002793964769050916e-01 2.110971194678975052e-02
6.000793700202314840e-01 2.111436260021595790e-02
5.998794102168258924e-01 2.111430943386855691e-02
5.996795170444776391e-01 2.111729836025494703e-02
5.994796904809839289e-01 2.111641486827161782e-02
5.992799305041491831e-01 2.112067306855146265e-02
5.990802370917852615e-01 2.112361032836533939e-02
5.988806102217113514e-01 2.112071659920352132e-02
5.986810498717540785e-01 2.112298401257399830e-02
5.984815560197473960e-01 2.112317039664586907e-02
5.982821286435328068e-01 2.112720610699474200e-02
5.980827677209591409e-01 2.112648523405631987e-02
5.978834732298824450e-01 2.113508997519422325e-02
5.976842451481663154e-01 2.113267806497445833e-02
5.974850834536818978e-01 2.113429014672359857e-02
5.972859881243069990e-01 2.113520203568749686e-02
5.970869591379276420e-01 2.114271632033433435e-02
5.968879964724367326e-01 2.114191586466659251e-02
5.966891001057348376e-01 2.114353874501106317e-02
5.964902700157296289e-01 2.114724418047572718e-02
5.962915061803359951e-01 2.114565582164253110e-02
5.960928085774769292e-01 2.115199795698608637e-02
5.958941771850817526e-01 2.115471888260829492e-02
5.956956119810880024e-01 2.115417770845559250e-02
5.954971129434402100e-01 2.115757183736074326e-02
5.952986800500902342e-01 2.116262553480468059e-02
5.951003132789970396e-01 2.116828907781758556e-02
5.949020126081275839e-01 2.117416504965031684e-02
5.947037780154557085e-01 2.117837695317682095e-02
5.945056094789628043e-01 2.118096676379910628e-02
5.943075069766371454e-01 2.118349068879287270e-02
5.941094704864751108e-01 2.118328235798574641e-02
5.939114999864794076e-01 2.118855457351324564e-02
5.937135954546611805e-01 2.119367970711968224e-02
5.935157568690382357e-01 2.119952779822271982e-02
5.933179842076354849e-01 2.120624831720419393e-02
5.931202774484860551e-01 2.121401587003512307e-02
5.929226365696294021e-01 2.122268893920977589e-02
5.927250615491130858e-01 2.123311538893381256e-02
5.925275523649913278e-01 2.124623148357145802e-02
5.923301089953262322e-01 2.125637739664610129e-02
5.921327314181867862e-01 2.127412086523703533e-02
5.919354196116495270e-01 2.129578408946711937e-02
5.917381735537982079e-01 2.131899704243902030e-02
5.915409932227239098e-01 2.134737558523229148e-02
5.913438785965250410e-01 2.138411051708191679e-02
5.911468296533072264e-01 2.142994208483139582e-02
5.909498463711833072e-01 2.147816860794004440e-02
5.907529287282740071e-01 2.154474028547978537e-02
5.905560767027063784e-01 2.163232041838481987e-02
5.903592902726154668e-01 2.173292769268388158e-02
5.901625694161434232e-01 2.190428183858871350e-02
5.899659141114395045e-01 2.226206761227012693e-02
5.897693243366606275e-01 2.283491125520363194e-02
5.895728000699705929e-01 2.238187616904170271e-02
5.893763412895407505e-01 2.246873285654303609e-02
5.891799479735494449e-01 2.294024833809403530e-02
5.889836201001826810e-01 2.255823708986643208e-02
5.887873576476334581e-01 2.212611624719142134e-02
5.885911605941021030e-01 2.187487612696224770e-02
5.883950289177960480e-01 2.174433625049692134e-02
5.881989625969303859e-01 2.162922124849896155e-02
5.880029616097270928e-01 2.153315587300164841e-02
5.878070259344155835e-01 2.146233343961044537e-02
5.876111555492323779e-01 2.140986325579392197e-02
5.874153504324216568e-01 2.136675309845760540e-02
5.872196105622341511e-01 2.133511919671549073e-02
5.870239359169285853e-01 2.130804111211582683e-02
5.868283264747701233e-01 2.128815152565750532e-02
5.866327822140321446e-01 2.127129608755580839e-02
5.864373031129944680e-01 2.125671818927531501e-02
5.862418891499444618e-01 2.124541225323543087e-02
5.860465403031767107e-01 2.123604873668796106e-02
5.858512565509929049e-01 2.122621409998707090e-02
5.856560378717023951e-01 2.121772647394813346e-02
5.854608842436210825e-01 2.121091260515354029e-02
5.852657956450727506e-01 2.120420328518398193e-02
5.850707720543878443e-01 2.119828600230285950e-02
5.848758134499045802e-01 2.119344318532450158e-02
5.846809198099679472e-01 2.118991092724438821e-02
5.844860911129302616e-01 2.118661354198971697e-02
5.842913273371509453e-01 2.118365214928319765e-02
5.840966284609974135e-01 2.118230594925709850e-02
5.839019944628429659e-01 2.117848801421040247e-02
5.837074253210693398e-01 2.117582756403067756e-02
5.835129210140646006e-01 2.117284383570088024e-02
5.833184815202244744e-01 2.117072741076438114e-02
5.831241068179517928e-01 2.116872199933881801e-02
5.829297968856566037e-01 2.116740491353925196e-02
5.827355517017559494e-01 2.116500532489811598e-02
5.825413712446743109e-01 2.116238998074473909e-02
5.823472554928433853e-01 2.116025214642460947e-02
5.821532044247017534e-01 2.115803034321969700e-02
5.819592180186954344e-01 2.115605515296753794e-02
5.817652962532777750e-01 2.115667308645343553e-02
5.815714391069086719e-01 2.115273952306332902e-02
5.813776465580559050e-01 2.115162034288606274e-02
5.811839185851941370e-01 2.115011781475584218e-02
5.809902551668052473e-01 2.114732945091496452e-02
5.807966562813781097e-01 2.114662391047574322e-02
5.806031219074089256e-01 2.114798059479768358e-02
5.804096520234010015e-01 2.114382873679696712e-02
5.802162466078649716e-01 2.114148598533401383e-02
5.800229056393185756e-01 2.114127565695225058e-02
5.798296290962864363e-01 2.113822858456219922e-02
5.796364169573005043e-01 2.113848587192753217e-02
5.794432692009001684e-01 2.113931165275702295e-02
5.792501858056317010e-01 2.113471687263268964e-02
5.790571667500482578e-01 2.113297746038109159e-02
5.788642120127106550e-01 2.113362795530427177e-02
5.786713215721865922e-01 2.113095929716576199e-02
5.784784954070508745e-01 2.113216159326753926e-02
5.782857334958855233e-01 2.113094449009772502e-02
5.780930358172796657e-01 2.112994715898567494e-02
5.779004023498297560e-01 2.112676833148817435e-02
5.777078330721390209e-01 2.112665927066411861e-02
5.775153279628180147e-01 2.112692643319455735e-02
5.773228870004845081e-01 2.112688457081600760e-02
5.771305101637631552e-01 2.112423646501011831e-02
5.769381974312860484e-01 2.112326341024087228e-02
5.767459487816921637e-01 2.112079161200595967e-02
5.765537641936275826e-01 2.112249181228252615e-02
5.763616436457456027e-01 2.112153421776742646e-02
5.761695871167065164e-01 2.111912314520725600e-02
5.759775945851781653e-01 2.111918336647452404e-02
5.757856660298349416e-01 2.111712317426722371e-02
5.755938014293583427e-01 2.111906425271007151e-02
5.754020007624376376e-01 2.111837285556505614e-02
5.752102640077683127e-01 2.111518325390918452e-02
5.750185911440535147e-01 2.111525144667277670e-02
5.748269821500036070e-01 2.111712311958038532e-02
5.746354370043353921e-01 2.111601820668661950e-02
5.744439556857733331e-01 2.111354505174654200e-02
5.742525381730489986e-01 2.111169358211610614e-02
5.740611844449006185e-01 2.111218802697092251e-02
5.738698944800740831e-01 2.111232944109512483e-02
5.736786682573215002e-01 2.111187762715922844e-02
5.734875057554029709e-01 2.110993221715939255e-02
5.732964069530852580e-01 2.110820368952051607e-02
5.731053718291420074e-01 2.111248180187758061e-02
5.729144003623546366e-01 2.110993963581923524e-02
5.727234925315106695e-01 2.110640938299461131e-02
5.725326483154055124e-01 2.110709177731619896e-02
5.723418676928412330e-01 2.110669795403698201e-02
5.721511506426271154e-01 2.110776051156654579e-02
5.719604971435791052e-01 2.110658938039574814e-02
5.717699071745209194e-01 2.110433372093116836e-02
5.715793807142829364e-01 2.110402205873378179e-02
5.713889177417021958e-01 2.110429754433456803e-02
5.711985182356236201e-01 2.110285469252981896e-02
5.710081821748985709e-01 2.110242740097351827e-02
5.708179095383857371e-01 2.110201817316155470e-02
5.706277003049506913e-01 2.110173961261464434e-02
5.704375544534662223e-01 2.110141464478920356e-02
5.702474719628118915e-01 2.110180968226211054e-02
5.700574528118746986e-01 2.110481147377892691e-02
5.698674969795480827e-01 2.110127240984894376e-02
5.696776044447330323e-01 2.110073663795165519e-02
5.694877751863376414e-01 2.110434264476571814e-02
5.692980091832764433e-01 2.110065413905592643e-02
5.691083064144715209e-01 2.110541612271474299e-02
5.689186668588520623e-01 2.110369427348699617e-02
5.687290904953534731e-01 2.110255148789321605e-02
5.685395773029191524e-01 2.110726596157616250e-02
5.683501272604989385e-01 2.110689399115329642e-02
5.681607403470498863e-01 2.111347230566133770e-02
5.679714165415359339e-01 2.109822739798173155e-02
5.677821558229283472e-01 2.109804579661556795e-02
5.675929581702048310e-01 2.109961506396932154e-02
5.674038235623506399e-01 2.109591006803157240e-02
5.672147519783579117e-01 2.109543113903869158e-02
5.670257433972255567e-01 2.109511280877307202e-02
5.668367977979593686e-01 2.109584325460966622e-02
5.666479151595728014e-01 2.109379469133110946e-02
5.664590954610857487e-01 2.109425009371761195e-02
5.662703386815253204e-01 2.109325737708727180e-02
5.660816447999251766e-01 2.109285152030680732e-02
5.658930137953266382e-01 2.109261838676788903e-02
5.657044456467776872e-01 2.109249394599506736e-02
5.655159403333333001e-01 2.109190593787514320e-02
5.653274978340553369e-01 2.109149490678961791e-02
5.651391181280125409e-01 2.109146520575982606e-02
5.649508011942810937e-01 2.109105702015258085e-02
5.647625470119436164e-01 2.109073205733248690e-02
5.645743555600902797e-01 2.109052260414432528e-02
5.643862268178176933e-01 2.109040130048088491e-02
5.641981607642295726e-01 2.109026239681430215e-02
5.640101573784367384e-01 2.109000400046918272e-02
5.638222166395567836e-01 2.108959206475842160e-02
5.636343385267145178e-01 2.108947926302496070e-02
5.634465230190415230e-01 2.108920767230771862e-02
5.632587700956762644e-01 2.108903729853956605e-02
5.630710797357643127e-01 2.108887249385585361e-02
5.628834519184580110e-01 2.108857280520488875e-02
5.626958866229171408e-01 2.108841040652756696e-02
5.625083838283075899e-01 2.108840134536205460e-02
5.623209435138029066e-01 2.108821282779138259e-02
5.621335656585834117e-01 2.108788499708625155e-02
5.619462502418360872e-01 2.108763204772372279e-02
5.617589972427550205e-01 2.108737074072048953e-02
5.615718066405416264e-01 2.108722764002387076e-02
5.613846784144034263e-01 2.108699694843158348e-02
5.611976125435554907e-01 2.108700492895166853e-02
5.610106090072197738e-01 2.108653499144098192e-02
5.608236677846248908e-01 2.108653245764530518e-02
5.606367888550064515e-01 2.108629904350260709e-02
5.604499721976070603e-01 2.108615760518405685e-02
5.602632177916765377e-01 2.108598296340878989e-02
5.600765256164711436e-01 2.108587344910990008e-02
5.598898956512540215e-01 2.108565267193255807e-02
5.597033278752955310e-01 2.108544305416492834e-02
5.595168222678729153e-01 2.108525215377507478e-02
5.593303788082700789e-01 2.108520447687570187e-02
5.591439974757781428e-01 2.108493498995674467e-02
5.589576782496948892e-01 2.108487297994295073e-02
5.587714211093249839e-01 2.108454483843309052e-02
5.585852260339801978e-01 2.108461083707893063e-02
5.583990930029794075e-01 2.108441432108424524e-02
5.582130219956473738e-01 2.108423784951452343e-02
5.580270129913168509e-01 2.108413409025227878e-02
5.578410659693270324e-01 2.108406251963126921e-02
5.576551809090239953e-01 2.108378909172990354e-02
5.574693577897607000e-01 2.108391452792217347e-02
5.572835965908971012e-01 2.108379566812966163e-02
5.570978972917997041e-01 2.108383880245278535e-02
5.569122598718423411e-01 2.108333766500544715e-02
5.567266843104056173e-01 2.108317559215688169e-02
5.565411705868765768e-01 2.108320130951073235e-02
5.563557186806497024e-01 2.108302960157020650e-02
5.561703285711259159e-01 2.108271647191935216e-02
5.559850002377132450e-01 2.108266336141087494e-02
5.557997336598267113e-01 2.108255602371883822e-02
5.556145288168876650e-01 2.108280136494472892e-02
5.554293856883248948e-01 2.108234230477475449e-02
5.552443042535735174e-01 2.108226800471804316e-02
5.550592844920761992e-01 2.108226755984655976e-02
5.548743263832818240e-01 2.108215737412938787e-02
5.546894299066461587e-01 2.108242526376215287e-02
5.545045950416321867e-01 2.108209541520272845e-02
5.543198217677097750e-01 2.108159307233919630e-02
5.541351100643547856e-01 2.108173976306565792e-02
5.539504599110510741e-01 2.108166848429474452e-02
5.537658712872886024e-01 2.108165549852189513e-02
5.535813441725645490e-01 2.108208195323601694e-02
5.533968785463823092e-01 2.108137648632463571e-02
5.532124743882528284e-01 2.108121849785286189e-02
5.530281316776936018e-01 2.108138900793843015e-02
5.528438503942287863e-01 2.108069574019903053e-02
5.526596305173896440e-01 2.108162833017123913e-02
5.524754720267139874e-01 2.108151513731117491e-02
5.522913749017467344e-01 2.108054749474182199e-02
5.521073391220392423e-01 2.108065383470371368e-02
5.519233646671501958e-01 2.108028416023369558e-02
5.517394515166447189e-01 2.108083190761544934e-02
5.515555996500945968e-01 2.108104117099338787e-02
5.513718090470788313e-01 2.108065315003557899e-02
5.511880796871830857e-01 2.108029227921740661e-02
5.510044115499997952e-01 2.108027110073218413e-02
5.508208046151280568e-01 2.108021368627579703e-02
5.506372588621739617e-01 2.108009822322567950e-02
5.504537742707503734e-01 2.108065667271345062e-02
5.502703508204768168e-01 2.108035442761393985e-02
5.500869884909798113e-01 2.107998703047602243e-02
5.499036872618923155e-01 2.107967615176827361e-02
5.497204471128547265e-01 2.108009651384490021e-02
5.495372680235136587e-01 2.108033421886188960e-02
5.493541499735223876e-01 2.107974602987169876e-02
5.491710929425415166e-01 2.107949805654521155e-02
5.489880969102380881e-01 2.107942246996051538e-02
5.488051618562858058e-01 2.108008203560957430e-02
5.486222877603657011e-01 2.107924290957273461e-02
5.484394746021649114e-01 2.107931914750160035e-02
5.482567223613777907e-01 2.107888382250138609e-02
5.480740310177051322e-01 2.107921662342137487e-02
5.478914005508548346e-01 2.108075600992864382e-02
5.477088309405413469e-01 2.107845148524034942e-02
5.475263221664858904e-01 2.107930313310441006e-02
5.473438742084162367e-01 2.107837048354935586e-02
5.471614870460674851e-01 2.107929285243225620e-02
5.469791606591810629e-01 2.107884150347140093e-02
5.467968950275052809e-01 2.107893072643870699e-02
5.466146901307948891e-01 2.108020801659926668e-02
5.464325459488118542e-01 2.107969406777327956e-02
5.462504624613246929e-01 2.107826796192377450e-02
5.460684396481088054e-01 2.107923463459023330e-02
5.458864774889458094e-01 2.107915332539109579e-02
5.457045759636245386e-01 2.107798162313895621e-02
5.455227350519403773e-01 2.107737006571322805e-02
5.453409547336958152e-01 2.107775279578663272e-02
5.451592349886995592e-01 2.107766654611685497e-02
5.449775757967673107e-01 2.107803563671339225e-02
5.447959771377213212e-01 2.107815449672363964e-02
5.446144389913908368e-01 2.107746559508975881e-02
5.444329613376115429e-01 2.107910636901490914e-02
5.442515441562261191e-01 2.107790871553744116e-02
5.440701874270837957e-01 2.107754409411210714e-02
5.438888911300404638e-01 2.107837828021873194e-02
5.437076552449586764e-01 2.107883731501751512e-02
5.435264797517080915e-01 2.107796044081887421e-02
5.433453646301646955e-01 2.107727508346154965e-02
5.431643098602113584e-01 2.107767989500842348e-02
5.429833154217372782e-01 2.107789360825465183e-02
5.428023812946390914e-01 2.107720148254812673e-02
5.426215074588193188e-01 2.107759447115538018e-02
5.424406938941879197e-01 2.107777210976544136e-02
5.422599405806609596e-01 2.107740936398285955e-02
5.420792474981616094e-01 2.107753928156819168e-02
5.418986146266193682e-01 2.107712165112934910e-02
5.417180419459707297e-01 2.107739701515016356e-02
5.415375294361586267e-01 2.107812018380406105e-02
5.413570770771327645e-01 2.107780787447988829e-02
5.411766848488498427e-01 2.107697292238413372e-02
5.409963527312727782e-01 2.107801895696467462e-02
5.408160807043712603e-01 2.107827266697715266e-02
5.406358687481218617e-01 2.107670647003081696e-02
5.404557168425075941e-01 2.107829965906467609e-02
5.402756249675183531e-01 2.107815079659032184e-02
5.400955931031506951e-01 2.107691270547106671e-02
5.399156212294075052e-01 2.107645761019661182e-02
5.397357093262987737e-01 2.107660554369105918e-02
5.395558573738408192e-01 2.107627511198792783e-02
5.393760653520566217e-01 2.107631774367127106e-02
5.391963332409762666e-01 2.107591272756094425e-02
5.390166610206360565e-01 2.107590820552221467e-02
5.388370486710789553e-01 2.107575628103830132e-02
5.386574961723549215e-01 2.107553786534983875e-02
5.384780035045200197e-01 2.107543841381764871e-02
5.382985706476374199e-01 2.107535880154722333e-02
5.381191975817767315e-01 2.107514214554622942e-02
5.379398842870143360e-01 2.107534707949871439e-02
5.377606307434331656e-01 2.107543281684158207e-02
5.375814369311227026e-01 2.107516366728562698e-02
5.374023028301793126e-01 2.107507133057091864e-02
5.372232284207056896e-01 2.107517098458903948e-02
5.370442136828114110e-01 2.107507699234045101e-02
5.368652585966124935e-01 2.107501730654723002e-02
5.366863631422317260e-01 2.107502323326551283e-02
5.365075272997985589e-01 2.107490676956988440e-02
5.363287510494485488e-01 2.107502251264008197e-02
5.361500343713246908e-01 2.107475082407366668e-02
5.359713772455761971e-01 2.107475450071139705e-02
5.357927796523586084e-01 2.107473611370611760e-02
5.356142415718347927e-01 2.107468747808181192e-02
5.354357629841733912e-01 2.107468587523798897e-02
5.352573438695501507e-01 2.107469247439239940e-02
5.350789842081473680e-01 2.107457471060707188e-02
5.349006839801540014e-01 2.107450780606167154e-02
5.347224431657653376e-01 2.107462298447109958e-02
5.345442617451835465e-01 2.107445839313077177e-02
5.343661396986173484e-01 2.107439938830869136e-02
5.341880770062819028e-01 2.107439004952950043e-02
5.340100736483990307e-01 2.107435694038441859e-02
5.338321296051971032e-01 2.107433393285005827e-02
5.336542448569115971e-01 2.107434970455923304e-02
5.334764193837836510e-01 2.107438986663558861e-02
5.332986531660616203e-01 2.107429579967559641e-02
5.331209461840001884e-01 2.107425225783889078e-02
5.329432984178608113e-01 2.107421771460951318e-02
5.327657098479114950e-01 2.107424816920357158e-02
5.325881804544266851e-01 2.107441482927844417e-02
5.324107102176873774e-01 2.107422297859197491e-02
5.322332991179814510e-01 2.107408880819116453e-02
5.320559471356027803e-01 2.107426052848101680e-02
5.318786542508524562e-01 2.107404992868336380e-02
5.317014204440377867e-01 2.107410884893185996e-02
5.315242456954726302e-01 2.107395242024620932e-02
5.313471299854773955e-01 2.107407120040353382e-02
5.311700732943792636e-01 2.107405419535939364e-02
5.309930756025117438e-01 2.107388336265183029e-02
5.308161368902148958e-01 2.107407153189219326e-02
5.306392571378356626e-01 2.107416568143630209e-02
5.304624363257269826e-01 2.107413196477603626e-02
5.302856744342487882e-01 2.107378930709953579e-02
5.301089714437675626e-01 2.107375039350680573e-02
5.299323273346560059e-01 2.107399325123917450e-02
5.297557420872935907e-01 2.107371512880251360e-02
5.295792156820661178e-01 2.107375039680954576e-02
5.294027480993662715e-01 2.107361762605394068e-02
5.292263393195930643e-01 2.107382461968927007e-02
5.290499893231519479e-01 2.107347553107307564e-02
5.288736980904552576e-01 2.107369659790743477e-02
5.286974656019212127e-01 2.107356706593791276e-02
5.285212918379751379e-01 2.107357091558839657e-02
5.283451767790486864e-01 2.107344824989445392e-02
5.281691204055801725e-01 2.107350618107363058e-02
5.279931226980141279e-01 2.107340679784840132e-02
5.278171836368017455e-01 2.107365182567182832e-02
5.276413032024009908e-01 2.107348596802579785e-02
5.274654813752759352e-01 2.107360208756190595e-02
5.272897181358972007e-01 2.107378826104450847e-02
5.271140134647422926e-01 2.107366656643146902e-02
5.269383673422948222e-01 2.107327868221327630e-02
5.267627797490449515e-01 2.107346881684044049e-02
5.265872506654898366e-01 2.107323867170952589e-02
5.264117800721325180e-01 2.107322033536166220e-02
5.262363679494826973e-01 2.107312679268256300e-02
5.260610142780565157e-01 2.107322884991100903e-02
5.258857190383769975e-01 2.107307982573545027e-02
5.257104822109732734e-01 2.107311948936285706e-02
5.255353037763812463e-01 2.107320627842962368e-02
5.253601837151428144e-01 2.107315715269745399e-02
5.251851220078068705e-01 2.107327509755632655e-02
5.250101186349284133e-01 2.107309715969407637e-02
5.248351735770694360e-01 2.107318838478512354e-02
5.246602868147977050e-01 2.107321203930276679e-02
5.244854583286880922e-01 2.107326027702529150e-02
5.243106880993216867e-01 2.107314399932763010e-02
5.241359761072859058e-01 2.107380047500767573e-02
5.239613223331748282e-01 2.107341023630943458e-02
5.237867267575888608e-01 2.107339459508955279e-02
5.236121893611351830e-01 2.107369261648355668e-02
5.234377101244269692e-01 2.107311490873065365e-02
5.232632890280842775e-01 2.107357835954894176e-02
5.230889260527332718e-01 2.107302692282895032e-02
5.229146211790069998e-01 2.107284485309563957e-02
5.227403743875443931e-01 2.107299704881343549e-02
5.225661856589913778e-01 2.107289938057029313e-02
5.223920549739999863e-01 2.107300378195200302e-02
5.222179823132289123e-01 2.107277001281343196e-02
5.220439676573430665e-01 2.107285383952356428e-02
5.218700109870140214e-01 2.107278823156426284e-02
5.216961122829196773e-01 2.107280809628482923e-02
5.215222715257443742e-01 2.107271514445476987e-02
5.213484886961788911e-01 2.107277407971376929e-02
5.211747637749206685e-01 2.107269214015033629e-02
5.210010967426730311e-01 2.107273405114575698e-02
5.208274875801462978e-01 2.107270170142933052e-02
5.206539362680568939e-01 2.107268249347098860e-02
5.204804427871277950e-01 2.107270081102703002e-02
5.203070071180884160e-01 2.107272280302160961e-02
5.201336292416745000e-01 2.107265917681720030e-02
5.199603091386282294e-01 2.107263922605290968e-02
5.197870467896982261e-01 2.107262094580692607e-02
5.196138421756397729e-01 2.107261703760219748e-02
5.194406952772139263e-01 2.107276732843684636e-02
5.192676060751888478e-01 2.107271590052297791e-02
5.190945745503386943e-01 2.107263888246774935e-02
5.189216006834441730e-01 2.107266382939643884e-02
5.187486844552924303e-01 2.107269402026835589e-02
5.185758258466768300e-01 2.107262567211933349e-02
5.184030248383973971e-01 2.107269852154453754e-02
5.182302814112602629e-01 2.107270453458289297e-02
5.180575955460781090e-01 2.107276106651778322e-02
5.178849672236701673e-01 2.107267663710600189e-02
5.177123964248618870e-01 2.107284031740592686e-02
5.175398831304849345e-01 2.107278433929505798e-02
5.173674273213778596e-01 2.107274300988209309e-02
5.171950289783850963e-01 2.107279996734826022e-02
5.170226880823575177e-01 2.107302381127347524e-02
5.168504046141527697e-01 2.107287525445415352e-02
5.166781785546344929e-01 2.107280777028287810e-02
5.165060098846729897e-01 2.107286897074524268e-02
5.163338985851444463e-01 2.107292238294978734e-02
5.161618446369322655e-01 2.107294555457127003e-02
5.159898480209251792e-01 2.107290350622946853e-02
5.158179087180191358e-01 2.107295951736076409e-02
5.156460267091160787e-01 2.107307384819324947e-02
5.154742019751243909e-01 2.107307684576300785e-02
5.153024344969586723e-01 2.107315189572821559e-02
5.151307242555401844e-01 2.107296239571037830e-02
5.149590712317961838e-01 2.107319221463895692e-02
5.147874754066604774e-01 2.107307335972822757e-02
5.146159367610734225e-01 2.107349375108027306e-02
5.144444552759813716e-01 2.107305561986522885e-02
5.142730309323373383e-01 2.107332066839441576e-02
5.141016637111002208e-01 2.107310342227173422e-02
5.139303535932358002e-01 2.107351933081108575e-02
5.137591005597158533e-01 2.107325802253968636e-02
5.135879045915187069e-01 2.107343625109884752e-02
5.134167656696287940e-01 2.107344318926103466e-02
5.132456837750370982e-01 2.107344231629356204e-02
5.130746588887408199e-01 2.107328385192784592e-02
5.129036909917433773e-01 2.107384858747837764e-02
5.127327800650550715e-01 2.107358679984091057e-02
5.125619260896917551e-01 2.107329916272598566e-02
5.123911290466762747e-01 2.107359472904468331e-02
5.122203889170372504e-01 2.107373089079958919e-02
5.120497056818098525e-01 2.107347848104745153e-02
5.118790793220358015e-01 2.107382439119352344e-02
5.117085098187629244e-01 2.107414253679033844e-02
5.115379971530451542e-01 2.107314935961949673e-02
5.113675413059430852e-01 2.107419728326697522e-02
5.111971422585236402e-01 2.107355506551621127e-02
5.110267999918596260e-01 2.107395038462540199e-02
5.108565144870306218e-01 2.107400749302904691e-02
5.106862857251220911e-01 2.107359256393562946e-02
5.105161136872263805e-01 2.107368074026222046e-02
5.103459983544414991e-01 2.107422143899844585e-02
5.101759397078722280e-01 2.107365349013741451e-02
5.100059377286293438e-01 2.107403278663229698e-02
5.098359923978299513e-01 2.107416009580913296e-02
5.096661036965978164e-01 2.107405893519611814e-02
5.094962716060622565e-01 2.107391216357097641e-02
5.093264961073599162e-01 2.107504255760943995e-02
5.091567771816326582e-01 2.107346062184854013e-02
5.089871148100293397e-01 2.107366609668591059e-02
5.088175089737045909e-01 2.107438911725001765e-02
5.086479596538200365e-01 2.107415034025193062e-02
5.084784668315428524e-01 2.107428639502457318e-02
5.083090304880467647e-01 2.107452322709525358e-02
5.081396506045118278e-01 2.107412885078145670e-02
5.079703271621244243e-01 2.107440868805208339e-02
5.078010601420770431e-01 2.107460126468930009e-02
5.076318495255685015e-01 2.107425805350733941e-02
5.074626952938039448e-01 2.107443414590910724e-02
5.072935974279945137e-01 2.107479804844504187e-02
5.071245559093580102e-01 2.107406924417357455e-02
5.069555707191183425e-01 2.107456659169812743e-02
5.067866418385054139e-01 2.107542458963322651e-02
5.066177692487559003e-01 2.107399004004719897e-02
5.064489529311120286e-01 2.107373883290587085e-02
5.062801928668231310e-01 2.107418501144295991e-02
5.061114890371440911e-01 2.107429560520059433e-02
5.059428414233362314e-01 2.107476686739552518e-02
5.057742500066673141e-01 2.107445553822933151e-02
5.056057147684112074e-01 2.107407053973190877e-02
5.054372356898477747e-01 2.107387968830936459e-02
5.052688127522637629e-01 2.107389031162913012e-02
5.051004459369513588e-01 2.107363822856704247e-02
5.049321352252095219e-01 2.107379687665576762e-02
5.047638805983434285e-01 2.107381396700971909e-02
5.045956820376641394e-01 2.107365448115323947e-02
5.044275395244892657e-01 2.107425818154885083e-02
5.042594530401425246e-01 2.107408517765510178e-02
5.040914225659538506e-01 2.107407049233510701e-02
5.039234480832593954e-01 2.107448589468115599e-02
5.037555295734016392e-01 2.107411740615067197e-02
5.035876670177289460e-01 2.107482046454265193e-02
5.034198603975963415e-01 2.107435941449416553e-02
5.032521096943648464e-01 2.107290825114851648e-02
5.030844148894016987e-01 2.107423795938238170e-02
5.029167759640803537e-01 2.107388208706925323e-02
5.027491928997803727e-01 2.107307118267188334e-02
5.025816656778877567e-01 2.107314014107689037e-02
5.024141942797943905e-01 2.107367623337000687e-02
5.022467786868988204e-01 2.107239007301265482e-02
5.020794188806052549e-01 2.107185609380629598e-02
5.019121148423243417e-01 2.107126809176212978e-02
5.017448665534731678e-01 2.107089034924435403e-02
5.015776739954747043e-01 2.107054519813428978e-02
5.014105371497580288e-01 2.107006726842911015e-02
5.012434559977587689e-01 2.107003862390585333e-02
5.010764305209184366e-01 2.106954658736530719e-02
5.009094607006847610e-01 2.106926831869435079e-02
5.007425465185119107e-01 2.106907050804626355e-02
5.005756879558600492e-01 2.106890380225437051e-02
5.004088849941952244e-01 2.106863259867625127e-02
5.002421376149901455e-01 2.106820869174386504e-02
