9.089826947564526582e-01 2.095520536160463271e-02
9.086798014892895070e-01 2.096567989123079845e-02
9.083770091529053126e-01 2.096481734761796237e-02
9.080743177136673117e-01 2.096133358105116418e-02
9.077717271379546204e-01 2.097168846087565930e-02
9.074692373921571242e-01 2.095011027791900127e-02
9.071668484426761436e-01 2.097515612132472979e-02
9.068645602559242125e-01 2.092486546101716624e-02
9.065623727983247448e-01 2.098043002416412339e-02
9.062602860363124790e-01 2.095157724270953203e-02
9.059582999363336997e-01 2.094051865641513577e-02
9.056564144648452386e-01 2.096818603077995127e-02
9.053546295883158068e-01 2.094462044273264975e-02
9.050529452732245517e-01 2.094788960330840749e-02
9.047513614860624998e-01 2.093463511111693515e-02
9.044498781933312248e-01 2.097047123907090291e-02
9.041484953615441800e-01 2.095128707477481381e-02
9.038472129572250324e-01 2.092739320787434520e-02
9.035460309469092177e-01 2.092973972842291502e-02
9.032449492971436067e-01 2.098925138462678225e-02
9.029439679744852842e-01 2.094267240684585460e-02
9.026430869455034367e-01 2.099796485493711853e-02
9.023423061767776865e-01 2.091882248904771563e-02
9.020416256348993134e-01 2.102380302995815464e-02
9.017410452864704773e-01 2.097553194763093765e-02
9.014405650981044404e-01 2.097136111460736960e-02
9.011401850364256783e-01 2.100722042685479463e-02
9.008399050680695463e-01 2.100169389997620303e-02
9.005397251596829467e-01 2.096507183833842131e-02
9.002396452779235503e-01 2.107022653393694073e-02
8.999396653894603526e-01 2.092283937006176112e-02
8.996397854609731182e-01 2.094957676422815745e-02
8.993400054591534909e-01 2.107917036469066432e-02
8.990403253507032177e-01 2.110957779498344455e-02
8.987407451023357030e-01 2.097136511131130268e-02
8.984412646807754532e-01 2.101114108622173862e-02
8.981418840527576331e-01 2.094058648634866682e-02
8.978426031850293976e-01 2.095325577891267790e-02
8.975434220443477829e-01 2.107028064671491452e-02
8.972443405974819264e-01 2.104187993214352501e-02
8.969453588112115128e-01 2.096103820231858331e-02
8.966464766523272178e-01 2.103623382335023315e-02
8.963476940876312637e-01 2.098429933038116132e-02
8.960490110839365308e-01 2.097667374444093374e-02
8.957504276080671124e-01 2.103495899712174225e-02
8.954519436268580934e-01 2.100979427473840741e-02
8.951535591071557718e-01 2.095326779205554379e-02
8.948552740158169927e-01 2.100146591959647577e-02
8.945570883197104806e-01 2.097197964024620498e-02
8.942590019857152850e-01 2.103043559262866499e-02
8.939610149807215578e-01 2.094034534214402749e-02
8.936631272716307750e-01 2.101301962262599327e-02
8.933653388253557370e-01 2.100988236246290053e-02
8.930676496088194583e-01 2.102453545584865788e-02
8.927700595889563884e-01 2.100936640482740231e-02
8.924725687327120793e-01 2.102710250249309465e-02
8.921751770070429632e-01 2.103203056731805382e-02
8.918778843789167965e-01 2.103588803781069119e-02
8.915806908153114385e-01 2.098893686796083832e-02
8.912835962832170722e-01 2.099098903338484506e-02
8.909866007496337614e-01 2.097191223214206132e-02
8.906897041815731164e-01 2.093115506025235162e-02
8.903929065460577386e-01 2.092296717403842321e-02
8.900962078101209984e-01 2.090936605095889550e-02
8.897996079408073689e-01 2.093303654275783729e-02
8.895031069051723138e-01 2.088856074088367432e-02
8.892067046702820665e-01 2.088557676444172465e-02
8.889104012032142954e-01 2.092670925937729215e-02
8.886141964710571051e-01 2.091432558042988221e-02
8.883180904409100354e-01 2.091352413458585913e-02
8.880220830798833953e-01 2.088848442279732723e-02
8.877261743550982631e-01 2.089238829302868944e-02
8.874303642336870412e-01 2.088906676851108243e-02
8.871346526827927903e-01 2.089941215107848221e-02
8.868390396695696731e-01 2.089640142005116941e-02
8.865435251611823997e-01 2.089210433580309528e-02
8.862481091248074483e-01 2.089290435135100418e-02
8.859527915276315113e-01 2.089541094345759645e-02
8.856575723368524944e-01 2.088133842200224494e-02
8.853624515196791833e-01 2.089065718079910483e-02
8.850674290433312441e-01 2.088334597502694220e-02
8.847725048750396670e-01 2.089196712902772687e-02
8.844776789820454344e-01 2.087824539846592706e-02
8.841829513316015188e-01 2.088420009924570053e-02
8.838883218909712181e-01 2.089018034886324163e-02
8.835937906274285991e-01 2.088656104171115677e-02
8.832993575082592752e-01 2.089667047020722646e-02
8.830050225007588516e-01 2.089067343409314881e-02
8.827107855722347018e-01 2.088570301244231306e-02
8.824166466900046357e-01 2.089317395650929984e-02
8.821226058213974541e-01 2.090335541877279268e-02
8.818286629337528382e-01 2.088092485692806533e-02
8.815348179944212381e-01 2.089894242757417767e-02
8.812410709707643175e-01 2.088728826190002635e-02
8.809474218301542869e-01 2.089097668392396814e-02
8.806538705399741263e-01 2.089244395895425294e-02
8.803604170676182505e-01 2.089397413330327039e-02
8.800670613804912890e-01 2.088829773170144261e-02
8.797738034460093060e-01 2.088431053482975655e-02
8.794806432315986910e-01 2.089398982773976385e-02
8.791875807046970470e-01 2.088758053916989210e-02
8.788946158327528568e-01 2.089520620297908443e-02
8.786017485832249285e-01 2.089937082988536574e-02
8.783089789235837275e-01 2.089481470425150200e-02
8.780163068213099331e-01 2.089755035087927440e-02
8.777237322438952161e-01 2.088805277390056933e-02
8.774312551588423492e-01 2.088660024480746419e-02
8.771388755336643195e-01 2.089675562350939292e-02
8.768465933358855491e-01 2.089632055007864531e-02
8.765544085330412294e-01 2.088812517696125859e-02
8.762623210926768769e-01 2.089871348677426258e-02
8.759703309823493322e-01 2.090265635110606646e-02
8.756784381696260944e-01 2.088974062189788775e-02
8.753866426220853203e-01 2.089848927274771256e-02
8.750949443073162692e-01 2.089789186183326972e-02
8.748033431929185255e-01 2.089128091441251958e-02
8.745118392465028867e-01 2.089784875631705424e-02
8.742204324356910305e-01 2.089133643682278621e-02
8.739291227281148489e-01 2.089992193117760216e-02
8.736379100914176687e-01 2.089804213291117027e-02
8.733467944932532534e-01 2.089710288279774883e-02
8.730557759012860242e-01 2.089343082203548238e-02
8.727648542831916156e-01 2.089912388889616363e-02
8.724740296066559875e-01 2.089561748194540894e-02
8.721833018393762016e-01 2.089442000948076722e-02
8.718926709490596449e-01 2.089434181209951294e-02
8.716021369034252508e-01 2.089894583518109999e-02
8.713116996702017225e-01 2.090764516112417551e-02
8.710213592171293095e-01 2.090318625231451372e-02
8.707311155119585866e-01 2.089555001344269719e-02
8.704409685224511195e-01 2.089539566955754546e-02
8.701509182163787992e-01 2.089776276250727982e-02
8.698609645615250630e-01 2.090329679590200926e-02
8.695711075256831180e-01 2.090294462323208369e-02
8.692813470766574957e-01 2.089630326566441557e-02
8.689916831822632748e-01 2.089575210499491215e-02
8.687021158103264140e-01 2.089580865956002648e-02
8.684126449286834193e-01 2.089913487614269982e-02
8.681232705051816767e-01 2.090800040112223215e-02
8.678339925076791195e-01 2.090080294697111221e-02
8.675448109040443390e-01 2.089940764508022020e-02
8.672557256621569177e-01 2.090126702551248564e-02
8.669667367499069854e-01 2.089637388634869863e-02
8.666778441351951079e-01 2.089999768287075302e-02
8.663890477859329531e-01 2.089926992657086674e-02
8.661003476700429582e-01 2.090116522549688438e-02
8.658117437554576634e-01 2.089887952943534494e-02
8.655232360101210443e-01 2.089998785383691271e-02
8.652348244019868462e-01 2.090670275446127047e-02
8.649465088990204720e-01 2.089941610310393563e-02
8.646582894691974275e-01 2.089914408634256995e-02
8.643701660805038767e-01 2.090690088923252005e-02
8.640821387009368637e-01 2.089979920305769234e-02
8.637942072985039799e-01 2.090086372593145253e-02
8.635063718412234746e-01 2.090646884411735684e-02
8.632186322971243664e-01 2.090526062703554691e-02
8.629309886342463320e-01 2.090621244325339273e-02
8.626434408206392623e-01 2.091109050976713152e-02
8.623559888243644833e-01 2.091368381186737777e-02
8.620686326134932020e-01 2.091240693170949225e-02
8.617813721561078388e-01 2.090170772053723605e-02
8.614942074203010280e-01 2.090646379833612650e-02
8.612071383741761732e-01 2.091366180847432921e-02
8.609201649858474470e-01 2.090943930514532756e-02
8.606332872234395692e-01 2.090454350297649491e-02
8.603465050550879178e-01 2.091387248470717025e-02
8.600598184489381959e-01 2.091897057475960997e-02
8.597732273731469865e-01 2.090548646558699694e-02
8.594867317958817532e-01 2.090818055737077991e-02
8.592003316853199513e-01 2.091885574960463540e-02
8.589140270096499163e-01 2.091244680640368808e-02
8.586278177370708642e-01 2.090906222875767509e-02
8.583417038357923357e-01 2.091654614204620927e-02
8.580556852740341967e-01 2.089954809138028224e-02
8.577697620200274153e-01 2.092675220367633954e-02
8.574839340420133960e-01 2.091718840698044216e-02
8.571982013082438678e-01 2.091575440604824185e-02
8.569125637869815515e-01 2.090839293062242768e-02
8.566270214464992705e-01 2.092933353993847723e-02
8.563415742550808396e-01 2.091754395922055046e-02
8.560562221810205097e-01 2.091715114824058488e-02
8.557709651926229677e-01 2.093462345107736586e-02
8.554858032582034477e-01 2.092729706242161397e-02
8.552007363460880640e-01 2.093337354061363190e-02
8.549157644246131449e-01 2.092725177379971269e-02
8.546308874621255658e-01 2.091725681004824242e-02
8.543461054269833044e-01 2.091913276739074817e-02
8.540614182875541083e-01 2.094283539588494628e-02
8.537768260122164943e-01 2.093127172997578250e-02
8.534923285693600814e-01 2.092119763175476557e-02
8.532079259273842586e-01 2.093548215432181059e-02
8.529236180546991841e-01 2.093506194728814856e-02
8.526394049197258962e-01 2.092979463745014285e-02
8.523552864908955362e-01 2.092718654103439477e-02
8.520712627366499037e-01 2.093188058183762662e-02
8.517873336254415673e-01 2.093862882114373020e-02
8.515034991257328656e-01 2.093260093338266195e-02
8.512197592059974616e-01 2.094755407820140733e-02
8.509361138347192322e-01 2.095285111622658888e-02
8.506525629803922683e-01 2.092815934519350052e-02
8.503691066115216524e-01 2.094267798385822735e-02
8.500857446966227915e-01 2.095912749514779183e-02
8.498024772042213071e-01 2.093575426268847947e-02
8.495193041028535896e-01 2.094515186729495326e-02
8.492362253610665768e-01 2.092985194612455996e-02
8.489532409474173091e-01 2.095229233042116695e-02
8.486703508304737076e-01 2.096332297253322360e-02
8.483875549788141290e-01 2.092474923553017813e-02
8.481048533610270335e-01 2.094700454706359405e-02
8.478222459457117610e-01 2.094967881531347581e-02
8.475397327014777549e-01 2.095875151170380896e-02
8.472573135969454494e-01 2.096310383033823249e-02
8.469749886007451600e-01 2.094093513518500288e-02
8.466927576815179712e-01 2.096088444097983852e-02
8.464106208079152927e-01 2.097379637690975976e-02
8.461285779485990810e-01 2.091948082493041289e-02
8.458466290722416181e-01 2.094826812719362621e-02
8.455647741475256218e-01 2.098472261593346821e-02
8.452830131431445793e-01 2.097114488321427661e-02
8.450013460278019695e-01 2.096765682857211141e-02
8.447197727702118186e-01 2.094180521494800468e-02
8.444382933390987001e-01 2.097577681724101598e-02
8.441569077031975121e-01 2.094826462548288540e-02
8.438756158312538114e-01 2.094632166129008558e-02
8.435944176920230353e-01 2.098522403385387827e-02
8.433133132542715016e-01 2.095007858074203130e-02
8.430323024867758530e-01 2.100188077719395210e-02
8.427513853583230574e-01 2.093551623590567817e-02
8.424705618377104077e-01 2.095247486605917447e-02
8.421898318937458550e-01 2.100503992616857551e-02
8.419091954952473422e-01 2.097483134758166071e-02
8.416286526110435817e-01 2.096772035859998870e-02
8.413482032099734997e-01 2.093812076423592905e-02
8.410678472608865697e-01 2.096907400223533072e-02
8.407875847326422569e-01 2.101003156037100500e-02
8.405074155941107961e-01 2.097838237380576093e-02
8.402273398141727467e-01 2.097248741873470462e-02
8.399473573617188826e-01 2.099994720487493444e-02
8.396674682056501915e-01 2.097221858507899994e-02
8.393876723148785413e-01 2.093861286131879287e-02
8.391079696583255698e-01 2.095008888757148718e-02
8.388283602049239063e-01 2.104099757677063004e-02
8.385488439236159497e-01 2.097642796327393519e-02
8.382694207833547573e-01 2.097606447614116382e-02
8.379900907531037113e-01 2.099229307956116536e-02
8.377108538018362971e-01 2.098817067954859839e-02
8.374317098985368801e-01 2.096542142987373875e-02
8.371526590121994849e-01 2.096395801633654105e-02
8.368737011118287938e-01 2.099177132144656316e-02
8.365948361664399258e-01 2.098791873713375805e-02
8.363160641450582133e-01 2.099371136167442822e-02
8.360373850167190923e-01 2.100076278251644321e-02
8.357587987504688787e-01 2.097815208438140455e-02
8.354803053153637693e-01 2.100968480912967021e-02
8.352019046804702862e-01 2.100246604710231946e-02
8.349235968148652764e-01 2.095802981876384793e-02
8.346453816876360232e-01 2.096347113923394817e-02
8.343672592678799127e-01 2.097892120975572428e-02
8.340892295247049892e-01 2.102083258841701274e-02
8.338112924272291782e-01 2.098119717684704053e-02
8.335334479445809519e-01 2.101525995028839106e-02
8.332556960458989970e-01 2.099236033969752516e-02
8.329780367003321029e-01 2.096363040635299338e-02
8.327004698770397173e-01 2.095074123332825791e-02
8.324229955451912799e-01 2.101502414671499799e-02
8.321456136739664444e-01 2.097523711573559893e-02
8.318683242325555227e-01 2.098281922781378844e-02
8.315911271901589297e-01 2.095592445416746830e-02
8.313140225159867391e-01 2.101710756935356098e-02
8.310370101792602382e-01 2.097725714328652416e-02
8.307600901492105949e-01 2.100562389884936404e-02
8.304832623950788584e-01 2.095500682824937705e-02
8.302065268861166247e-01 2.103068421351716316e-02
8.299298835915860373e-01 2.100488647837605791e-02
8.296533324807590093e-01 2.105517621203937054e-02
8.293768735229181122e-01 2.098693460628183946e-02
8.291005066873555762e-01 2.103951114956699800e-02
8.288242319433744010e-01 2.097868536894150621e-02
8.285480492602875779e-01 2.098266896415734370e-02
8.282719586074185347e-01 2.099147689650358861e-02
8.279959599541003579e-01 2.098079308588342642e-02
8.277200532696770141e-01 2.100045920671007177e-02
8.274442385235024622e-01 2.097725912619222838e-02
8.271685156849407639e-01 2.097202738979087738e-02
8.268928847233663060e-01 2.096039530787392052e-02
8.266173456081634674e-01 2.098749330643842961e-02
8.263418983087272851e-01 2.100231044157815224e-02
8.260665427944623440e-01 2.095110829533246288e-02
8.257912790347839982e-01 2.099072647753298312e-02
8.255161069991177047e-01 2.097696990563440236e-02
8.252410266568985797e-01 2.096771731870116645e-02
8.249660379775727304e-01 2.098708320530877011e-02
8.246911409305957008e-01 2.099919045727127384e-02
8.244163354854338044e-01 2.102104777236757024e-02
8.241416216115632354e-01 2.101105613678273115e-02
8.238669992784704021e-01 2.104986524687945185e-02
8.235924684556518161e-01 2.102864548157992036e-02
8.233180291126142025e-01 2.109990307148256958e-02
8.230436812188745010e-01 2.117183247518834507e-02
8.227694247439597541e-01 2.103038977105588930e-02
8.224952596574073294e-01 2.098875690080852924e-02
8.222211859287643643e-01 2.095706131334436340e-02
8.219472035275884325e-01 2.100475718627071997e-02
8.216733124234473218e-01 2.099679892909646697e-02
8.213995125859184787e-01 2.099660891838308480e-02
8.211258039845902301e-01 2.099491550217707364e-02
8.208521865890604507e-01 2.098761133687733135e-02
8.205786603689374514e-01 2.100896412924190687e-02
8.203052252938394240e-01 2.101935399351477149e-02
8.200318813333948853e-01 2.100697377418432946e-02
8.197586284572424553e-01 2.097943650708622085e-02
8.194854666350307459e-01 2.100417289496363596e-02
8.192123958364184722e-01 2.100655187343086414e-02
8.189394160310747850e-01 2.098437327234353028e-02
8.186665271886786055e-01 2.096718085080579233e-02
8.183937292789188467e-01 2.101273140428068162e-02
8.181210222714948577e-01 2.103045998545897965e-02
8.178484061361160906e-01 2.100594987327119439e-02
8.175758808425021007e-01 2.098599649152243715e-02
8.173034463603818800e-01 2.099186588416031285e-02
8.170311026594951898e-01 2.101753156587266719e-02
8.167588497095920053e-01 2.105472663728311100e-02
8.164866874804317387e-01 2.104967947110717233e-02
8.162146159417844604e-01 2.097879311613673817e-02
8.159426350634298997e-01 2.102441476486348326e-02
8.156707448151582218e-01 2.105205790972588739e-02
8.153989451667691402e-01 2.100359331821919848e-02
8.151272360880732482e-01 2.108509247165105821e-02
8.148556175488901321e-01 2.100058046770487963e-02
8.145840895190503694e-01 2.103603578768090121e-02
8.143126519683941966e-01 2.108643592988474966e-02
8.140413048667719531e-01 2.097758126926499433e-02
8.137700481840438593e-01 2.106069817633963656e-02
8.134988818900803498e-01 2.109152571484537719e-02
8.132278059547620730e-01 2.109320525773263760e-02
8.129568203479794475e-01 2.099330366634104619e-02
8.126859250396326617e-01 2.101309967948473620e-02
8.124151199996328954e-01 2.109964892745496909e-02
8.121444051979000989e-01 2.102256023016509448e-02
8.118737806043653249e-01 2.096829408532015215e-02
8.116032461889689520e-01 2.107893481059293361e-02
8.113328019216617948e-01 2.106130934689951981e-02
8.110624477724041048e-01 2.103576191970514542e-02
8.107921837111670138e-01 2.101615770320497747e-02
8.105220097079309793e-01 2.103134752843357005e-02
8.102519257326866731e-01 2.103308054880951780e-02
8.099819317554348697e-01 2.103784628527743256e-02
8.097120277461861138e-01 2.100130252175452794e-02
8.094422136749609420e-01 2.099674529855634006e-02
8.091724895117903271e-01 2.103329147102318136e-02
8.089028552267147898e-01 2.100298110414481820e-02
8.086333107897848427e-01 2.099740362671578819e-02
8.083638561710609904e-01 2.100345101061389802e-02
8.080944913406140628e-01 2.097464405980032504e-02
8.078252162685244375e-01 2.097997671935814337e-02
8.075560309248828172e-01 2.096089915140150750e-02
8.072869352797894527e-01 2.099782337590785572e-02
8.070179293033550305e-01 2.097623726073156308e-02
8.067490129656997855e-01 2.098326257549712817e-02
8.064801862369539442e-01 2.096709675406969314e-02
8.062114490872582806e-01 2.098355147889568312e-02
8.059428014867626722e-01 2.096290706194460507e-02
8.056742434056273217e-01 2.096164171144666508e-02
8.054057748140226458e-01 2.097686852075445613e-02
8.051373956821284983e-01 2.095063770123513358e-02
8.048691059801350578e-01 2.095478210120602439e-02
8.046009056782422730e-01 2.096663971583658317e-02
8.043327947466599737e-01 2.097330565616228881e-02
8.040647731556080924e-01 2.095662246601586245e-02
8.037968408753162208e-01 2.096044828328671311e-02
8.035289978760242757e-01 2.096248521178586260e-02
8.032612441279814997e-01 2.096267555830796936e-02
8.029935796014475713e-01 2.097110542068529246e-02
8.027260042666919393e-01 2.096301237943840046e-02
8.024585180939940443e-01 2.096211683446191562e-02
8.021911210536426529e-01 2.096298034317477244e-02
8.019238131159373006e-01 2.096848948400535304e-02
8.016565942511868492e-01 2.096239135894049574e-02
8.013894644297102632e-01 2.096016490083681127e-02
8.011224236218362771e-01 2.095153845264524986e-02
8.008554717979035065e-01 2.096837937226230311e-02
8.005886089282606699e-01 2.095934340061445314e-02
8.003218349832663669e-01 2.096431304678765539e-02
8.000551499332884120e-01 2.097126048157112177e-02
7.997885537487053886e-01 2.095884429218530798e-02
7.995220463999055394e-01 2.097194310540293621e-02
7.992556278572864326e-01 2.096057399142362346e-02
7.989892980912558507e-01 2.096870854313739874e-02
7.987230570722317902e-01 2.096323720286007511e-02
7.984569047706414624e-01 2.096992930777178549e-02
7.981908411569224038e-01 2.096027690912596539e-02
7.979248662015218096e-01 2.096397099941561121e-02
7.976589798748967564e-01 2.096305062263142255e-02
7.973931821475142012e-01 2.095453274239836294e-02
7.971274729898509825e-01 2.097046017465138690e-02
7.968618523723934866e-01 2.095893043550306478e-02
7.965963202656382025e-01 2.097562406564858900e-02
7.963308766400913896e-01 2.097064529721767365e-02
7.960655214662692991e-01 2.095964708633565876e-02
7.958002547146976191e-01 2.095213061392675949e-02
7.955350763559123628e-01 2.095705050823070195e-02
7.952699863604588693e-01 2.095968880828437408e-02
7.950049846988924696e-01 2.095732141737713036e-02
7.947400713417783757e-01 2.095404442400835079e-02
7.944752462596917919e-01 2.095353247125901486e-02
7.942105094232173590e-01 2.095653160131503642e-02
7.939458608029497100e-01 2.095619209789571433e-02
7.936813003694930257e-01 2.095484687773255944e-02
7.934168280934619233e-01 2.095636580679289401e-02
7.931524439454801234e-01 2.096768863650053452e-02
7.928881478961812279e-01 2.095236553818165259e-02
7.926239399162091637e-01 2.096413472469102132e-02
7.923598199762169614e-01 2.095883763608567818e-02
7.920957880468679768e-01 2.095844562462844535e-02
7.918318440988348916e-01 2.095937807399639655e-02
7.915679881028007125e-01 2.095778507480211897e-02
7.913042200294574391e-01 2.096234293500522788e-02
7.910405398495076179e-01 2.096634818235990072e-02
7.907769475336630105e-01 2.096052146146655526e-02
7.905134430526452594e-01 2.097161141084418617e-02
7.902500263771862210e-01 2.096263421342195107e-02
7.899866974780268558e-01 2.096044202219056116e-02
7.897234563259181161e-01 2.096997201114348536e-02
7.894603028916209464e-01 2.096961044785628989e-02
7.891972371459055058e-01 2.096540340594146151e-02
7.889342590595522786e-01 2.097120850337386502e-02
7.886713686033511861e-01 2.096171765436120188e-02
7.884085657481016973e-01 2.097196167826967383e-02
7.881458504646133845e-01 2.096156015167200196e-02
7.878832227237055896e-01 2.097053425055224463e-02
7.876206824962067587e-01 2.097371870465184612e-02
7.873582297529556628e-01 2.096776163558344841e-02
7.870958644648007319e-01 2.096892803792058113e-02
7.868335866025997216e-01 2.098054841904467560e-02
7.865713961372207130e-01 2.097596914340350838e-02
7.863092930395407798e-01 2.097846147126690083e-02
7.860472772804472097e-01 2.096598191353699764e-02
7.857853488308369494e-01 2.097800988007263862e-02
7.855235076616163825e-01 2.097108888892119938e-02
7.852617537437016626e-01 2.097100288139193761e-02
7.850000870480190462e-01 2.097111106474501205e-02
7.847385075455037828e-01 2.097657485787584111e-02
7.844770152071013358e-01 2.096954075378828705e-02
7.842156100037667166e-01 2.097805489571127890e-02
7.839542919064644844e-01 2.097610121651551432e-02
7.836930608861690795e-01 2.097283450810980346e-02
7.834319169138643790e-01 2.097332983868247999e-02
7.831708599605441412e-01 2.097480694640688897e-02
7.829098899972116721e-01 2.097234111916815996e-02
7.826490069948800476e-01 2.097410684156026869e-02
7.823882109245716698e-01 2.097383364805695607e-02
7.821275017573192656e-01 2.097712818628645962e-02
7.818668794641645547e-01 2.097865471822114858e-02
7.816063440161590270e-01 2.097532572115236651e-02
7.813458953843641641e-01 2.097576924920604297e-02
7.810855335398508847e-01 2.097843054570103227e-02
7.808252584536995444e-01 2.097774120475143569e-02
7.805650700970004907e-01 2.097790695822099316e-02
7.803049684408535080e-01 2.097853570044154459e-02
7.800449534563680398e-01 2.097897858457858228e-02
7.797850251146629663e-01 2.098133570215044916e-02
7.795251833868674929e-01 2.098021866669962099e-02
7.792654282441193736e-01 2.098242966841216625e-02
7.790057596575667986e-01 2.098265827498882463e-02
7.787461775983672840e-01 2.098356380398065310e-02
7.784866820376878938e-01 2.098354998351805584e-02
7.782272729467056838e-01 2.098427032328747249e-02
7.779679502966068139e-01 2.098555587168205935e-02
7.777087140585872138e-01 2.098698168686969831e-02
7.774495642038524723e-01 2.098827224396295973e-02
7.771905007036179480e-01 2.099051248214891738e-02
7.769315235291081034e-01 2.099084439009281378e-02
7.766726326515575041e-01 2.099168288741126362e-02
7.764138280422101523e-01 2.099376769693755279e-02
7.761551096723192655e-01 2.099503390166736899e-02
7.758964775131481639e-01 2.099604021251491939e-02
7.756379315359696047e-01 2.099735527509772465e-02
7.753794717120654489e-01 2.100043816753966591e-02
7.751210980127277717e-01 2.100142411190638811e-02
7.748628104092580848e-01 2.100420688931430371e-02
7.746046088729670043e-01 2.100627949377956508e-02
7.743464933751751378e-01 2.100794030906449200e-02
7.740884638872127521e-01 2.101078495370248267e-02
7.738305203804191068e-01 2.101500728217858480e-02
7.735726628261438975e-01 2.101806237071379008e-02
7.733148911957451466e-01 2.102257988611783146e-02
7.730572054605915344e-01 2.102700238822046222e-02
7.727996055920607343e-01 2.103363844664180721e-02
7.725420915615401896e-01 2.104167854096337595e-02
7.722846633404267802e-01 2.105141696169447740e-02
7.720273209001266013e-01 2.106529127761275905e-02
7.717700642120558507e-01 2.108390676831350605e-02
7.715128932476399415e-01 2.111106965760355461e-02
7.712558079783138343e-01 2.114972112753821937e-02
7.709988083755218158e-01 2.121368958557163370e-02
7.707418944107182757e-01 2.132424570063946520e-02
7.704850660553663744e-01 2.155762108475344288e-02
7.702283232809394864e-01 2.229802657580086042e-02
7.699716660589197570e-01 2.219325560249729712e-02
7.697150943607994344e-01 2.154128039670577185e-02
7.694586081580799819e-01 2.133075700539337899e-02
7.692022074222725214e-01 2.124279374654323635e-02
7.689458921248975010e-01 2.120204464478751480e-02
7.686896622374850274e-01 2.118211329434900245e-02
7.684335177315744225e-01 2.118085382169129088e-02
7.681774585787148890e-01 2.120660189549564492e-02
7.679214847504646224e-01 2.125980845622259252e-02
7.676655962183916992e-01 2.134386270899193624e-02
7.674097929540736329e-01 2.147874811888049462e-02
7.671540749290971517e-01 2.172072010717870580e-02
7.668984421150588648e-01 2.223774359728569044e-02
7.666428944835642634e-01 2.273121778276441032e-02
7.663874320062288303e-01 2.194444943122233690e-02
7.661320546546771526e-01 2.159238950065536788e-02
7.658767624005435870e-01 2.140720101115746107e-02
7.656215552154718162e-01 2.129611901136823499e-02
7.653664330711147379e-01 2.121864266282573463e-02
7.651113959391349084e-01 2.116156233316823440e-02
7.648564437912045433e-01 2.112170300597532302e-02
7.646015765990047397e-01 2.109237430603539895e-02
7.643467943342265869e-01 2.106952565848914730e-02
7.640920969685703890e-01 2.105455473934932445e-02
7.638374844737457758e-01 2.104167632467550397e-02
7.635829568214718144e-01 2.103428278560553685e-02
7.633285139834772304e-01 2.102689758558022246e-02
7.630741559315000755e-01 2.101936084133705987e-02
7.628198826372875052e-01 2.101391368909317700e-02
7.625656940725966670e-01 2.101032837113048571e-02
7.623115902091935903e-01 2.100842051015203160e-02
7.620575710188538521e-01 2.100636023470461855e-02
7.618036364733627996e-01 2.100687270653254016e-02
7.615497865445145509e-01 2.100226138772503040e-02
7.612960212041131047e-01 2.100206174157104658e-02
7.610423404239716749e-01 2.100060129332392833e-02
7.607887441759130231e-01 2.100183143932795454e-02
7.605352324317691259e-01 2.099949130188861687e-02
7.602818051633811747e-01 2.099772360683263561e-02
7.600284623426002417e-01 2.099812588477548841e-02
7.597752039412865033e-01 2.099972010905164915e-02
7.595220299313092394e-01 2.100265220383081693e-02
7.592689402845477220e-01 2.099906190792191416e-02
7.590159349728901050e-01 2.099747803190825379e-02
7.587630139682339792e-01 2.100064780088973376e-02
7.585101772424864830e-01 2.099547045263099043e-02
7.582574247675638590e-01 2.099713236545477577e-02
7.580047565153918976e-01 2.099524043875770213e-02
7.577521724579060480e-01 2.099770789626231524e-02
7.574996725670501974e-01 2.099747758435855510e-02
7.572472568147785577e-01 2.099670927937194453e-02
7.569949251730542228e-01 2.099208323263968001e-02
7.567426776138495015e-01 2.099881195185845928e-02
7.564905141091464724e-01 2.099826886445949753e-02
7.562384346309360961e-01 2.099549962269680811e-02
7.559864391512189918e-01 2.099426867626154672e-02
7.557345276420048830e-01 2.099565019825004250e-02
7.554827000753130406e-01 2.099812890240675481e-02
7.552309564231719508e-01 2.099465791211499108e-02
7.549792966576193143e-01 2.099608448840493968e-02
7.547277207507023800e-01 2.099511322071154554e-02
7.544762286744775004e-01 2.099940408832668207e-02
7.542248204010104651e-01 2.099135774289474787e-02
7.539734959023762784e-01 2.099632537299772270e-02
7.537222551506593815e-01 2.099612196802704001e-02
7.534710981179534306e-01 2.099294875486457795e-02
7.532200247763610745e-01 2.099937888003624784e-02
7.529690350979950653e-01 2.099395910992030850e-02
7.527181290549767034e-01 2.100001605662793827e-02
7.524673066194368376e-01 2.100721389125364755e-02
7.522165677635156422e-01 2.099272901358275115e-02
7.519659124593625066e-01 2.099659691635871739e-02
7.517153406791360348e-01 2.099904636241288480e-02
7.514648523950043790e-01 2.100060343138975688e-02
7.512144475791445730e-01 2.098965379568512590e-02
7.509641262037433096e-01 2.099133716539578268e-02
7.507138882409961633e-01 2.100887198197517666e-02
7.504637336631084787e-01 2.099693974812351371e-02
7.502136624422943711e-01 2.101234322170001181e-02
7.499636745507773927e-01 2.099432540875650899e-02
7.497137699607904215e-01 2.100194954018210630e-02
7.494639486445754395e-01 2.099082847740327967e-02
7.492142105743839764e-01 2.100366489529716801e-02
7.489645557224764438e-01 2.100176502833981870e-02
7.487149840611225793e-01 2.100333625783972619e-02
7.484654955626017792e-01 2.100243222809401039e-02
7.482160901992019886e-01 2.102104869333916784e-02
7.479667679432208116e-01 2.100715410090912144e-02
7.477175287669651782e-01 2.100007494275767800e-02
7.474683726427507890e-01 2.098872080910553842e-02
7.472192995429032258e-01 2.100974235106157703e-02
7.469703094397565080e-01 2.100026370331500858e-02
7.467214023056545358e-01 2.099738056584408291e-02
7.464725781129502025e-01 2.101109053904677559e-02
7.462238368340055050e-01 2.100613751239505111e-02
7.459751784411917663e-01 2.101763377953241169e-02
7.457266029068893021e-01 2.102280059863147199e-02
7.454781102034881979e-01 2.100974578098144599e-02
7.452297003033869771e-01 2.099148787557435919e-02
7.449813731789938220e-01 2.099925346659640632e-02
7.447331288027263518e-01 2.100649432050471707e-02
7.444849671470106234e-01 2.102029306567798628e-02
7.442368881842824635e-01 2.103236200658371857e-02
7.439888918869868029e-01 2.103686493370952176e-02
7.437409782275774539e-01 2.101939289559983867e-02
7.434931471785178880e-01 2.099830463774007838e-02
7.432453987122803474e-01 2.099671998336281181e-02
7.429977328013466220e-01 2.100051365350613652e-02
7.427501494182071617e-01 2.104261241896745321e-02
7.425026485353619643e-01 2.101785126176554039e-02
7.422552301253201312e-01 2.103022344033498095e-02
7.420078941605998679e-01 2.100145723221360020e-02
7.417606406137285946e-01 2.103282508395555583e-02
7.415134694572428353e-01 2.100194653978720502e-02
7.412663806636882180e-01 2.102861979704456069e-02
7.410193742056195854e-01 2.101621181887216097e-02
7.407724500556009950e-01 2.102464638385626028e-02
7.405256081862056083e-01 2.101594872969114042e-02
7.402788485700154686e-01 2.103166176927872416e-02
7.400321711796222779e-01 2.103087097712607115e-02
7.397855759876263981e-01 2.101169858679331065e-02
7.395390629666374060e-01 2.101626925421565262e-02
7.392926320892742043e-01 2.103266017001707844e-02
7.390462833281649102e-01 2.103863440711460295e-02
7.388000166559461901e-01 2.100414462738067062e-02
7.385538320452642580e-01 2.107940536462109965e-02
7.383077294687747649e-01 2.101940722303341155e-02
7.380617088991415775e-01 2.101672417328666678e-02
7.378157703090386654e-01 2.102144816098548002e-02
7.375699136711481030e-01 2.103351938081776673e-02
7.373241389581620675e-01 2.103465963499419333e-02
7.370784461427809520e-01 2.103316568468131462e-02
7.368328351977150303e-01 2.107423981813976929e-02
7.365873060956831253e-01 2.102806935397321872e-02
7.363418588094132744e-01 2.104278756040988546e-02
7.360964933116426190e-01 2.102353599311477389e-02
7.358512095751176263e-01 2.101072811163422552e-02
7.356060075725934233e-01 2.103793758634110375e-02
7.353608872768343518e-01 2.099866275384889430e-02
7.351158486606140796e-01 2.107803885968649246e-02
7.348708916967152671e-01 2.101360985886104385e-02
7.346260163579291236e-01 2.103636144741079933e-02
7.343812226170567392e-01 2.102263128650097915e-02
7.341365104469077529e-01 2.100554202051250693e-02
7.338918798203009075e-01 2.101348471581259564e-02
7.336473307100641605e-01 2.104758521720464376e-02
7.334028630890344624e-01 2.105641674683262493e-02
7.331584769300577564e-01 2.100875248731336881e-02
7.329141722059890895e-01 2.106959110600873167e-02
7.326699488896923906e-01 2.100151948316316894e-02
7.324258069540410254e-01 2.102183584195867899e-02
7.321817463719170194e-01 2.103090123258489000e-02
7.319377671162116128e-01 2.108323136851128835e-02
7.316938691598248168e-01 2.103737652335020344e-02
7.314500524756663014e-01 2.105785073804312263e-02
7.312063170366540632e-01 2.109621440233975728e-02
7.309626628157153139e-01 2.101518768164157072e-02
7.307190897857867018e-01 2.108441848062113724e-02
7.304755979198134241e-01 2.105471376713432402e-02
7.302321871907497819e-01 2.109598283043556677e-02
7.299888575715591799e-01 2.099592900306708476e-02
7.297456090352141267e-01 2.107558007492778621e-02
7.295024415546957908e-01 2.105026227088593535e-02
7.292593551029947774e-01 2.105949101697963954e-02
7.290163496531103515e-01 2.103277685180649642e-02
7.287734251780508821e-01 2.098435637476786866e-02
7.285305816508339527e-01 2.101510949819241844e-02
7.282878190444858069e-01 2.101807720989446251e-02
7.280451373320416808e-01 2.103756069005550955e-02
7.278025364865461366e-01 2.106779280012515895e-02
7.275600164810523962e-01 2.103674512586407169e-02
7.273175772886227852e-01 2.102546354623379549e-02
7.270752188823286222e-01 2.102903485694458674e-02
7.268329412352501073e-01 2.102882095429955620e-02
7.265907443204766558e-01 2.104844857394945479e-02
7.263486281111062315e-01 2.108169104441348293e-02
7.261065925802461241e-01 2.104651804765644146e-02
7.258646377010122830e-01 2.104028411505755661e-02
7.256227634465300946e-01 2.106597391543563527e-02
7.253809697899333830e-01 2.107442299977549741e-02
7.251392567043652981e-01 2.102468983501810246e-02
7.248976241629775386e-01 2.105075266666655426e-02
7.246560721389311288e-01 2.107075694879749495e-02
7.244146006053959752e-01 2.100077502024855214e-02
7.241732095355508658e-01 2.107210008081276259e-02
7.239318989025832485e-01 2.104298622404346744e-02
7.236906686796898969e-01 2.105860416501699819e-02
7.234495188400765775e-01 2.103761128832486865e-02
7.232084493569574946e-01 2.103746584946552048e-02
7.229674602035562891e-01 2.105173233830608115e-02
7.227265513531052621e-01 2.102474875092442269e-02
7.224857227788455960e-01 2.103699873244635477e-02
7.222449744540274663e-01 2.102224955023304989e-02
7.220043063519101523e-01 2.105681907812878562e-02
7.217637184457614818e-01 2.102812124117463266e-02
7.215232107088584979e-01 2.102628114818720639e-02
7.212827831144869029e-01 2.104508456112510334e-02
7.210424356359416143e-01 2.104479294968854275e-02
7.208021682465259872e-01 2.106540318172324747e-02
7.205619809195528136e-01 2.105810653435636476e-02
7.203218736283433232e-01 2.108635198151888324e-02
7.200818463462278496e-01 2.103572357260113934e-02
7.198418990465456080e-01 2.102370883998371312e-02
7.196020317026446955e-01 2.107937919594731965e-02
7.193622442878819800e-01 2.103978535214071077e-02
7.191225367756234332e-01 2.101613774152595940e-02
7.188829091392436865e-01 2.109006480550820739e-02
7.186433613521261421e-01 2.107451967385690766e-02
7.184038933876636390e-01 2.104103260810884918e-02
7.181645052192571210e-01 2.102743725804842589e-02
7.179251968203169687e-01 2.109673622371396537e-02
7.176859681642622224e-01 2.104761698686129223e-02
7.174468192245205822e-01 2.109040868456886486e-02
7.172077499745290741e-01 2.107771147249889315e-02
7.169687603877330506e-01 2.111376720715760213e-02
7.167298504375871904e-01 2.116615223450745917e-02
7.164910200975546095e-01 2.108054116950327031e-02
7.162522693411075281e-01 2.101678964179477110e-02
7.160135981417269369e-01 2.105431748495710173e-02
7.157750064729025974e-01 2.102396686884538610e-02
7.155364943081331530e-01 2.099239189868064639e-02
7.152980616209261289e-01 2.101620263673109959e-02
7.150597083847978208e-01 2.100699591428940513e-02
7.148214345732734065e-01 2.100002634130783766e-02
7.145832401598867234e-01 2.099568010585613209e-02
7.143451251181804906e-01 2.101704149229632196e-02
7.141070894217065312e-01 2.099525318705352042e-02
7.138691330440251059e-01 2.099298793587933698e-02
7.136312559587055793e-01 2.099675376445466271e-02
7.133934581393257535e-01 2.099797181356496956e-02
7.131557395594725346e-01 2.101150429026348021e-02
7.129181001927415995e-01 2.099280320945164091e-02
7.126805400127373957e-01 2.102502264051129069e-02
7.124430589930729196e-01 2.099649983731960434e-02
7.122056571073703823e-01 2.100462522323537709e-02
7.119683343292605437e-01 2.099436702848072461e-02
7.117310906323830455e-01 2.100020091613512968e-02
7.114939259903861890e-01 2.098337984269705789e-02
7.112568403769271574e-01 2.099994033794910786e-02
7.110198337656719048e-01 2.100901440984459176e-02
7.107829061302951557e-01 2.099998846438387579e-02
7.105460574444802946e-01 2.098356950016111097e-02
7.103092876819195878e-01 2.099780643422972243e-02
7.100725968163140722e-01 2.099631588161109119e-02
7.098359848213735557e-01 2.098736751435290385e-02
7.095994516708166167e-01 2.101402169053260410e-02
7.093629973383703824e-01 2.099671571351349741e-02
7.091266217977711950e-01 2.100701453038165967e-02
7.088903250227635011e-01 2.098865828535632222e-02
7.086541069871010734e-01 2.097999758618257146e-02
7.084179676645461221e-01 2.098311142958118880e-02
7.081819070288698503e-01 2.102226436962195688e-02
7.079459250538518988e-01 2.098826294572354520e-02
7.077100217132806792e-01 2.099261547132390271e-02
7.074741969809537068e-01 2.101508258197588505e-02
7.072384508306768236e-01 2.098612159860632417e-02
7.070027832362646425e-01 2.098210790007492763e-02
7.067671941715406581e-01 2.102357654421478997e-02
7.065316836103372466e-01 2.098927050063421895e-02
7.062962515264950003e-01 2.099476445972203037e-02
7.060608978938637259e-01 2.099454874552382153e-02
7.058256226863015570e-01 2.099235788126042543e-02
7.055904258776756199e-01 2.099084974023249228e-02
7.053553074418615898e-01 2.101583471186473789e-02
7.051202673527439124e-01 2.099656041321038003e-02
7.048853055842158044e-01 2.099269707660024464e-02
7.046504221101790311e-01 2.100686565056590280e-02
7.044156169045442395e-01 2.098885531773247645e-02
7.041808899412304035e-01 2.100541741151588579e-02
7.039462411941656006e-01 2.099500100308029568e-02
7.037116706372864572e-01 2.099110294096186505e-02
7.034771782445382593e-01 2.098000102096195252e-02
7.032427639898749527e-01 2.100035279506311248e-02
7.030084278472590320e-01 2.100881169032531651e-02
7.027741697906622065e-01 2.100855851134300276e-02
7.025399897940640681e-01 2.099311355205342802e-02
7.023058878314535347e-01 2.099335352346555147e-02
7.020718638768278508e-01 2.098961167166310191e-02
7.018379179041931426e-01 2.101205709834293861e-02
7.016040498875639742e-01 2.098354166921327993e-02
7.013702598009635691e-01 2.101680894377100026e-02
7.011365476184239220e-01 2.098467607813354202e-02
7.009029133139860201e-01 2.098993807736935016e-02
7.006693568616987333e-01 2.100715050171073420e-02
7.004358782356201463e-01 2.098660981763986882e-02
7.002024774098167814e-01 2.099911217558171964e-02
6.999691543583639319e-01 2.100151004317751119e-02
6.997359090553455507e-01 2.098409197524453776e-02
6.995027414748538064e-01 2.099586165029220311e-02
6.992696515909900823e-01 2.099075593698726538e-02
6.990366393778640886e-01 2.099815619382514736e-02
6.988037048095941950e-01 2.099692506864434677e-02
6.985708478603073202e-01 2.098085765325251664e-02
6.983380685041392644e-01 2.098800814889039551e-02
6.981053667152341546e-01 2.097981305561164717e-02
6.978727424677447777e-01 2.098894584609588276e-02
6.976401957358329131e-01 2.098513406780456308e-02
6.974077264936683340e-01 2.098349765800452613e-02
6.971753347154296954e-01 2.099031992967667973e-02
6.969430203753046449e-01 2.097900322005493562e-02
6.967107834474888239e-01 2.098811352137129951e-02
6.964786239061866446e-01 2.098881332440945963e-02
6.962465417256114009e-01 2.100387562555523432e-02
6.960145368799847132e-01 2.099543296747737736e-02
6.957826093435367509e-01 2.101085424726523501e-02
6.955507590905065651e-01 2.098957629450086751e-02
6.953189860951415335e-01 2.100272425311600771e-02
6.950872903316974716e-01 2.099803722259348943e-02
6.948556717744392985e-01 2.100733454589315610e-02
6.946241303976400383e-01 2.100335412573776234e-02
6.943926661755814855e-01 2.102240444579510370e-02
6.941612790825538726e-01 2.101933009070552569e-02
6.939299690928563136e-01 2.100530901624586555e-02
6.936987361807959163e-01 2.099455717375846645e-02
6.934675803206890032e-01 2.103461190603259437e-02
6.932365014868600017e-01 2.103805024302483548e-02
6.930054996536421097e-01 2.100863354284831022e-02
6.927745747953768518e-01 2.100877605101940035e-02
6.925437268864147455e-01 2.106762343619165978e-02
6.923129559011143019e-01 2.106739907451487398e-02
6.920822618138429139e-01 2.103883862408170019e-02
6.918516445989765229e-01 2.101143282657232797e-02
6.916211042308996193e-01 2.100525832391906059e-02
6.913906406840047980e-01 2.099382779022286941e-02
6.911602539326939798e-01 2.098266637549149605e-02
6.909299439513767460e-01 2.098832103690149650e-02
6.906997107144718928e-01 2.097804940176084890e-02
6.904695541964063210e-01 2.099395745834263180e-02
6.902394743716157022e-01 2.098163802522382687e-02
6.900094712145442566e-01 2.097602570491111443e-02
6.897795446996443092e-01 2.097525091881507001e-02
6.895496948013771776e-01 2.097721350575215693e-02
6.893199214942123954e-01 2.097623323010115379e-02
6.890902247526280444e-01 2.097321153034340316e-02
6.888606045511109777e-01 2.097403181632158733e-02
6.886310608641562636e-01 2.097344086869833493e-02
6.884015936662674084e-01 2.097317149465357036e-02
6.881722029319568001e-01 2.097304246444674572e-02
6.879428886357448203e-01 2.097749500150239074e-02
6.877136507521607323e-01 2.098281046351419682e-02
6.874844892557421261e-01 2.096972772106955873e-02
6.872554041210350295e-01 2.096995531475239274e-02
6.870263953225941300e-01 2.097061147601950865e-02
6.867974628349823307e-01 2.097181721222583090e-02
6.865686066327714165e-01 2.096920104501805854e-02
6.863398266905411660e-01 2.097197689565688528e-02
6.861111229828802394e-01 2.096802901682731993e-02
6.858824954843852906e-01 2.096935065623377337e-02
6.856539441696620774e-01 2.096810112753049599e-02
6.854254690133242400e-01 2.096846524353138813e-02
6.851970699899943007e-01 2.096770173000472512e-02
6.849687470743027751e-01 2.096928005396404837e-02
6.847405002408890606e-01 2.097035986966958379e-02
6.845123294644008816e-01 2.096863684133962874e-02
6.842842347194943997e-01 2.096795636134727442e-02
6.840562159808339926e-01 2.097026733877985910e-02
6.838282732230929195e-01 2.096863827281459508e-02
6.836004064209525444e-01 2.096860161111358326e-02
6.833726155491028909e-01 2.096700568309816520e-02
6.831449005822419762e-01 2.096933061804436699e-02
6.829172614950770326e-01 2.096969498660924969e-02
6.826896982623228416e-01 2.096791999188087410e-02
6.824622108587031777e-01 2.096843647030655761e-02
6.822347992589502530e-01 2.096946971097098447e-02
6.820074634378041623e-01 2.096948743692044620e-02
6.817802033700141040e-01 2.097244692120960388e-02
6.815530190303372704e-01 2.096935170815172889e-02
6.813259103935394023e-01 2.096855593972016957e-02
6.810988774343945673e-01 2.096881553509201065e-02
6.808719201276852706e-01 2.097017928443140403e-02
6.806450384482025662e-01 2.096945998532646904e-02
6.804182323707455016e-01 2.096816520510859372e-02
6.801915018701221172e-01 2.097005839845235073e-02
6.799648469211483359e-01 2.097063706776162995e-02
6.797382674986488516e-01 2.096891546620894761e-02
6.795117635774562403e-01 2.097060233256054299e-02
6.792853351324121824e-01 2.096971166939608222e-02
6.790589821383659075e-01 2.097063291319484213e-02
6.788327045701757489e-01 2.097089381762713700e-02
6.786065024027081449e-01 2.096991919892188597e-02
6.783803756108378602e-01 2.097110613998216452e-02
6.781543241694479862e-01 2.097038166344739746e-02
6.779283480534301631e-01 2.097142965444986906e-02
6.777024472376842468e-01 2.097196154170418228e-02
6.774766216971185306e-01 2.097140125167843219e-02
6.772508714066495239e-01 2.097157651825370950e-02
6.770251963412023954e-01 2.097161001771082056e-02
6.767995964757105298e-01 2.097183530001407031e-02
6.765740717851154162e-01 2.097133542544574181e-02
6.763486222443672036e-01 2.097193904875625098e-02
6.761232478284243674e-01 2.097233871800573482e-02
6.758979485122535991e-01 2.097219815567525486e-02
6.756727242708299164e-01 2.097267771575029444e-02
6.754475750791368860e-01 2.097292731817980080e-02
6.752225009121660682e-01 2.097192269646278029e-02
6.749975017449176828e-01 2.097196453187037679e-02
6.747725775524002767e-01 2.097428021365349907e-02
6.745477283096302790e-01 2.097374894905857171e-02
6.743229539916330006e-01 2.097368696776065466e-02
6.740982545734418574e-01 2.097576887834182863e-02
6.738736300300984805e-01 2.097561605681927399e-02
6.736490803366528279e-01 2.097511352833146200e-02
6.734246054681635174e-01 2.097375732396813269e-02
6.732002053996968272e-01 2.097645185014668234e-02
6.729758801063279172e-01 2.097668701638672958e-02
6.727516295631401633e-01 2.097663908211971212e-02
6.725274537452250456e-01 2.097543757859361008e-02
6.723033526276824823e-01 2.097607606791887166e-02
6.720793261856206069e-01 2.097767793232971703e-02
6.718553743941557688e-01 2.097656734797744352e-02
6.716314972284129770e-01 2.097672474102293613e-02
6.714076946635250120e-01 2.097665258732445137e-02
6.711839666746335364e-01 2.097921501239599987e-02
6.709603132368877620e-01 2.097867238378979191e-02
6.707367343254460046e-01 2.097663638353475940e-02
6.705132299154741293e-01 2.098198706789886417e-02
6.702897999821466613e-01 2.097919210262052039e-02
6.700664445006464520e-01 2.097899068894282237e-02
6.698431634461642359e-01 2.097992671851120830e-02
6.696199567938996289e-01 2.098199360098853064e-02
6.693968245190599076e-01 2.097991501747698689e-02
6.691737665968608972e-01 2.098326675762058821e-02
6.689507830025266388e-01 2.098324067751161301e-02
6.687278737112896110e-01 2.098031013773874257e-02
6.685050386983900639e-01 2.097972976501383952e-02
6.682822779390769075e-01 2.098466816329446621e-02
6.680595914086073783e-01 2.098454051787907240e-02
6.678369790822465957e-01 2.098474368361705894e-02
6.676144409352681164e-01 2.098025233762743080e-02
6.673919769429538240e-01 2.098748558032446226e-02
6.671695870805934847e-01 2.098227861092053989e-02
6.669472713234856354e-01 2.098584424052776787e-02
6.667250296469365844e-01 2.098572531491924714e-02
6.665028620262610781e-01 2.098568930428973411e-02
6.662807684367821892e-01 2.098871721716213945e-02
6.660587488538308731e-01 2.098364464247341049e-02
6.658368032527465230e-01 2.098844678713597187e-02
6.656149316088768586e-01 2.098902967724253221e-02
6.653931338975777043e-01 2.098605737928112974e-02
6.651714100942128782e-01 2.098652614104344616e-02
6.649497601741547470e-01 2.098636907093820447e-02
6.647281841127837820e-01 2.098989625921438701e-02
6.645066818854886703e-01 2.098524536701326659e-02
6.642852534676659815e-01 2.099549498057593291e-02
6.640638988347210558e-01 2.098904855367688879e-02
6.638426179620670053e-01 2.098879724730339305e-02
6.636214108251252686e-01 2.098776716765990424e-02
6.634002773993253887e-01 2.099491916060192837e-02
6.631792176601052358e-01 2.099171275156825126e-02
6.629582315829110062e-01 2.099304149119120277e-02
6.627373191431965571e-01 2.099446997483152971e-02
6.625164803164244054e-01 2.099130808370163262e-02
6.622957150780649505e-01 2.099028468905192110e-02
6.620750234035970294e-01 2.099198762158054066e-02
6.618544052685074730e-01 2.099340847285771292e-02
6.616338606482913276e-01 2.099085812325239206e-02
6.614133895184518552e-01 2.100127913003435945e-02
6.611929918545003115e-01 2.099723170443528603e-02
6.609726676319562788e-01 2.099031465584742101e-02
6.607524168263474440e-01 2.099636914563839801e-02
6.605322394132097097e-01 2.099000607404402294e-02
6.603121353680868610e-01 2.100104951797606215e-02
6.600921046665313430e-01 2.099991083527053340e-02
6.598721472841032609e-01 2.099993925768602748e-02
6.596522631963710470e-01 2.099546697647413501e-02
6.594324523789114600e-01 2.099412057276125662e-02
6.592127148073089193e-01 2.099346653444979921e-02
6.589930504571565040e-01 2.099491487143147900e-02
6.587734593040550646e-01 2.100781091200453615e-02
6.585539413236138895e-01 2.100336484414049368e-02
6.583344964914500386e-01 2.100125232235854414e-02
6.581151247831888984e-01 2.099486614217175098e-02
6.578958261744640712e-01 2.099553593823053760e-02
6.576766006409170418e-01 2.101172784010912203e-02
6.574574481581976215e-01 2.101087259321288148e-02
6.572383687019635046e-01 2.100137473223228149e-02
6.570193622478808226e-01 2.100440904760962971e-02
6.568004287716235901e-01 2.100160387720698477e-02
6.565815682488740368e-01 2.100610918086899190e-02
6.563627806553221644e-01 2.100100520212031321e-02
6.561440659666665232e-01 2.099917309227185974e-02
6.559254241586136569e-01 2.100651334724819991e-02
6.557068552068779921e-01 2.100191358325002172e-02
6.554883590871821708e-01 2.100820441949276252e-02
6.552699357752570508e-01 2.099912112045665760e-02
6.550515852468414835e-01 2.100394860876212549e-02
6.548333074776822027e-01 2.099845262834709389e-02
6.546151024435341581e-01 2.100446815505631337e-02
6.543969701201608480e-01 2.100150276168646912e-02
6.541789104833329871e-01 2.099721820052037613e-02
6.539609235088300609e-01 2.100257885640176986e-02
6.537430091724391046e-01 2.100329783761652191e-02
6.535251674499558128e-01 2.100422153458581312e-02
6.533073983171833188e-01 2.099929464738486962e-02
6.530897017499333046e-01 2.100098886315092048e-02
6.528720777240252238e-01 2.100326589548762168e-02
6.526545262152868565e-01 2.100611709287979884e-02
6.524370471995536436e-01 2.101144160545874093e-02
6.522196406526693524e-01 2.101437685847023715e-02
6.520023065504857440e-01 2.102594094926683171e-02
6.517850448688627951e-01 2.102256242852584833e-02
6.515678555836681429e-01 2.101509716537280914e-02
6.513507386707778624e-01 2.100521878036293658e-02
6.511336941060757999e-01 2.100344763778227986e-02
6.509167218654539067e-01 2.100071137281766046e-02
6.506998219248123494e-01 2.100121531992776847e-02
6.504829942600589554e-01 2.100704908497350379e-02
6.502662388471098787e-01 2.100236247955671390e-02
6.500495556618891557e-01 2.100398088852330897e-02
6.498329446803290388e-01 2.101033225728778445e-02
6.496164058783695516e-01 2.100409640853238141e-02
6.493999392319588226e-01 2.101178219207108788e-02
6.491835447170529738e-01 2.101278355644459889e-02
6.489672223096164538e-01 2.101068690930504856e-02
6.487509719856212609e-01 2.101092133438596174e-02
6.485347937210474978e-01 2.101993012025400384e-02
6.483186874918834830e-01 2.100918720220800243e-02
6.481026532741254176e-01 2.101828316389983686e-02
6.478866910437773852e-01 2.101321593347731456e-02
6.476708007768517961e-01 2.102892639343725140e-02
6.474549824493686101e-01 2.102139153097299859e-02
6.472392360373561138e-01 2.101448493209217075e-02
6.470235615168504761e-01 2.102452219835634906e-02
6.468079588638957489e-01 2.103045507383332485e-02
6.465924280545443104e-01 2.103756631377928094e-02
6.463769690648558663e-01 2.100798761887996344e-02
6.461615818708988934e-01 2.102773552046962799e-02
6.459462664487493067e-01 2.102106076110559982e-02
6.457310227744910147e-01 2.101275798028357997e-02
6.455158508242163640e-01 2.102714202583030184e-02
6.453007505740249172e-01 2.101383238830940858e-02
6.450857220000248970e-01 2.101384944507462410e-02
6.448707650783320755e-01 2.101055907297311176e-02
6.446558797850702183e-01 2.101689569994718079e-02
6.444410660963714177e-01 2.101586582114295387e-02
6.442263239883753156e-01 2.101538340565955662e-02
6.440116534372294366e-01 2.101354825448437449e-02
6.437970544190897426e-01 2.100830861724472740e-02
6.435825269101196344e-01 2.101295603715558000e-02
6.433680708864908393e-01 2.101492094863717172e-02
6.431536863243826341e-01 2.100952488061601578e-02
6.429393731999826223e-01 2.100905885491245392e-02
6.427251314894860679e-01 2.101301680484054385e-02
6.425109611690963396e-01 2.101026339444680979e-02
6.422968622150245777e-01 2.101134547564129443e-02
6.420828346034901379e-01 2.101199314873989851e-02
6.418688783107198148e-01 2.101177370024396099e-02
6.416549933129487293e-01 2.101159083994333029e-02
6.414411795864198851e-01 2.101171838425919952e-02
6.412274371073840573e-01 2.101086695215289776e-02
6.410137658521000148e-01 2.101471454637372088e-02
6.408001657968342979e-01 2.101238861238272776e-02
6.405866369178616626e-01 2.101237349485140377e-02
6.403731791914645255e-01 2.101201337719251286e-02
6.401597925939331857e-01 2.101376709477521115e-02
6.399464771015658249e-01 2.101252919441590900e-02
6.397332326906689515e-01 2.101340625401854761e-02
6.395200593375564013e-01 2.101551274453065249e-02
6.393069570185502259e-01 2.101431404982860920e-02
6.390939257099801374e-01 2.101442009216861542e-02
6.388809653881840633e-01 2.101467994058638794e-02
6.386680760295074810e-01 2.101552442871117490e-02
6.384552576103039723e-01 2.101745544422433873e-02
6.382425101069350015e-01 2.101582461257536782e-02
6.380298334957696937e-01 2.101696974464359324e-02
6.378172277531852785e-01 2.101477510718011837e-02
6.376046928555667570e-01 2.101569662687047257e-02
6.373922287793069019e-01 2.101920354131670693e-02
6.371798355008065906e-01 2.101596914047033221e-02
6.369675129964743610e-01 2.101682243362863398e-02
6.367552612427268555e-01 2.101563667122818835e-02
6.365430802159880441e-01 2.101620826127895483e-02
6.363309698926904456e-01 2.101786375179821864e-02
6.361189302492740172e-01 2.101740726373315521e-02
6.359069612621864875e-01 2.101717640223742939e-02
6.356950629078839121e-01 2.101756013828965861e-02
6.354832351628295628e-01 2.101798084841798378e-02
6.352714780034950381e-01 2.101877925423286178e-02
6.350597914063595972e-01 2.101783907497704884e-02
6.348481753479101597e-01 2.101996388779735908e-02
6.346366298046419718e-01 2.101907368047127231e-02
6.344251547530576074e-01 2.102008323552338048e-02
6.342137501696675228e-01 2.101989981791283976e-02
6.340024160309905010e-01 2.102074619760952237e-02
6.337911523135526526e-01 2.102077766004052314e-02
6.335799589938879706e-01 2.102190412730056343e-02
6.333688360485384417e-01 2.102276442621630811e-02
6.331577834540537131e-01 2.102124892029608866e-02
6.329468011869913147e-01 2.102280501421442682e-02
6.327358892239166588e-01 2.102269720346107429e-02
6.325250475414028184e-01 2.102474614762802133e-02
6.323142761160307490e-01 2.102354043191447322e-02
6.321035749243891777e-01 2.102384163007310278e-02
6.318929439430748252e-01 2.102463229626782421e-02
6.316823831486918506e-01 2.102343501936742437e-02
6.314718925178526288e-01 2.102422322662750656e-02
6.312614720271768620e-01 2.102363839296549422e-02
6.310511216532923573e-01 2.102415800156686235e-02
6.308408413728348041e-01 2.102439115334144362e-02
6.306306311624472194e-01 2.102486101850037370e-02
6.304204909987808358e-01 2.102481354514970646e-02
6.302104208584947687e-01 2.102503227637248298e-02
6.300004207182552385e-01 2.102622556567538062e-02
6.297904905547370147e-01 2.102570892995586985e-02
6.295806303446220831e-01 2.102697670356028573e-02
6.293708400646004231e-01 2.102704561558361995e-02
6.291611196913698967e-01 2.102724910932526892e-02
6.289514692016360264e-01 2.102729386138584011e-02
6.287418885721118844e-01 2.102876258080017130e-02
6.285323777795186473e-01 2.102829696976529425e-02
6.283229368005851523e-01 2.102979004290550513e-02
6.281135656120477861e-01 2.102802151069308595e-02
6.279042641906508182e-01 2.103333135898650258e-02
6.276950325131464004e-01 2.103074717956817524e-02
6.274858705562942340e-01 2.103205826074932422e-02
6.272767782968619033e-01 2.103231572007754555e-02
6.270677557116246525e-01 2.103176980640562507e-02
6.268588027773654980e-01 2.103604812045442585e-02
6.266499194708751164e-01 2.103287958177744305e-02
6.264411057689520668e-01 2.103228925010612940e-02
6.262323616484026800e-01 2.103322700451927887e-02
6.260236870860406144e-01 2.103445856627786381e-02
6.258150820586877439e-01 2.103440390182302958e-02
6.256065465431732697e-01 2.103320256619878315e-02
6.253980805163343870e-01 2.103312332531625042e-02
6.251896839550160623e-01 2.103388264942495506e-02
6.249813568360705895e-01 2.103457548415763739e-02
6.247730991363584785e-01 2.103490050318458648e-02
6.245649108327474552e-01 2.103427392409561864e-02
6.243567919021134616e-01 2.103453189363910236e-02
6.241487423213395447e-01 2.103507474683246822e-02
6.239407620673171895e-01 2.103541156266936635e-02
6.237328511169447642e-01 2.103578155468972463e-02
6.235250094471289639e-01 2.103573528815329274e-02
6.233172370347840330e-01 2.103625693709702121e-02
6.231095338568317654e-01 2.103646857491242583e-02
6.229018998902016158e-01 2.103706862669339414e-02
6.226943351118310321e-01 2.103737112720696287e-02
6.224868394986646791e-01 2.103777760017248172e-02
6.222794130276554370e-01 2.103812217247739286e-02
6.220720556757635133e-01 2.103837049494025266e-02
6.218647674199567765e-01 2.103885374688214613e-02
6.216575482372109773e-01 2.103902084263841593e-02
6.214503981045095271e-01 2.103955474010335558e-02
6.212433169988431647e-01 2.103984663001292471e-02
6.210363048972107336e-01 2.104034859834434668e-02
6.208293617766185157e-01 2.104061030892691656e-02
6.206224876140803426e-01 2.104134326487591689e-02
6.204156823866181503e-01 2.104169417462456448e-02
6.202089460712610913e-01 2.104192173061745705e-02
6.200022786450458678e-01 2.104253992517514729e-02
6.197956800850176196e-01 2.104278416189670625e-02
6.195891503682281476e-01 2.104318201793257265e-02
6.193826894717374687e-01 2.104355128593263582e-02
6.191762973726132602e-01 2.104399316912634876e-02
6.189699740479305268e-01 2.104442095534191093e-02
6.187637194747722669e-01 2.104470140153498134e-02
6.185575336302289173e-01 2.104540885675501571e-02
6.183514164913983535e-01 2.104609540100787352e-02
6.181453680353865554e-01 2.104612700968499367e-02
6.179393882393067194e-01 2.104662872131927639e-02
6.177334770802799246e-01 2.104711061275263070e-02
6.175276345354346885e-01 2.104750030734902841e-02
6.173218605819074112e-01 2.104796128534933142e-02
6.171161551968417092e-01 2.104841970786325289e-02
6.169105183573891926e-01 2.104906203678803475e-02
6.167049500407089102e-01 2.104947319327955466e-02
6.164994502239675711e-01 2.104980376776866002e-02
6.162940188843394340e-01 2.105036882853262431e-02
6.160886559990064182e-01 2.105054186327213334e-02
6.158833615451579924e-01 2.105102610984134481e-02
6.156781354999911748e-01 2.105166542385351544e-02
6.154729778407109775e-01 2.105234284215401139e-02
6.152678885445294066e-01 2.105251504296884457e-02
6.150628675886664620e-01 2.105343799598998963e-02
6.148579149503496932e-01 2.105406755335154437e-02
6.146530306068139771e-01 2.105437997605769801e-02
6.144482145353021840e-01 2.105469194979691164e-02
6.142434667130645121e-01 2.105529314192056828e-02
6.140387871173585976e-01 2.105559587749130865e-02
6.138341757254500708e-01 2.105602261680036835e-02
6.136296325146118891e-01 2.105687963619067363e-02
6.134251574621244485e-01 2.105736535396227418e-02
6.132207505452760277e-01 2.105796048806386420e-02
6.130164117413621216e-01 2.105813839778786917e-02
6.128121410276862191e-01 2.105922376058628684e-02
6.126079383815590251e-01 2.105942060335067728e-02
6.124038037802987944e-01 2.105997914537375421e-02
6.121997372012316641e-01 2.106062863544659255e-02
6.119957386216910988e-01 2.106122718554555989e-02
6.117918080190181129e-01 2.106210893263145076e-02
6.115879453705611590e-01 2.106275068377787968e-02
6.113841506536765724e-01 2.106318773473796896e-02
6.111804238457280158e-01 2.106331142688626715e-02
6.109767649240865905e-01 2.106411540620129613e-02
6.107731738661311693e-01 2.106540727274634414e-02
6.105696506492480635e-01 2.106566256171880230e-02
6.103661952508311339e-01 2.106571339912571145e-02
6.101628076482815688e-01 2.106614573033549487e-02
6.099594878190085501e-01 2.106779349805465787e-02
6.097562357404283651e-01 2.106909128503301615e-02
6.095530513899649616e-01 2.106900788973860641e-02
6.093499347450499481e-01 2.106982459494743595e-02
6.091468857831222605e-01 2.107074378840728332e-02
6.089439044816282731e-01 2.107035930207654117e-02
6.087409908180222429e-01 2.107128408060612162e-02
6.085381447697656432e-01 2.107327782129445742e-02
6.083353663143274970e-01 2.107281978518475013e-02
6.081326554291843767e-01 2.107337590670952179e-02
6.079300120918204042e-01 2.107423176114305713e-02
6.077274362797270291e-01 2.107621005617434096e-02
6.075249279704035832e-01 2.107658438159729780e-02
6.073224871413563930e-01 2.107632914222394224e-02
6.071201137700996675e-01 2.107827748523511541e-02
6.069178078341550542e-01 2.107935220808179744e-02
6.067155693110511949e-01 2.107872155448316590e-02
6.065133981783250583e-01 2.108051230596124509e-02
6.063112944135204962e-01 2.108182513875402758e-02
6.061092579941890213e-01 2.108118667271874011e-02
6.059072888978896954e-01 2.108281004944129872e-02
6.057053871021890190e-01 2.108676357281394007e-02
6.055035525846607092e-01 2.108279043638998027e-02
6.053017853228864764e-01 2.108552382353397897e-02
6.051000852944548036e-01 2.108611741272405429e-02
6.048984524769623894e-01 2.108707905354735221e-02
6.046968868480130377e-01 2.108874488350129597e-02
6.044953883852178800e-01 2.109288707993517073e-02
6.042939570661958193e-01 2.108997472077275143e-02
6.040925928685729751e-01 2.109279513543019929e-02
6.038912957699830164e-01 2.109028896674142520e-02
6.036900657480668286e-01 2.109363003787484078e-02
6.034889027804734019e-01 2.109352275962105699e-02
6.032878068448583875e-01 2.109813134421489184e-02
6.030867779188854305e-01 2.109569755207459790e-02
6.028858159802251704e-01 2.109979545748220942e-02
6.026849210065563511e-01 2.109868565473984811e-02
6.024840929755643781e-01 2.110028926488110093e-02
6.022833318649428724e-01 2.110140702739591104e-02
6.020826376523918944e-01 2.110374323164065924e-02
6.018820103156199419e-01 2.110092171566586502e-02
6.016814498323425076e-01 2.111199181672364714e-02
6.014809561802823001e-01 2.110610109680884430e-02
6.012805293371699111e-01 2.110710079644099665e-02
6.010801692807430374e-01 2.110961551408799611e-02
6.008798759887465923e-01 2.111046014104934684e-02
6.006796494389337049e-01 2.111190586234661104e-02
6.004794896090638323e-01 2.111412485816830178e-02
6.002793964769050916e-01 2.111363573391283194e-02
6.000793700202314840e-01 2.111829422925842054e-02
5.998794102168258924e-01 2.111824210840800020e-02
5.996795170444776391e-01 2.112123887910317271e-02
5.994796904809839289e-01 2.112035413372337009e-02
5.992799305041491831e-01 2.112461076441411040e-02
5.990802370917852615e-01 2.112756313411904077e-02
5.988806102217113514e-01 2.112465761279771342e-02
5.986810498717540785e-01 2.112692634145592330e-02
5.984815560197473960e-01 2.112711780234888606e-02
5.982821286435328068e-01 2.113115706067759253e-02
5.980827677209591409e-01 2.113043950059845591e-02
5.978834732298824450e-01 2.113905510962426487e-02
5.976842451481663154e-01 2.113664080114668886e-02
5.974850834536818978e-01 2.113825817502356166e-02
5.972859881243069990e-01 2.113916975026509243e-02
5.970869591379276420e-01 2.114669680767251869e-02
5.968879964724367326e-01 2.114589481883741642e-02
5.966891001057348376e-01 2.114752291500182277e-02
5.964902700157296289e-01 2.115123734439075184e-02
5.962915061803359951e-01 2.114964512895549376e-02
5.960928085774769292e-01 2.115599576550689781e-02
5.958941771850817526e-01 2.115872294579792048e-02
5.956956119810880024e-01 2.115818217554427810e-02
5.954971129434402100e-01 2.116158165834317387e-02
5.952986800500902342e-01 2.116664607550348617e-02
5.951003132789970396e-01 2.117231369574670841e-02
5.949020126081275839e-01 2.117820431554640059e-02
5.947037780154557085e-01 2.118242419357072026e-02
5.945056094789628043e-01 2.118501654007401425e-02
5.943075069766371454e-01 2.118754878311280426e-02
5.941094704864751108e-01 2.118734718930535485e-02
5.939114999864794076e-01 2.119263292138719515e-02
5.937135954546611805e-01 2.119777151779064436e-02
5.935157568690382357e-01 2.120363196725646993e-02
5.933179842076354849e-01 2.121036908129302068e-02
5.931202774484860551e-01 2.121815555235769327e-02
5.929226365696294021e-01 2.122684774912788827e-02
5.927250615491130858e-01 2.123729992147846413e-02
5.925275523649913278e-01 2.125044397424859580e-02
5.923301089953262322e-01 2.126062196593817705e-02
5.921327314181867862e-01 2.127840910702258684e-02
5.919354196116495270e-01 2.130012973839181742e-02
5.917381735537982079e-01 2.132340725987207780e-02
5.915409932227239098e-01 2.135186711336988993e-02
5.913438785965250410e-01 2.138869170042537529e-02
5.911468296533072264e-01 2.143462809801947519e-02
5.909498463711833072e-01 2.148294552831628290e-02
5.907529287282740071e-01 2.154963558374061242e-02
5.905560767027063784e-01 2.163736659361640766e-02
5.903592902726154668e-01 2.173813837377239558e-02
5.901625694161434232e-01 2.190976368201034627e-02
5.899659141114395045e-01 2.226816583806052324e-02
5.897693243366606275e-01 2.284223515115552106e-02
5.895728000699705929e-01 2.238823798454224814e-02
5.893763412895407505e-01 2.247529527964941404e-02
5.891799479735494449e-01 2.294766931601241108e-02
5.889836201001826810e-01 2.256504112386471805e-02
5.887873576476334581e-01 2.213199562505450968e-02
5.885911605941021030e-01 2.188031327041332907e-02
5.883950289177960480e-01 2.174954809673357303e-02
5.881989625969303859e-01 2.163425751351064075e-02
5.880029616097270928e-01 2.153802667227448786e-02
5.878070259344155835e-01 2.146705111772756122e-02
5.876111555492323779e-01 2.141446204111273344e-02
5.874153504324216568e-01 2.137125362996732461e-02
5.872196105622341511e-01 2.133954834702175840e-02
5.870239359169285853e-01 2.131240618226326947e-02
5.868283264747701233e-01 2.129246423298265800e-02
5.866327822140321446e-01 2.127555887898897533e-02
5.864373031129944680e-01 2.126093912553358653e-02
5.862418891499444618e-01 2.124960107540672591e-02
5.860465403031767107e-01 2.124021198823076648e-02
5.858512565509929049e-01 2.123035485328169866e-02
5.856560378717023951e-01 2.122184798424538860e-02
5.854608842436210825e-01 2.121502289471416738e-02
5.852657956450727506e-01 2.120830011025236911e-02
5.850707720543878443e-01 2.120237383813987353e-02
5.848758134499045802e-01 2.119752345593179169e-02
5.846809198099679472e-01 2.119398738844917307e-02
5.844860911129302616e-01 2.119068517915839028e-02
5.842913273371509453e-01 2.118771977764776632e-02
5.840966284609974135e-01 2.118637352747841998e-02
5.839019944628429659e-01 2.118254742044587552e-02
5.837074253210693398e-01 2.117988113992913535e-02
5.835129210140646006e-01 2.117689052137491923e-02
5.833184815202244744e-01 2.117476872709211227e-02
5.831241068179517928e-01 2.117275954135279525e-02
5.829297968856566037e-01 2.117143928533167171e-02
5.827355517017559494e-01 2.116903418286333535e-02
5.825413712446743109e-01 2.116641214666286838e-02
5.823472554928433853e-01 2.116426891842919031e-02
5.821532044247017534e-01 2.116204167287795423e-02
5.819592180186954344e-01 2.116006154530938183e-02
5.817652962532777750e-01 2.116068153072066943e-02
5.815714391069086719e-01 2.115673944316545652e-02
5.813776465580559050e-01 2.115561831927797662e-02
5.811839185851941370e-01 2.115411231259487282e-02
5.809902551668052473e-01 2.115131786367463809e-02
5.807966562813781097e-01 2.115061144422457351e-02
5.806031219074089256e-01 2.115197258374834285e-02
5.804096520234010015e-01 2.114781072340712539e-02
5.802162466078649716e-01 2.114546298703841309e-02
5.800229056393185756e-01 2.114525204028405367e-02
5.798296290962864363e-01 2.114219786982385330e-02
5.796364169573005043e-01 2.114245574946689576e-02
5.794432692009001684e-01 2.114328207186350062e-02
5.792501858056317010e-01 2.113867871882345317e-02
5.790571667500482578e-01 2.113693560583996059e-02
5.788642120127106550e-01 2.113758770871946441e-02
5.786713215721865922e-01 2.113491293000247656e-02
5.784784954070508745e-01 2.113611738917995503e-02
5.782857334958855233e-01 2.113489791933049339e-02
5.780930358172796657e-01 2.113389842869454333e-02
5.779004023498297560e-01 2.113071309451602584e-02
5.777078330721390209e-01 2.113060353534318772e-02
5.775153279628180147e-01 2.113087201420536104e-02
5.773228870004845081e-01 2.113082704688660357e-02
5.771305101637631552e-01 2.112817488196263443e-02
5.769381974312860484e-01 2.112720063807153187e-02
5.767459487816921637e-01 2.112472423864779000e-02
5.765537641936275826e-01 2.112642607764966124e-02
5.763616436457456027e-01 2.112546676861986814e-02
5.761695871167065164e-01 2.112305247444583658e-02
5.759775945851781653e-01 2.112311182178688157e-02
5.757856660298349416e-01 2.112104730387712875e-02
5.755938014293583427e-01 2.112299138779614310e-02
5.754020007624376376e-01 2.112229870166771120e-02
5.752102640077683127e-01 2.111910462052697321e-02
5.750185911440535147e-01 2.111917237593423716e-02
5.748269821500036070e-01 2.112104546957405127e-02
5.746354370043353921e-01 2.111993948292761880e-02
5.744439556857733331e-01 2.111746037429552622e-02
5.742525381730489986e-01 2.111560715331676358e-02
5.740611844449006185e-01 2.111610193214851980e-02
5.738698944800740831e-01 2.111624123208499099e-02
5.736786682573215002e-01 2.111579017296181041e-02
5.734875057554029709e-01 2.111384171830142653e-02
5.732964069530852580e-01 2.111211137920448316e-02
5.731053718291420074e-01 2.111639249865535084e-02
5.729144003623546366e-01 2.111384650519999504e-02
5.727234925315106695e-01 2.111031314482891136e-02
5.725326483154055124e-01 2.111099597117196622e-02
5.723418676928412330e-01 2.111060126576799062e-02
5.721511506426271154e-01 2.111166378199100593e-02
5.719604971435791052e-01 2.111049187005439171e-02
5.717699071745209194e-01 2.110823380953644884e-02
5.715793807142829364e-01 2.110792107501707759e-02
5.713889177417021958e-01 2.110819878462154991e-02
5.711985182356236201e-01 2.110675252232126556e-02
5.710081821748985709e-01 2.110632452767219336e-02
5.708179095383857371e-01 2.110591338770371680e-02
5.706277003049506913e-01 2.110563515238463722e-02
5.704375544534662223e-01 2.110530908267733291e-02
5.702474719628118915e-01 2.110570278327944874e-02
5.700574528118746986e-01 2.110870665314773867e-02
5.698674969795480827e-01 2.110516487345201475e-02
5.696776044447330323e-01 2.110463008627752254e-02
5.694877751863376414e-01 2.110823706350983819e-02
5.692980091832764433e-01 2.110454715296651226e-02
5.691083064144715209e-01 2.110931264398702850e-02
5.689186668588520623e-01 2.110758868870493341e-02
5.687290904953534731e-01 2.110644593267481384e-02
5.685395773029191524e-01 2.111116839607545675e-02
5.683501272604989385e-01 2.111080221769990120e-02
5.681607403470498863e-01 2.111739632994370786e-02
5.679714165415359339e-01 2.110211754914200627e-02
5.677821558229283472e-01 2.110193381561917964e-02
5.675929581702048310e-01 2.110350565065337303e-02
5.674038235623506399e-01 2.109979423630414450e-02
5.672147519783579117e-01 2.109931449447180127e-02
5.670257433972255567e-01 2.109899538664028115e-02
5.668367977979593686e-01 2.109972697267448877e-02
5.666479151595728014e-01 2.109767438034166817e-02
5.664590954610857487e-01 2.109813143722459594e-02
5.662703386815253204e-01 2.109713602578376646e-02
5.660816447999251766e-01 2.109672944024469643e-02
5.658930137953266382e-01 2.109649594913063503e-02
5.657044456467776872e-01 2.109637130007499875e-02
5.655159403333333001e-01 2.109578204775603219e-02
5.653274978340553369e-01 2.109537000299247997e-02
5.651391181280125409e-01 2.109534009567725146e-02
5.649508011942810937e-01 2.109493139001319267e-02
5.647625470119436164e-01 2.109460580915797218e-02
5.645743555600902797e-01 2.109439573225530690e-02
5.643862268178176933e-01 2.109427444438356433e-02
5.641981607642295726e-01 2.109413527486779169e-02
5.640101573784367384e-01 2.109387650799866148e-02
5.638222166395567836e-01 2.109346375190652989e-02
5.636343385267145178e-01 2.109335045145726076e-02
5.634465230190415230e-01 2.109307877070787027e-02
5.632587700956762644e-01 2.109290770745889110e-02
5.630710797357643127e-01 2.109274306496522478e-02
5.628834519184580110e-01 2.109244272081780072e-02
5.626958866229171408e-01 2.109227997357459791e-02
5.625083838283075899e-01 2.109227158782133252e-02
5.623209435138029066e-01 2.109208229965077452e-02
5.621335656585834117e-01 2.109175373292243236e-02
5.619462502418360872e-01 2.109150041390386518e-02
5.617589972427550205e-01 2.109123853712464164e-02
5.615718066405416264e-01 2.109109536712659369e-02
5.613846784144034263e-01 2.109086427495809532e-02
5.611976125435554907e-01 2.109087220251640998e-02
5.610106090072197738e-01 2.109040143540673665e-02
5.608236677846248908e-01 2.109039907856447710e-02
5.606367888550064515e-01 2.109016516031572350e-02
5.604499721976070603e-01 2.109002363948591502e-02
5.602632177916765377e-01 2.108984858808012064e-02
5.600765256164711436e-01 2.108973913782286047e-02
5.598898956512540215e-01 2.108951761564040878e-02
5.597033278752955310e-01 2.108930783347954738e-02
5.595168222678729153e-01 2.108911661626054410e-02
5.593303788082700789e-01 2.108906882334621660e-02
5.591439974757781428e-01 2.108879878043524655e-02
5.589576782496948892e-01 2.108873704585522910e-02
5.587714211093249839e-01 2.108840771373498429e-02
5.585852260339801978e-01 2.108847444689501346e-02
5.583990930029794075e-01 2.108827764242433844e-02
5.582130219956473738e-01 2.108810082420539689e-02
5.580270129913168509e-01 2.108799715076446063e-02
5.578410659693270324e-01 2.108792537253433713e-02
5.576551809090239953e-01 2.108765121507226448e-02
5.574693577897607000e-01 2.108777778327988392e-02
5.572835965908971012e-01 2.108765852568688509e-02
5.570978972917997041e-01 2.108770213684519820e-02
5.569122598718423411e-01 2.108719933093238658e-02
5.567266843104056173e-01 2.108703706912588502e-02
5.565411705868765768e-01 2.108706312914751524e-02
5.563557186806497024e-01 2.108689077630125641e-02
5.561703285711259159e-01 2.108657691226332662e-02
5.559850002377132450e-01 2.108652377323365357e-02
5.557997336598267113e-01 2.108641645392388825e-02
5.556145288168876650e-01 2.108666278602489008e-02
5.554293856883248948e-01 2.108620255203015950e-02
5.552443042535735174e-01 2.108612806878206944e-02
5.550592844920761992e-01 2.108612751592807075e-02
5.548743263832818240e-01 2.108601742211221874e-02
5.546894299066461587e-01 2.108628622482194848e-02
5.545045950416321867e-01 2.108595518230629504e-02
5.543198217677097750e-01 2.108545153192889834e-02
5.541351100643547856e-01 2.108559916772506648e-02
5.539504599110510741e-01 2.108552803050899038e-02
5.537658712872886024e-01 2.108551504284602446e-02
5.535813441725645490e-01 2.108594256307822976e-02
5.533968785463823092e-01 2.108523539513758663e-02
5.532124743882528284e-01 2.108507705830436202e-02
5.530281316776936018e-01 2.108524813012131738e-02
5.528438503942287863e-01 2.108455330128970392e-02
5.526596305173896440e-01 2.108548802920299711e-02
5.524754720267139874e-01 2.108537457471983123e-02
5.522913749017467344e-01 2.108440461151968662e-02
5.521073391220392423e-01 2.108451100639594997e-02
5.519233646671501958e-01 2.108414075567997467e-02
5.517394515166447189e-01 2.108468965856652791e-02
5.515555996500945968e-01 2.108489961468497376e-02
5.513718090470788313e-01 2.108451097688125372e-02
5.511880796871830857e-01 2.108414932977215744e-02
5.510044115499997952e-01 2.108412804465469026e-02
5.508208046151280568e-01 2.108407085414559443e-02
5.506372588621739617e-01 2.108395553007061038e-02
5.504537742707503734e-01 2.108451536231269879e-02
5.502703508204768168e-01 2.108421250812338860e-02
5.500869884909798113e-01 2.108384362062433112e-02
5.499036872618923155e-01 2.108353251561228062e-02
5.497204471128547265e-01 2.108395378526038005e-02
5.495372680235136587e-01 2.108419176492025079e-02
5.493541499735223876e-01 2.108360294316561148e-02
5.491710929425415166e-01 2.108335402966892216e-02
5.489880969102380881e-01 2.108327806449125652e-02
5.488051618562858058e-01 2.108393897524148131e-02
5.486222877603657011e-01 2.108309896366663064e-02
5.484394746021649114e-01 2.108317540082158686e-02
5.482567223613777907e-01 2.108273920209029900e-02
5.480740310177051322e-01 2.108307292809405778e-02
5.478914005508548346e-01 2.108461436278752377e-02
5.477088309405413469e-01 2.108230644848541405e-02
5.475263221664858904e-01 2.108315935802887106e-02
5.473438742084162367e-01 2.108222529661706729e-02
5.471614870460674851e-01 2.108314820316008198e-02
5.469791606591810629e-01 2.108269661262360956e-02
5.467968950275052809e-01 2.108278613877713828e-02
5.466146901307948891e-01 2.108406492179746086e-02
5.464325459488118542e-01 2.108354967429756227e-02
5.462504624613246929e-01 2.108212204707720847e-02
5.460684396481088054e-01 2.108308987152330075e-02
5.458864774889458094e-01 2.108300843998895877e-02
5.457045759636245386e-01 2.108183509112314391e-02
5.455227350519403773e-01 2.108122350329273698e-02
5.453409547336958152e-01 2.108160666248401482e-02
5.451592349886995592e-01 2.108151988472264232e-02
5.449775757967673107e-01 2.108188956566918459e-02
5.447959771377213212e-01 2.108200891775775451e-02
5.446144389913908368e-01 2.108131958948122886e-02
5.444329613376115429e-01 2.108296218521998194e-02
5.442515441562261191e-01 2.108176399668454382e-02
5.440701874270837957e-01 2.108139802907972246e-02
5.438888911300404638e-01 2.108223312942136829e-02
5.437076552449586764e-01 2.108269214501030941e-02
5.435264797517080915e-01 2.108181546255568500e-02
5.433453646301646955e-01 2.108112972379144398e-02
5.431643098602113584e-01 2.108153494184921220e-02
5.429833154217372782e-01 2.108174879322002176e-02
5.428023812946390914e-01 2.108105658604659746e-02
5.426215074588193188e-01 2.108145030749384100e-02
5.424406938941879197e-01 2.108162690317139445e-02
5.422599405806609596e-01 2.108126451308187793e-02
5.420792474981616094e-01 2.108139384262891491e-02
5.418986146266193682e-01 2.108097711809112790e-02
5.417180419459707297e-01 2.108125196496759765e-02
5.415375294361586267e-01 2.108197586866880635e-02
5.413570770771327645e-01 2.108166295875561064e-02
5.411766848488498427e-01 2.108082714235521779e-02
5.409963527312727782e-01 2.108187399665682402e-02
5.408160807043712603e-01 2.108212845504604110e-02
5.406358687481218617e-01 2.108056065651888258e-02
5.404557168425075941e-01 2.108215639799657093e-02
5.402756249675183531e-01 2.108200818934353321e-02
5.400955931031506951e-01 2.108076795972969875e-02
5.399156212294075052e-01 2.108031141802192004e-02
5.397357093262987737e-01 2.108045964922755644e-02
5.395558573738408192e-01 2.108012931231749085e-02
5.393760653520566217e-01 2.108017208526858505e-02
5.391963332409762666e-01 2.107976629526590179e-02
5.390166610206360565e-01 2.107976192251673903e-02
5.388370486710789553e-01 2.107960972149015150e-02
5.386574961723549215e-01 2.107939100290027665e-02
5.384780035045200197e-01 2.107929147075329399e-02
5.382985706476374199e-01 2.107921190998926844e-02
5.381191975817767315e-01 2.107899456077597100e-02
5.379398842870143360e-01 2.107920010327549859e-02
5.377606307434331656e-01 2.107928638864187479e-02
5.375814369311227026e-01 2.107901676318252662e-02
5.374023028301793126e-01 2.107892443720219694e-02
5.372232284207056896e-01 2.107902427648350452e-02
5.370442136828114110e-01 2.107893031837811473e-02
5.368652585966124935e-01 2.107887068322700924e-02
5.366863631422317260e-01 2.107887685382731774e-02
5.365075272997985589e-01 2.107876000341644268e-02
5.363287510494485488e-01 2.107887642730841768e-02
5.361500343713246908e-01 2.107860946733657037e-02
5.359713772455761971e-01 2.107860789081579533e-02
5.357927796523586084e-01 2.107858962313469142e-02
5.356142415718347927e-01 2.107854070976654393e-02
5.354357629841733912e-01 2.107853931336085146e-02
5.352573438695501507e-01 2.107854610123106529e-02
5.350789842081473680e-01 2.107842822819292611e-02
5.349006839801540014e-01 2.107836117876851767e-02
5.347224431657653376e-01 2.107847672931338276e-02
5.345442617451835465e-01 2.107831193861651325e-02
5.343661396986173484e-01 2.107825329146775090e-02
5.341880770062819028e-01 2.107824469714200330e-02
5.340100736483990307e-01 2.107821051273645746e-02
5.338321296051971032e-01 2.107818756608818844e-02
5.336542448569115971e-01 2.107820364355253787e-02
5.334764193837836510e-01 2.107824381016451878e-02
5.332986531660616203e-01 2.107814955986103689e-02
5.331209461840001884e-01 2.107810599028581838e-02
5.329432984178608113e-01 2.107807141003328888e-02
5.327657098479114950e-01 2.107810188336402962e-02
5.325881804544266851e-01 2.107826918245118974e-02
5.324107102176873774e-01 2.107811206543728014e-02
5.322332991179814510e-01 2.107794257624050205e-02
5.320559471356027803e-01 2.107811467142860565e-02
5.318786542508524562e-01 2.107790366384484915e-02
5.317014204440377867e-01 2.107796298816426092e-02
5.315242456954726302e-01 2.107780625386207474e-02
5.313471299854773955e-01 2.107792533344467201e-02
5.311700732943792636e-01 2.107790857346046598e-02
5.309930756025117438e-01 2.107773753287185692e-02
5.308161368902148958e-01 2.107792620085639085e-02
5.306392571378356626e-01 2.107802045629365156e-02
5.304624363257269826e-01 2.107798686647356298e-02
5.302856744342487882e-01 2.107764386143682472e-02
5.301089714437675626e-01 2.107760464432626921e-02
5.299323273346560059e-01 2.107784800526380994e-02
5.297557420872935907e-01 2.107756966207928809e-02
5.295792156820661178e-01 2.107760498941113614e-02
5.294027480993662715e-01 2.107747253300775586e-02
5.292263393195930643e-01 2.107767959568782046e-02
5.290499893231519479e-01 2.107733028331001957e-02
5.288736980904552576e-01 2.107755153859254549e-02
5.286974656019212127e-01 2.107742202025640610e-02
5.285212918379751379e-01 2.107742603101864232e-02
5.283451767790486864e-01 2.107730335913662531e-02
5.281691204055801725e-01 2.107736154944393758e-02
5.279931226980141279e-01 2.107726208032845855e-02
5.278171836368017455e-01 2.107750765598404366e-02
5.276413032024009908e-01 2.107734141765945854e-02
5.274654813752759352e-01 2.107745813355811973e-02
5.272897181358972007e-01 2.107764447267228627e-02
5.271140134647422926e-01 2.107752247859439113e-02
5.269383673422948222e-01 2.107713444338307762e-02
5.267627797490449515e-01 2.107732468165652781e-02
5.265872506654898366e-01 2.107709445410479998e-02
5.264117800721325180e-01 2.107707643185915622e-02
5.262363679494826973e-01 2.107698259938567409e-02
5.260610142780565157e-01 2.107708518806587772e-02
5.258857190383769975e-01 2.107693590185036325e-02
5.257104822109732734e-01 2.107697583834476293e-02
5.255353037763812463e-01 2.107706266371173892e-02
5.253601837151428144e-01 2.107701374019288823e-02
5.251851220078068705e-01 2.107713209958123057e-02
5.250101186349284133e-01 2.107695383498433758e-02
5.248351735770694360e-01 2.107704557395876505e-02
5.246602868147977050e-01 2.107706917854821477e-02
5.244854583286880922e-01 2.107711761829853675e-02
5.243106880993216867e-01 2.107700148401722706e-02
5.241359761072859058e-01 2.107765844343116937e-02
5.239613223331748282e-01 2.107726839565228841e-02
5.237867267575888608e-01 2.107725303375123163e-02
5.236121893611351830e-01 2.107755154186732871e-02
5.234377101244269692e-01 2.107697302330414565e-02
5.232632890280842775e-01 2.107743771866495142e-02
5.230889260527332718e-01 2.107688550686899823e-02
5.229146211790069998e-01 2.107670309564320041e-02
5.227403743875443931e-01 2.107685579056259306e-02
5.225661856589913778e-01 2.107675811677332464e-02
5.223920549739999863e-01 2.107686292277795304e-02
5.222179823132289123e-01 2.107662882970265036e-02
5.220439676573430665e-01 2.107671295337988984e-02
5.218700109870140214e-01 2.107664747924489768e-02
5.216961122829196773e-01 2.107666754385720265e-02
5.215222715257443742e-01 2.107657458617635121e-02
5.213484886961788911e-01 2.107663380574286913e-02
5.211747637749206685e-01 2.107655174600827144e-02
5.210010967426730311e-01 2.107659400544997785e-02
5.208274875801462978e-01 2.107656165833525150e-02
5.206539362680568939e-01 2.107654267486639907e-02
5.204804427871277950e-01 2.107656107802245715e-02
5.203070071180884160e-01 2.107658343393275721e-02
5.201336292416745000e-01 2.107651964010606380e-02
5.199603091386282294e-01 2.107649974152977362e-02
5.197870467896982261e-01 2.107648160906399823e-02
5.196138421756397729e-01 2.107647776486116023e-02
5.194406952772139263e-01 2.107662884229148659e-02
5.192676060751888478e-01 2.107657738503968328e-02
5.190945745503386943e-01 2.107650017880524987e-02
5.189216006834441730e-01 2.107652543049422234e-02
5.187486844552924303e-01 2.107655597476503287e-02
5.185758258466768300e-01 2.107648752187266453e-02
5.184030248383973971e-01 2.107656081032421164e-02
5.182302814112602629e-01 2.107656699298104952e-02
5.180575955460781090e-01 2.107662386599044868e-02
5.178849672236701673e-01 2.107653941101041498e-02
5.177123964248618870e-01 2.107670407593231765e-02
5.175398831304849345e-01 2.107664797903042661e-02
5.173674273213778596e-01 2.107660653754022881e-02
5.171950289783850963e-01 2.107666388220450979e-02
5.170226880823575177e-01 2.107688857781588043e-02
5.168504046141527697e-01 2.107673990913903894e-02
5.166781785546344929e-01 2.107667234114505433e-02
5.165060098846729897e-01 2.107673388750300886e-02
5.163338985851444463e-01 2.107678763731651861e-02
5.161618446369322655e-01 2.107681105971355787e-02
5.159898480209251792e-01 2.107676921266095696e-02
5.158179087180191358e-01 2.107682567788107461e-02
5.156460267091160787e-01 2.107694065001045752e-02
5.154742019751243909e-01 2.107694398936334201e-02
5.153024344969586723e-01 2.107701912906064651e-02
5.151307242555401844e-01 2.107682906424662370e-02
5.149590712317961838e-01 2.107705989195299973e-02
5.147874754066604774e-01 2.107694074351363495e-02
5.146159367610734225e-01 2.107736234826440569e-02
5.144444552759813716e-01 2.107692333846148194e-02
5.142730309323373383e-01 2.107718917281116780e-02
5.141016637111002208e-01 2.107697159384714844e-02
5.139303535932358002e-01 2.107738864797115835e-02
5.137591005597158533e-01 2.107712681367367516e-02
5.135879045915187069e-01 2.107730556772518388e-02
5.134167656696287940e-01 2.107731285553537601e-02
5.132456837750370982e-01 2.107731193470272282e-02
5.130746588887408199e-01 2.107715320357154976e-02
5.129036909917433773e-01 2.107771929562312144e-02
5.127327800650550715e-01 2.107745696803656893e-02
5.125619260896917551e-01 2.107716896754855199e-02
5.123911290466762747e-01 2.107746545244207348e-02
5.122203889170372504e-01 2.107760165547634124e-02
5.120497056818098525e-01 2.107734915573983639e-02
5.118790793220358015e-01 2.107769583728463791e-02
5.117085098187629244e-01 2.107801465349560394e-02
5.115379971530451542e-01 2.107701986240406722e-02
5.113675413059430852e-01 2.107807390633127664e-02
5.111971422585236402e-01 2.107742660101681598e-02
5.110267999918596260e-01 2.107782246009716476e-02
5.108565144870306218e-01 2.107787948756330298e-02
5.106862857251220911e-01 2.107746466709572303e-02
5.105161136872263805e-01 2.107755313454552290e-02
5.103459983544414991e-01 2.107809468044588574e-02
5.101759397078722280e-01 2.107752609941510036e-02
5.100059377286293438e-01 2.107790839856996112e-02
5.098359923978299513e-01 2.107803650971146539e-02
5.096661036965978164e-01 2.107793263236956358e-02
5.094962716060622565e-01 2.107778565860713577e-02
5.093264961073599162e-01 2.107891741587047604e-02
5.091567771816326582e-01 2.107733439824161989e-02
5.089871148100293397e-01 2.107754038317906017e-02
5.088175089737045909e-01 2.107826433725844273e-02
5.086479596538200365e-01 2.107802691091983580e-02
5.084784668315428524e-01 2.107816195953436320e-02
5.083090304880467647e-01 2.107839926082336404e-02
5.081396506045118278e-01 2.107800440943878931e-02
5.079703271621244243e-01 2.107828494358484489e-02
5.078010601420770431e-01 2.107847732506751282e-02
5.076318495255685015e-01 2.107813477161992605e-02
5.074626952938039448e-01 2.107831109551272161e-02
5.072935974279945137e-01 2.107867528175992600e-02
5.071245559093580102e-01 2.107794658023648404e-02
5.069555707191183425e-01 2.107844437618510217e-02
5.067866418385054139e-01 2.107930301110314680e-02
5.066177692487559003e-01 2.107786846066729558e-02
5.064489529311120286e-01 2.107761696646005128e-02
5.062801928668231310e-01 2.107806359009948421e-02
5.061114890371440911e-01 2.107817458755678261e-02
5.059428414233362314e-01 2.107864577079091722e-02
5.057742500066673141e-01 2.107833444198022391e-02
5.056057147684112074e-01 2.107794967795939556e-02
5.054372356898477747e-01 2.107775918782556560e-02
5.052688127522637629e-01 2.107776962071694279e-02
5.051004459369513588e-01 2.107751740953783121e-02
5.049321352252095219e-01 2.107767647473011291e-02
5.047638805983434285e-01 2.107769381657937507e-02
5.045956820376641394e-01 2.107753394395849370e-02
5.044275395244892657e-01 2.107813756398313129e-02
5.042594530401425246e-01 2.107796477869611912e-02
5.040914225659538506e-01 2.107795002273809420e-02
5.039234480832593954e-01 2.107836592125740538e-02
5.037555295734016392e-01 2.107799745863110294e-02
5.035876670177289460e-01 2.107870075659158335e-02
5.034198603975963415e-01 2.107823990721314697e-02
5.032521096943648464e-01 2.107678842794841190e-02
5.030844148894016987e-01 2.107811872992133850e-02
5.029167759640803537e-01 2.107776298484323463e-02
5.027491928997803727e-01 2.107695190358519974e-02
5.025816656778877567e-01 2.107702149758713256e-02
5.024141942797943905e-01 2.107755817541501903e-02
5.022467786868988204e-01 2.107627125993151093e-02
5.020794188806052549e-01 2.107573622421633416e-02
5.019121148423243417e-01 2.107514772234789918e-02
5.017448665534731678e-01 2.107476989901332920e-02
5.015776739954747043e-01 2.107442442123490245e-02
5.014105371497580288e-01 2.107394646723326562e-02
5.012434559977587689e-01 2.107391811753714719e-02
5.010764305209184366e-01 2.107342552218865322e-02
5.009094607006847610e-01 2.107314700596017720e-02
5.007425465185119107e-01 2.107294912948106877e-02
5.005756879558600492e-01 2.107278276726458691e-02
5.004088849941952244e-01 2.107251130841092390e-02
5.002421376149901455e-01 2.107208748670852741e-02
