9.089826947564526582e-01 2.095529170982661157e-02
9.086798014892895070e-01 2.096557090547086083e-02
9.083770091529053126e-01 2.096495693304341323e-02
9.080743177136673117e-01 2.096106642603083950e-02
9.077717271379546204e-01 2.097161695210669058e-02
9.074692373921571242e-01 2.095028156929924432e-02
9.071668484426761436e-01 2.097496299510148363e-02
9.068645602559242125e-01 2.092469989118059606e-02
9.065623727983247448e-01 2.098050220273542377e-02
9.062602860363124790e-01 2.095162157563393995e-02
9.059582999363336997e-01 2.094053648633265388e-02
9.056564144648452386e-01 2.096812340006497938e-02
9.053546295883158068e-01 2.094466264509740536e-02
9.050529452732245517e-01 2.094781192725186578e-02
9.047513614860624998e-01 2.093452759031837890e-02
9.044498781933312248e-01 2.097053225160126419e-02
9.041484953615441800e-01 2.095136542881208611e-02
9.038472129572250324e-01 2.092762213556877138e-02
9.035460309469092177e-01 2.092952120377116268e-02
9.032449492971436067e-01 2.098920864433957353e-02
9.029439679744852842e-01 2.094298542411783884e-02
9.026430869455034367e-01 2.099767524313407921e-02
9.023423061767776865e-01 2.091897653950574101e-02
9.020416256348993134e-01 2.102362526000218709e-02
9.017410452864704773e-01 2.097550207134842026e-02
9.014405650981044404e-01 2.097135563472384695e-02
9.011401850364256783e-01 2.100732836156123454e-02
9.008399050680695463e-01 2.100180630832067588e-02
9.005397251596829467e-01 2.096524259029444726e-02
9.002396452779235503e-01 2.107031359797769884e-02
8.999396653894603526e-01 2.092300459294509085e-02
8.996397854609731182e-01 2.094954539354746889e-02
8.993400054591534909e-01 2.107943576261629010e-02
8.990403253507032177e-01 2.110969718284065599e-02
8.987407451023357030e-01 2.097141488116922164e-02
8.984412646807754532e-01 2.101137139952282892e-02
8.981418840527576331e-01 2.094062872680850854e-02
8.978426031850293976e-01 2.095348178921356899e-02
8.975434220443477829e-01 2.107032951163643336e-02
8.972443405974819264e-01 2.104192929297915571e-02
8.969453588112115128e-01 2.096135291083273816e-02
8.966464766523272178e-01 2.103651502526928188e-02
8.963476940876312637e-01 2.098476739852335807e-02
8.960490110839365308e-01 2.097689307780756934e-02
8.957504276080671124e-01 2.103556849247622748e-02
8.954519436268580934e-01 2.101008525784459416e-02
8.951535591071557718e-01 2.095386615680646172e-02
8.948552740158169927e-01 2.100202145934713591e-02
8.945570883197104806e-01 2.097279829707687435e-02
8.942590019857152850e-01 2.103106180717797397e-02
8.939610149807215578e-01 2.094114443922709401e-02
8.936631272716307750e-01 2.101344058980535168e-02
8.933653388253557370e-01 2.101023618662266335e-02
8.930676496088194583e-01 2.102511706331711139e-02
8.927700595889563884e-01 2.101000539693871974e-02
8.924725687327120793e-01 2.102746356964229138e-02
8.921751770070429632e-01 2.103242715384198713e-02
8.918778843789167965e-01 2.103628955037777429e-02
8.915806908153114385e-01 2.098916254423571076e-02
8.912835962832170722e-01 2.099152475960747860e-02
8.909866007496337614e-01 2.097234652628774884e-02
8.906897041815731164e-01 2.093210001304136175e-02
8.903929065460577386e-01 2.092350870089737525e-02
8.900962078101209984e-01 2.091013708772412535e-02
8.897996079408073689e-01 2.093388866302799134e-02
8.895031069051723138e-01 2.088955198110704209e-02
8.892067046702820665e-01 2.088658164135498430e-02
8.889104012032142954e-01 2.092733932544079550e-02
8.886141964710571051e-01 2.091523146593654570e-02
8.883180904409100354e-01 2.091413322436563860e-02
8.880220830798833953e-01 2.088974169306306167e-02
8.877261743550982631e-01 2.089371550317697598e-02
8.874303642336870412e-01 2.089021542327374262e-02
8.871346526827927903e-01 2.090026202979387848e-02
8.868390396695696731e-01 2.089762153580837153e-02
8.865435251611823997e-01 2.089331198912157059e-02
8.862481091248074483e-01 2.089405564636800591e-02
8.859527915276315113e-01 2.089643455506124195e-02
8.856575723368524944e-01 2.088288259247497725e-02
8.853624515196791833e-01 2.089191463175801150e-02
8.850674290433312441e-01 2.088476825458340791e-02
8.847725048750396670e-01 2.089311008649084520e-02
8.844776789820454344e-01 2.087985950152322634e-02
8.841829513316015188e-01 2.088554087400160131e-02
8.838883218909712181e-01 2.089135809638767091e-02
8.835937906274285991e-01 2.088761087261324645e-02
8.832993575082592752e-01 2.089788149848742851e-02
8.830050225007588516e-01 2.089200479584051029e-02
8.827107855722347018e-01 2.088717498201594566e-02
8.824166466900046357e-01 2.089415769854599536e-02
8.821226058213974541e-01 2.090439389453978974e-02
8.818286629337528382e-01 2.088263507634123897e-02
8.815348179944212381e-01 2.090009534588442922e-02
8.812410709707643175e-01 2.088857817306241996e-02
8.809474218301542869e-01 2.089210833773565493e-02
8.806538705399741263e-01 2.089353495431856694e-02
8.803604170676182505e-01 2.089521725792701026e-02
8.800670613804912890e-01 2.088957941635991369e-02
8.797738034460093060e-01 2.088586486361936057e-02
8.794806432315986910e-01 2.089521788095001498e-02
8.791875807046970470e-01 2.088903152094710031e-02
8.788946158327528568e-01 2.089642756661367479e-02
8.786017485832249285e-01 2.090039150945581167e-02
8.783089789235837275e-01 2.089601994281491126e-02
8.780163068213099331e-01 2.089856474712552953e-02
8.777237322438952161e-01 2.088950429035387607e-02
8.774312551588423492e-01 2.088830699420196613e-02
8.771388755336643195e-01 2.089785060971960026e-02
8.768465933358855491e-01 2.089762324350189979e-02
8.765544085330412294e-01 2.088954165468226432e-02
8.762623210926768769e-01 2.089989450261442450e-02
8.759703309823493322e-01 2.090377730681030471e-02
8.756784381696260944e-01 2.089116232764712949e-02
8.753866426220853203e-01 2.089954403607852812e-02
8.750949443073162692e-01 2.089920754661211966e-02
8.748033431929185255e-01 2.089276742507858303e-02
8.745118392465028867e-01 2.089908606128525886e-02
8.742204324356910305e-01 2.089271644037973136e-02
8.739291227281148489e-01 2.090109605342311411e-02
8.736379100914176687e-01 2.089916500724085455e-02
8.733467944932532534e-01 2.089828676204064442e-02
8.730557759012860242e-01 2.089482946107052916e-02
8.727648542831916156e-01 2.090033966073134852e-02
8.724740296066559875e-01 2.089690897995495969e-02
8.721833018393762016e-01 2.089577604741871958e-02
8.718926709490596449e-01 2.089570014231076009e-02
8.716021369034252508e-01 2.089998595244093108e-02
8.713116996702017225e-01 2.090843397628660422e-02
8.710213592171293095e-01 2.090439666629188495e-02
8.707311155119585866e-01 2.089693267792270756e-02
8.704409685224511195e-01 2.089676211979574205e-02
8.701509182163787992e-01 2.089898606529413255e-02
8.698609645615250630e-01 2.090428252294974226e-02
8.695711075256831180e-01 2.090399901724662030e-02
8.692813470766574957e-01 2.089767504078197252e-02
8.689916831822632748e-01 2.089716793805957915e-02
8.687021158103264140e-01 2.089728596195313676e-02
8.684126449286834193e-01 2.090040495521359662e-02
8.681232705051816767e-01 2.090889250268741437e-02
8.678339925076791195e-01 2.090208356301493861e-02
8.675448109040443390e-01 2.090065653155751338e-02
8.672557256621569177e-01 2.090244464346797948e-02
8.669667367499069854e-01 2.089782274460934286e-02
8.666778441351951079e-01 2.090127019826240606e-02
8.663890477859329531e-01 2.090063551455581189e-02
8.661003476700429582e-01 2.090238950354727024e-02
8.658117437554576634e-01 2.090024363604816790e-02
8.655232360101210443e-01 2.090145954040167550e-02
8.652348244019868462e-01 2.090803337045910731e-02
8.649465088990204720e-01 2.090095010070710385e-02
8.646582894691974275e-01 2.090059404611814553e-02
8.643701660805038767e-01 2.090788959636750294e-02
8.640821387009368637e-01 2.090129657537062938e-02
8.637942072985039799e-01 2.090230106075071162e-02
8.635063718412234746e-01 2.090761177161691575e-02
8.632186322971243664e-01 2.090643462373469041e-02
8.629309886342463320e-01 2.090744280482141268e-02
8.626434408206392623e-01 2.091217677243900619e-02
8.623559888243644833e-01 2.091474191641008382e-02
8.620686326134932020e-01 2.091361988771901423e-02
8.617813721561078388e-01 2.090319600170077036e-02
8.614942074203010280e-01 2.090791527857397553e-02
8.612071383741761732e-01 2.091467819141532014e-02
8.609201649858474470e-01 2.091061721778068525e-02
8.606332872234395692e-01 2.090597015294171426e-02
8.603465050550879178e-01 2.091500996454078928e-02
8.600598184489381959e-01 2.092001907023514212e-02
8.597732273731469865e-01 2.090693671846027141e-02
8.594867317958817532e-01 2.090965940556362840e-02
8.592003316853199513e-01 2.092006660622434955e-02
8.589140270096499163e-01 2.091384849568116849e-02
8.586278177370708642e-01 2.091029607362520845e-02
8.583417038357923357e-01 2.091761367782903752e-02
8.580556852740341967e-01 2.090144058253246007e-02
8.577697620200274153e-01 2.092778422724283355e-02
8.574839340420133960e-01 2.091858290895815334e-02
8.571982013082438678e-01 2.091683500878721916e-02
8.569125637869815515e-01 2.090978859267060216e-02
8.566270214464992705e-01 2.093078619545731336e-02
8.563415742550808396e-01 2.091870691230496640e-02
8.560562221810205097e-01 2.091837841085504579e-02
8.557709651926229677e-01 2.093574912435055418e-02
8.554858032582034477e-01 2.092839221935922922e-02
8.552007363460880640e-01 2.093411695398286407e-02
8.549157644246131449e-01 2.092842951807022053e-02
8.546308874621255658e-01 2.091857128181168549e-02
8.543461054269833044e-01 2.092032996366017389e-02
8.540614182875541083e-01 2.094386720913379157e-02
8.537768260122164943e-01 2.093251619404753669e-02
8.534923285693600814e-01 2.092244168847149852e-02
8.532079259273842586e-01 2.093677036451879747e-02
8.529236180546991841e-01 2.093612696161522083e-02
8.526394049197258962e-01 2.093100005599237562e-02
8.523552864908955362e-01 2.092846329854903056e-02
8.520712627366499037e-01 2.093315163546229790e-02
8.517873336254415673e-01 2.093959734663548497e-02
8.515034991257328656e-01 2.093375788730280490e-02
8.512197592059974616e-01 2.094889100535237900e-02
8.509361138347192322e-01 2.095388067848079003e-02
8.506525629803922683e-01 2.092945498010837999e-02
8.503691066115216524e-01 2.094378897845731655e-02
8.500857446966227915e-01 2.096030627043291364e-02
8.498024772042213071e-01 2.093702119584597149e-02
8.495193041028535896e-01 2.094635944163228403e-02
8.492362253610665768e-01 2.093130326354038229e-02
8.489532409474173091e-01 2.095358024798000054e-02
8.486703508304737076e-01 2.096429064801768119e-02
8.483875549788141290e-01 2.092628463761621316e-02
8.481048533610270335e-01 2.094816062000529402e-02
8.478222459457117610e-01 2.095087984787754459e-02
8.475397327014777549e-01 2.095969369707501376e-02
8.472573135969454494e-01 2.096449140283425383e-02
8.469749886007451600e-01 2.094226358139325214e-02
8.466927576815179712e-01 2.096213597529473713e-02
8.464106208079152927e-01 2.097508192628536397e-02
8.461285779485990810e-01 2.092120375187714668e-02
8.458466290722416181e-01 2.094963197935465968e-02
8.455647741475256218e-01 2.098607569791455241e-02
8.452830131431445793e-01 2.097196503594619954e-02
8.450013460278019695e-01 2.096899121480123862e-02
8.447197727702118186e-01 2.094335820209332691e-02
8.444382933390987001e-01 2.097727536126797396e-02
8.441569077031975121e-01 2.094977353624840472e-02
8.438756158312538114e-01 2.094753039268427638e-02
8.435944176920230353e-01 2.098646976154470642e-02
8.433133132542715016e-01 2.095133316966369882e-02
8.430323024867758530e-01 2.100298928493294845e-02
8.427513853583230574e-01 2.093715998753103991e-02
8.424705618377104077e-01 2.095392140510752080e-02
8.421898318937458550e-01 2.100652509306663931e-02
8.419091954952473422e-01 2.097612492812441637e-02
8.416286526110435817e-01 2.096904295991250042e-02
8.413482032099734997e-01 2.093977393941214363e-02
8.410678472608865697e-01 2.097033614886729957e-02
8.407875847326422569e-01 2.101135372537506207e-02
8.405074155941107961e-01 2.097967522180847755e-02
8.402273398141727467e-01 2.097407924240529339e-02
8.399473573617188826e-01 2.100146354312276004e-02
8.396674682056501915e-01 2.097384262190910009e-02
8.393876723148785413e-01 2.094028115737287671e-02
8.391079696583255698e-01 2.095138097449787684e-02
8.388283602049239063e-01 2.104221183297103406e-02
8.385488439236159497e-01 2.097799702731338936e-02
8.382694207833547573e-01 2.097737135027998717e-02
8.379900907531037113e-01 2.099385204370636873e-02
8.377108538018362971e-01 2.098953421975588082e-02
8.374317098985368801e-01 2.096694577903768578e-02
8.371526590121994849e-01 2.096550476033872193e-02
8.368737011118287938e-01 2.099346492584426918e-02
8.365948361664399258e-01 2.098925869207911299e-02
8.363160641450582133e-01 2.099484936235120405e-02
8.360373850167190923e-01 2.100231283982513172e-02
8.357587987504688787e-01 2.097961487272525724e-02
8.354803053153637693e-01 2.101095060257688468e-02
8.352019046804702862e-01 2.100389381347003009e-02
8.349235968148652764e-01 2.095964867429746942e-02
8.346453816876360232e-01 2.096485005274238006e-02
8.343672592678799127e-01 2.098038761020086865e-02
8.340892295247049892e-01 2.102244443931921419e-02
8.338112924272291782e-01 2.098246722071946818e-02
8.335334479445809519e-01 2.101649521829790021e-02
8.332556960458989970e-01 2.099392410687501639e-02
8.329780367003321029e-01 2.096547632302710878e-02
8.327004698770397173e-01 2.095239955673780866e-02
8.324229955451912799e-01 2.101656801529197538e-02
8.321456136739664444e-01 2.097714877685200735e-02
8.318683242325555227e-01 2.098453884620926982e-02
8.315911271901589297e-01 2.095782239457193857e-02
8.313140225159867391e-01 2.101823183707299605e-02
8.310370101792602382e-01 2.097872239256254323e-02
8.307600901492105949e-01 2.100733274848213400e-02
8.304832623950788584e-01 2.095694322569134627e-02
8.302065268861166247e-01 2.103199375122229500e-02
8.299298835915860373e-01 2.100646324491154196e-02
8.296533324807590093e-01 2.105662479785978813e-02
8.293768735229181122e-01 2.098854485576973072e-02
8.291005066873555762e-01 2.104099275192118645e-02
8.288242319433744010e-01 2.098012946776929566e-02
8.285480492602875779e-01 2.098462826901715400e-02
8.282719586074185347e-01 2.099348270853391984e-02
8.279959599541003579e-01 2.098249183865354486e-02
8.277200532696770141e-01 2.100198642389315695e-02
8.274442385235024622e-01 2.097938837919770608e-02
8.271685156849407639e-01 2.097408339573810301e-02
8.268928847233663060e-01 2.096277675385572678e-02
8.266173456081634674e-01 2.098952723274612533e-02
8.263418983087272851e-01 2.100398875467165277e-02
8.260665427944623440e-01 2.095340402633871779e-02
8.257912790347839982e-01 2.099243369719529587e-02
8.255161069991177047e-01 2.097917307587668714e-02
8.252410266568985797e-01 2.096955722311576176e-02
8.249660379775727304e-01 2.098866020830408852e-02
8.246911409305957008e-01 2.100072366820794970e-02
8.244163354854338044e-01 2.102273632887536464e-02
8.241416216115632354e-01 2.101301684066403733e-02
8.238669992784704021e-01 2.105164684723957388e-02
8.235924684556518161e-01 2.103062348903710077e-02
8.233180291126142025e-01 2.110144374989116056e-02
8.230436812188745010e-01 2.117350065323394398e-02
8.227694247439597541e-01 2.103217484656462813e-02
8.224952596574073294e-01 2.099078909013487107e-02
8.222211859287643643e-01 2.095930622539065452e-02
8.219472035275884325e-01 2.100657752963430366e-02
8.216733124234473218e-01 2.099851938799709994e-02
8.213995125859184787e-01 2.099829115780696073e-02
8.211258039845902301e-01 2.099680919060456161e-02
8.208521865890604507e-01 2.098991170289618569e-02
8.205786603689374514e-01 2.101096160933758894e-02
8.203052252938394240e-01 2.102083614093586475e-02
8.200318813333948853e-01 2.100917718695427885e-02
8.197586284572424553e-01 2.098141268303243406e-02
8.194854666350307459e-01 2.100636511994959446e-02
8.192123958364184722e-01 2.100869102995936780e-02
8.189394160310747850e-01 2.098657111404099787e-02
8.186665271886786055e-01 2.096919893320682918e-02
8.183937292789188467e-01 2.101471792267439742e-02
8.181210222714948577e-01 2.103246874443887721e-02
8.178484061361160906e-01 2.100835245004059951e-02
8.175758808425021007e-01 2.098796067607703805e-02
8.173034463603818800e-01 2.099440994682682388e-02
8.170311026594951898e-01 2.101945688417019079e-02
8.167588497095920053e-01 2.105628547738258236e-02
8.164866874804317387e-01 2.105180529222239541e-02
8.162146159417844604e-01 2.098088173296623962e-02
8.159426350634298997e-01 2.102617890992728236e-02
8.156707448151582218e-01 2.105398350269527263e-02
8.153989451667691402e-01 2.100563236940127670e-02
8.151272360880732482e-01 2.108676234601728969e-02
8.148556175488901321e-01 2.100296979953065676e-02
8.145840895190503694e-01 2.103779519010433655e-02
8.143126519683941966e-01 2.108879982303751496e-02
8.140413048667719531e-01 2.097996303468226825e-02
8.137700481840438593e-01 2.106289300289755639e-02
8.134988818900803498e-01 2.109347494960822980e-02
8.132278059547620730e-01 2.109520629793200722e-02
8.129568203479794475e-01 2.099563109375436262e-02
8.126859250396326617e-01 2.101545828955912049e-02
8.124151199996328954e-01 2.110147193881908856e-02
8.121444051979000989e-01 2.102452914417595950e-02
8.118737806043653249e-01 2.097103444321392340e-02
8.116032461889689520e-01 2.108096502778579462e-02
8.113328019216617948e-01 2.106353834786213811e-02
8.110624477724041048e-01 2.103814905557403747e-02
8.107921837111670138e-01 2.101856989176264720e-02
8.105220097079309793e-01 2.103331666891540552e-02
8.102519257326866731e-01 2.103530545768656640e-02
8.099819317554348697e-01 2.103979894685291743e-02
8.097120277461861138e-01 2.100362654180965363e-02
8.094422136749609420e-01 2.099899465820611461e-02
8.091724895117903271e-01 2.103557625164818520e-02
8.089028552267147898e-01 2.100567917764646977e-02
8.086333107897848427e-01 2.099997263158346825e-02
8.083638561710609904e-01 2.100601283718162363e-02
8.080944913406140628e-01 2.097791473905948403e-02
8.078252162685244375e-01 2.098309076942063769e-02
8.075560309248828172e-01 2.096439233595477972e-02
8.072869352797894527e-01 2.100051562754544354e-02
8.070179293033550305e-01 2.097959106091211445e-02
8.067490129656997855e-01 2.098626973651326194e-02
8.064801862369539442e-01 2.097061459132227440e-02
8.062114490872582806e-01 2.098690529443786312e-02
8.059428014867626722e-01 2.096654263050330355e-02
8.056742434056273217e-01 2.096518042879581475e-02
8.054057748140226458e-01 2.098020160707923451e-02
8.051373956821284983e-01 2.095456268491283774e-02
8.048691059801350578e-01 2.095865614195177237e-02
8.046009056782422730e-01 2.097028448716752383e-02
8.043327947466599737e-01 2.097659929132443188e-02
8.040647731556080924e-01 2.096068755706402553e-02
8.037968408753162208e-01 2.096436526752835580e-02
8.035289978760242757e-01 2.096638121180970440e-02
8.032612441279814997e-01 2.096663354553692654e-02
8.029935796014475713e-01 2.097484936694268831e-02
8.027260042666919393e-01 2.096686598533634496e-02
8.024585180939940443e-01 2.096607666577922358e-02
8.021911210536426529e-01 2.096696969996884527e-02
8.019238131159373006e-01 2.097247174859809271e-02
8.016565942511868492e-01 2.096647627286153670e-02
8.013894644297102632e-01 2.096451303762407806e-02
8.011224236218362771e-01 2.095608561172323386e-02
8.008554717979035065e-01 2.097240378608886818e-02
8.005886089282606699e-01 2.096375174220912671e-02
8.003218349832663669e-01 2.096862347109963373e-02
8.000551499332884120e-01 2.097517610960417112e-02
7.997885537487053886e-01 2.096342509626949666e-02
7.995220463999055394e-01 2.097599865275295156e-02
7.992556278572864326e-01 2.096501809126880347e-02
7.989892980912558507e-01 2.097301814693811398e-02
7.987230570722317902e-01 2.096774311722394979e-02
7.984569047706414624e-01 2.097435542162185210e-02
7.981908411569224038e-01 2.096507322410373630e-02
7.979248662015218096e-01 2.096861381077897574e-02
7.976589798748967564e-01 2.096772373532258815e-02
7.973931821475142012e-01 2.095958729217856781e-02
7.971274729898509825e-01 2.097503330187315898e-02
7.968618523723934866e-01 2.096382074681893068e-02
7.965963202656382025e-01 2.098015033860703427e-02
7.963308766400913896e-01 2.097524071735044904e-02
7.960655214662692991e-01 2.096482274147361616e-02
7.958002547146976191e-01 2.095759343673747263e-02
7.955350763559123628e-01 2.096230676893700087e-02
7.952699863604588693e-01 2.096498661538021349e-02
7.950049846988924696e-01 2.096270294397433939e-02
7.947400713417783757e-01 2.095960101129852246e-02
7.944752462596917919e-01 2.095916861840137202e-02
7.942105094232173590e-01 2.096211401921366582e-02
7.939458608029497100e-01 2.096181436140528639e-02
7.936813003694930257e-01 2.096060967710825992e-02
7.934168280934619233e-01 2.096208995601309133e-02
7.931524439454801234e-01 2.097305765382494885e-02
7.928881478961812279e-01 2.095842773131995074e-02
7.926239399162091637e-01 2.096969099108785678e-02
7.923598199762169614e-01 2.096483574137720032e-02
7.920957880468679768e-01 2.096441143846946784e-02
7.918318440988348916e-01 2.096541522791258577e-02
7.915679881028007125e-01 2.096386968722450950e-02
7.913042200294574391e-01 2.096828546063115792e-02
7.910405398495076179e-01 2.097232348061603413e-02
7.907769475336630105e-01 2.096669204040507717e-02
7.905134430526452594e-01 2.097748025618345266e-02
7.902500263771862210e-01 2.096888913673523869e-02
7.899866974780268558e-01 2.096679004287354750e-02
7.897234563259181161e-01 2.097615484473103545e-02
7.894603028916209464e-01 2.097602675850828921e-02
7.891972371459055058e-01 2.097183083539220713e-02
7.889342590595522786e-01 2.097752351189059034e-02
7.886713686033511861e-01 2.096845402961886040e-02
7.884085657481016973e-01 2.097842254950965657e-02
7.881458504646133845e-01 2.096845725080749567e-02
7.878832227237055896e-01 2.097723769286034823e-02
7.876206824962067587e-01 2.098043847767507367e-02
7.873582297529556628e-01 2.097474841342572560e-02
7.870958644648007319e-01 2.097586985354972511e-02
7.868335866025997216e-01 2.098718322223647181e-02
7.865713961372207130e-01 2.098279901547721316e-02
7.863092930395407798e-01 2.098529087598128076e-02
7.860472772804472097e-01 2.097337793476335838e-02
7.857853488308369494e-01 2.098498804003869761e-02
7.855235076616163825e-01 2.097845314090937899e-02
7.852617537437016626e-01 2.097850489319925613e-02
7.850000870480190462e-01 2.097868001964127080e-02
7.847385075455037828e-01 2.098406427240134473e-02
7.844770152071013358e-01 2.097739325033931915e-02
7.842156100037667166e-01 2.098568862178531308e-02
7.839542919064644844e-01 2.098386650885285948e-02
7.836930608861690795e-01 2.098085143880820333e-02
7.834319169138643790e-01 2.098142973087675431e-02
7.831708599605441412e-01 2.098299420040150576e-02
7.829098899972116721e-01 2.098079084498175387e-02
7.826490069948800476e-01 2.098259200121539367e-02
7.823882109245716698e-01 2.098246439950688866e-02
7.821275017573192656e-01 2.098574049610843484e-02
7.818668794641645547e-01 2.098734090612284359e-02
7.816063440161590270e-01 2.098432559367867725e-02
7.813458953843641641e-01 2.098490864740760325e-02
7.810855335398508847e-01 2.098756359937457502e-02
7.808252584536995444e-01 2.098708735093243044e-02
7.805650700970004907e-01 2.098741350459443558e-02
7.803049684408535080e-01 2.098818008911923841e-02
7.800449534563680398e-01 2.098879459812804521e-02
7.797850251146629663e-01 2.099120331531404912e-02
7.795251833868674929e-01 2.099034479455153326e-02
7.792654282441193736e-01 2.099263970546043356e-02
7.790057596575667986e-01 2.099307670910381327e-02
7.787461775983672840e-01 2.099417940099501667e-02
7.784866820376878938e-01 2.099441618601246423e-02
7.782272729467056838e-01 2.099538304712750963e-02
7.779679502966068139e-01 2.099689874714652169e-02
7.777087140585872138e-01 2.099857951510498630e-02
7.774495642038524723e-01 2.100013974860749644e-02
7.771905007036179480e-01 2.100260079671692134e-02
7.769315235291081034e-01 2.100325734158727323e-02
7.766726326515575041e-01 2.100440488701580885e-02
7.764138280422101523e-01 2.100674761415865718e-02
7.761551096723192655e-01 2.100834417437737189e-02
7.758964775131481639e-01 2.100971689358482192e-02
7.756379315359696047e-01 2.101140663943594153e-02
7.753794717120654489e-01 2.101478690867266547e-02
7.751210980127277717e-01 2.101625239152702176e-02
7.748628104092580848e-01 2.101944683839485073e-02
7.746046088729670043e-01 2.102205656464034220e-02
7.743464933751751378e-01 2.102434149539606986e-02
7.740884638872127521e-01 2.102787400746623792e-02
7.738305203804191068e-01 2.103277354154613893e-02
7.735726628261438975e-01 2.103680087989651809e-02
7.733148911957451466e-01 2.104240671896201453e-02
7.730572054605915344e-01 2.104816187888213300e-02
7.727996055920607343e-01 2.105651852505150898e-02
7.725420915615401896e-01 2.106646156724130067e-02
7.722846633404267802e-01 2.107880155458131261e-02
7.720273209001266013e-01 2.109610761171407806e-02
7.717700642120558507e-01 2.111944092163039327e-02
7.715128932476399415e-01 2.115302423144885605e-02
7.712558079783138343e-01 2.120087128952836963e-02
7.709988083755218158e-01 2.127714454152040274e-02
7.707418944107182757e-01 2.140514505412532964e-02
7.704850660553663744e-01 2.166092467636794236e-02
7.702283232809394864e-01 2.239298840172823657e-02
7.699716660589197570e-01 2.229855026907773610e-02
7.697150943607994344e-01 2.164361736281175327e-02
7.694586081580799819e-01 2.141250318882662040e-02
7.692022074222725214e-01 2.131133565813432204e-02
7.689458921248975010e-01 2.126311603267448322e-02
7.686896622374850274e-01 2.123911098879617196e-02
7.684335177315744225e-01 2.123782601701655615e-02
7.681774585787148890e-01 2.126883964224739534e-02
7.679214847504646224e-01 2.133111407876545421e-02
7.676655962183916992e-01 2.142736697144506999e-02
7.674097929540736329e-01 2.157667102876453455e-02
7.671540749290971517e-01 2.183264481013052691e-02
7.668984421150588648e-01 2.234681292376219930e-02
7.666428944835642634e-01 2.279758305132946125e-02
7.663874320062288303e-01 2.205936960956850212e-02
7.661320546546771526e-01 2.169842676753632946e-02
7.658767624005435870e-01 2.149804206611482735e-02
7.656215552154718162e-01 2.137301295908541204e-02
7.653664330711147379e-01 2.128278667307546487e-02
7.651113959391349084e-01 2.121458208968865847e-02
7.648564437912045433e-01 2.116550273339085075e-02
7.646015765990047397e-01 2.112915914587337740e-02
7.643467943342265869e-01 2.110095515934393151e-02
7.640920969685703890e-01 2.108190108527277853e-02
7.638374844737457758e-01 2.106558442161029707e-02
7.635829568214718144e-01 2.105555406922461278e-02
7.633285139834772304e-01 2.104614188297816366e-02
7.630741559315000755e-01 2.103716593290321651e-02
7.628198826372875052e-01 2.103060221444178618e-02
7.625656940725966670e-01 2.102597027761754153e-02
7.623115902091935903e-01 2.102329322319337890e-02
7.620575710188538521e-01 2.102055421427794987e-02
7.618036364733627996e-01 2.102041127953808639e-02
7.615497865445145509e-01 2.101559459579479400e-02
7.612960212041131047e-01 2.101496896034883016e-02
7.610423404239716749e-01 2.101328338475217175e-02
7.607887441759130231e-01 2.101410873611464503e-02
7.605352324317691259e-01 2.101168834048749989e-02
7.602818051633811747e-01 2.100982290501050495e-02
7.600284623426002417e-01 2.101001419313607010e-02
7.597752039412865033e-01 2.101135006765711757e-02
7.595220299313092394e-01 2.101391067696370060e-02
7.592689402845477220e-01 2.101041002195002533e-02
7.590159349728901050e-01 2.100878130066321375e-02
7.587630139682339792e-01 2.101161483359683876e-02
7.585101772424864830e-01 2.100657389804535743e-02
7.582574247675638590e-01 2.100800148510815341e-02
7.580047565153918976e-01 2.100607285742532929e-02
7.577521724579060480e-01 2.100823975737315524e-02
7.574996725670501974e-01 2.100786743780773402e-02
7.572472568147785577e-01 2.100696694770340725e-02
7.569949251730542228e-01 2.100248044820881427e-02
7.567426776138495015e-01 2.100864024037443073e-02
7.564905141091464724e-01 2.100796038078366762e-02
7.562384346309360961e-01 2.100517992316675367e-02
7.559864391512189918e-01 2.100388724066760970e-02
7.557345276420048830e-01 2.100502979601275022e-02
7.554827000753130406e-01 2.100721457634096082e-02
7.552309564231719508e-01 2.100385227947712194e-02
7.549792966576193143e-01 2.100500463900394771e-02
7.547277207507023800e-01 2.100397960284669865e-02
7.544762286744775004e-01 2.100794893708907152e-02
7.542248204010104651e-01 2.100014374362873387e-02
7.539734959023762784e-01 2.100475530404163210e-02
7.537222551506593815e-01 2.100449184736065400e-02
7.534710981179534306e-01 2.100130957787344627e-02
7.532200247763610745e-01 2.100736146358255646e-02
7.529690350979950653e-01 2.100201123591215191e-02
7.527181290549767034e-01 2.100775907322238387e-02
7.524673066194368376e-01 2.101460293431600332e-02
7.522165677635156422e-01 2.100056348151623301e-02
7.519659124593625066e-01 2.100417776946151421e-02
7.517153406791360348e-01 2.100657429165838502e-02
7.514648523950043790e-01 2.100793380617679840e-02
7.512144475791445730e-01 2.099725128453425183e-02
7.509641262037433096e-01 2.099885651743410575e-02
7.507138882409961633e-01 2.101567634377634469e-02
7.504637336631084787e-01 2.100399482138088844e-02
7.502136624422943711e-01 2.101872060391346553e-02
7.499636745507773927e-01 2.100134814777942019e-02
7.497137699607904215e-01 2.100885698561040862e-02
7.494639486445754395e-01 2.099791236118019391e-02
7.492142105743839764e-01 2.101022008877946254e-02
7.489645557224764438e-01 2.100839167771826471e-02
7.487149840611225793e-01 2.100996977242481148e-02
7.484654955626017792e-01 2.100876532720641343e-02
7.482160901992019886e-01 2.102686898202045171e-02
7.479667679432208116e-01 2.101318729836055763e-02
7.477175287669651782e-01 2.100636847156631820e-02
7.474683726427507890e-01 2.099541925622871313e-02
7.472192995429032258e-01 2.101575537494795171e-02
7.469703094397565080e-01 2.100662130925463195e-02
7.467214023056545358e-01 2.100358095775911940e-02
7.464725781129502025e-01 2.101679593509766034e-02
7.462238368340055050e-01 2.101199030518605473e-02
7.459751784411917663e-01 2.102339319820650809e-02
7.457266029068893021e-01 2.102831026579254914e-02
7.454781102034881979e-01 2.101550283833279395e-02
7.452297003033869771e-01 2.099759994939520355e-02
7.449813731789938220e-01 2.100499685088202256e-02
7.447331288027263518e-01 2.101209948046339759e-02
7.444849671470106234e-01 2.102540438180097379e-02
7.442368881842824635e-01 2.103751741941362052e-02
7.439888918869868029e-01 2.104156722892424128e-02
7.437409782275774539e-01 2.102449281019715815e-02
7.434931471785178880e-01 2.100398097448511261e-02
7.432453987122803474e-01 2.100232962625899966e-02
7.429977328013466220e-01 2.100588352592444238e-02
7.427501494182071617e-01 2.104744334962009925e-02
7.425026485353619643e-01 2.102286079057711851e-02
7.422552301253201312e-01 2.103513669686635223e-02
7.420078941605998679e-01 2.100668502916676339e-02
7.417606406137285946e-01 2.103767374792332723e-02
7.415134694572428353e-01 2.100717439496685435e-02
7.412663806636882180e-01 2.103325601898516084e-02
7.410193742056195854e-01 2.102102181390740759e-02
7.407724500556009950e-01 2.102930861890580511e-02
7.405256081862056083e-01 2.102059885716138499e-02
7.402788485700154686e-01 2.103641085044485881e-02
7.400321711796222779e-01 2.103543590797080087e-02
7.397855759876263981e-01 2.101665301402169325e-02
7.395390629666374060e-01 2.102081117204360888e-02
7.392926320892742043e-01 2.103710327747331660e-02
7.390462833281649102e-01 2.104292183023659044e-02
7.388000166559461901e-01 2.100897281296805821e-02
7.385538320452642580e-01 2.108304770045745305e-02
7.383077294687747649e-01 2.102389970556249252e-02
7.380617088991415775e-01 2.102103085597249732e-02
7.378157703090386654e-01 2.102540271550293327e-02
7.375699136711481030e-01 2.103726502189930125e-02
7.373241389581620675e-01 2.103859828317280675e-02
7.370784461427809520e-01 2.103722026943254109e-02
7.368328351977150303e-01 2.107783655223204392e-02
7.365873060956831253e-01 2.103225782716020009e-02
7.363418588094132744e-01 2.104660721389492103e-02
7.360964933116426190e-01 2.102754608316026452e-02
7.358512095751176263e-01 2.101507795744105012e-02
7.356060075725934233e-01 2.104173898633781778e-02
7.353608872768343518e-01 2.100310798979572111e-02
7.351158486606140796e-01 2.108162246495421527e-02
7.348708916967152671e-01 2.101762109004438536e-02
7.346260163579291236e-01 2.104029956242420285e-02
7.343812226170567392e-01 2.102672131494390598e-02
7.341365104469077529e-01 2.100969900308607627e-02
7.338918798203009075e-01 2.101733983442614570e-02
7.336473307100641605e-01 2.105141154712389731e-02
7.334028630890344624e-01 2.105980026670191060e-02
7.331584769300577564e-01 2.101266375778945011e-02
7.329141722059890895e-01 2.107245115951505987e-02
7.326699488896923906e-01 2.100572989395188203e-02
7.324258069540410254e-01 2.102547693438930679e-02
7.321817463719170194e-01 2.103476695953669998e-02
7.319377671162116128e-01 2.108634387279254702e-02
7.316938691598248168e-01 2.104072254827732066e-02
7.314500524756663014e-01 2.106094113319796624e-02
7.312063170366540632e-01 2.109922874920009891e-02
7.309626628157153139e-01 2.101889612379195110e-02
7.307190897857867018e-01 2.108740065644290965e-02
7.304755979198134241e-01 2.105806980544075099e-02
7.302321871907497819e-01 2.109878997573139819e-02
7.299888575715591799e-01 2.099986606733660749e-02
7.297456090352141267e-01 2.107873058892191509e-02
7.295024415546957908e-01 2.105336992986064221e-02
7.292593551029947774e-01 2.106242261458009940e-02
7.290163496531103515e-01 2.103614118847626363e-02
7.287734251780508821e-01 2.098840012743589944e-02
7.285305816508339527e-01 2.101860736906398588e-02
7.282878190444858069e-01 2.102138407406426227e-02
7.280451373320416808e-01 2.104063062892918418e-02
7.278025364865461366e-01 2.107041331458496883e-02
7.275600164810523962e-01 2.103962528312408251e-02
7.273175772886227852e-01 2.102863529145146404e-02
7.270752188823286222e-01 2.103199229951689675e-02
7.268329412352501073e-01 2.103186858113360869e-02
7.265907443204766558e-01 2.105114367584553364e-02
7.263486281111062315e-01 2.108414926553213442e-02
7.261065925802461241e-01 2.104915740580165506e-02
7.258646377010122830e-01 2.104306924023951683e-02
7.256227634465300946e-01 2.106852745365401028e-02
7.253809697899333830e-01 2.107679161492349851e-02
7.251392567043652981e-01 2.102750144864963186e-02
7.248976241629775386e-01 2.105329333662635943e-02
7.246560721389311288e-01 2.107319662549702460e-02
7.244146006053959752e-01 2.100397620815630875e-02
7.241732095355508658e-01 2.107453059815874233e-02
7.239318989025832485e-01 2.104542938330001764e-02
7.236906686796898969e-01 2.106097946948522898e-02
7.234495188400765775e-01 2.104010798936178928e-02
7.232084493569574946e-01 2.103978308768426550e-02
7.229674602035562891e-01 2.105393553158042136e-02
7.227265513531052621e-01 2.102750519663044299e-02
7.224857227788455960e-01 2.103953017061324302e-02
7.222449744540274663e-01 2.102478550408620056e-02
7.220043063519101523e-01 2.105907009004185509e-02
7.217637184457614818e-01 2.103053729166829214e-02
7.215232107088584979e-01 2.102866457655873378e-02
7.212827831144869029e-01 2.104725805683948375e-02
7.210424356359416143e-01 2.104704295388688806e-02
7.208021682465259872e-01 2.106719356020535228e-02
7.205619809195528136e-01 2.105995899249932246e-02
7.203218736283433232e-01 2.108814834388782547e-02
7.200818463462278496e-01 2.103814838340059556e-02
7.198418990465456080e-01 2.102626350039508984e-02
7.196020317026446955e-01 2.108120544349062833e-02
7.193622442878819800e-01 2.104245009439711239e-02
7.191225367756234332e-01 2.101885958352404937e-02
7.188829091392436865e-01 2.109239007425732157e-02
7.186433613521261421e-01 2.107668592815073114e-02
7.184038933876636390e-01 2.104357880229590708e-02
7.181645052192571210e-01 2.102982974361921470e-02
7.179251968203169687e-01 2.109884469853584923e-02
7.176859681642622224e-01 2.104995881836037655e-02
7.174468192245205822e-01 2.109250084640368686e-02
7.172077499745290741e-01 2.107994126116516029e-02
7.169687603877330506e-01 2.111563578639082464e-02
7.167298504375871904e-01 2.116754847226350045e-02
7.164910200975546095e-01 2.108279692326416044e-02
7.162522693411075281e-01 2.101921735661297502e-02
7.160135981417269369e-01 2.105650103680429402e-02
7.157750064729025974e-01 2.102683285923929654e-02
7.155364943081331530e-01 2.099532773614240858e-02
7.152980616209261289e-01 2.101863494117069825e-02
7.150597083847978208e-01 2.100970030124952453e-02
7.148214345732734065e-01 2.100275078706157275e-02
7.145832401598867234e-01 2.099868191124766581e-02
7.143451251181804906e-01 2.101943132149107149e-02
7.141070894217065312e-01 2.099811294345965001e-02
7.138691330440251059e-01 2.099575547482615198e-02
7.136312559587055793e-01 2.099947124596222847e-02
7.133934581393257535e-01 2.100075077760289385e-02
7.131557395594725346e-01 2.101397730872420558e-02
7.129181001927415995e-01 2.099561403373586058e-02
7.126805400127373957e-01 2.102716698622325228e-02
7.124430589930729196e-01 2.099937106531827788e-02
7.122056571073703823e-01 2.100711819869137062e-02
7.119683343292605437e-01 2.099721390314836580e-02
7.117310906323830455e-01 2.100283206746915779e-02
7.114939259903861890e-01 2.098649950539526604e-02
7.112568403769271574e-01 2.100266060763448031e-02
7.110198337656719048e-01 2.101181225774634287e-02
7.107829061302951557e-01 2.100264270295889441e-02
7.105460574444802946e-01 2.098670814925972586e-02
7.103092876819195878e-01 2.100042913008735163e-02
7.100725968163140722e-01 2.099898560095934952e-02
7.098359848213735557e-01 2.099023648156509228e-02
7.095994516708166167e-01 2.101695217924474945e-02
7.093629973383703824e-01 2.099928534514819423e-02
7.091266217977711950e-01 2.100972466500191857e-02
7.088903250227635011e-01 2.099159447040075538e-02
7.086541069871010734e-01 2.098311401737408197e-02
7.084179676645461221e-01 2.098617004938625741e-02
7.081819070288698503e-01 2.102472434531958007e-02
7.079459250538518988e-01 2.099118625833960167e-02
7.077100217132806792e-01 2.099531580770192668e-02
7.074741969809537068e-01 2.101731938727137428e-02
7.072384508306768236e-01 2.098910583492667042e-02
7.070027832362646425e-01 2.098521642534779269e-02
7.067671941715406581e-01 2.102594068768513097e-02
7.065316836103372466e-01 2.099234276853532630e-02
7.062962515264950003e-01 2.099778641232429369e-02
7.060608978938637259e-01 2.099732825153256127e-02
7.058256226863015570e-01 2.099534490583026061e-02
7.055904258776756199e-01 2.099391600603220734e-02
7.053553074418615898e-01 2.101848703853053876e-02
7.051202673527439124e-01 2.099938555991461703e-02
7.048853055842158044e-01 2.099551936491072038e-02
7.046504221101790311e-01 2.100945480250256819e-02
7.044156169045442395e-01 2.099174876416153718e-02
7.041808899412304035e-01 2.100826772334899589e-02
7.039462411941656006e-01 2.099793742174377656e-02
7.037116706372864572e-01 2.099398845824010026e-02
7.034771782445382593e-01 2.098311131461962423e-02
7.032427639898749527e-01 2.100305744753004980e-02
7.030084278472590320e-01 2.101143196029345295e-02
7.027741697906622065e-01 2.101135256105954308e-02
7.025399897940640681e-01 2.099602701077899272e-02
7.023058878314535347e-01 2.099597388281876018e-02
7.020718638768278508e-01 2.099254732441650437e-02
7.018379179041931426e-01 2.101462111056244531e-02
7.016040498875639742e-01 2.098657292082064044e-02
7.013702598009635691e-01 2.101936500011131193e-02
7.011365476184239220e-01 2.098753343994994372e-02
7.009029133139860201e-01 2.099255515583044532e-02
7.006693568616987333e-01 2.100955132405347286e-02
7.004358782356201463e-01 2.098939640857528169e-02
7.002024774098167814e-01 2.100175276925794407e-02
6.999691543583639319e-01 2.100401576566963274e-02
6.997359090553455507e-01 2.098678473651842055e-02
6.995027414748538064e-01 2.099853362157956538e-02
6.992696515909900823e-01 2.099336435114818045e-02
6.990366393778640886e-01 2.100071292662429936e-02
6.988037048095941950e-01 2.099948660951418342e-02
6.985708478603073202e-01 2.098365268345950968e-02
6.983380685041392644e-01 2.099054228556781337e-02
6.981053667152341546e-01 2.098264006843088628e-02
6.978727424677447777e-01 2.099142310908974976e-02
6.976401957358329131e-01 2.098763784596200180e-02
6.974077264936683340e-01 2.098603630009397009e-02
6.971753347154296954e-01 2.099254693401264929e-02
6.969430203753046449e-01 2.098168434813078506e-02
6.967107834474888239e-01 2.099055654782753036e-02
6.964786239061866446e-01 2.099104309380007277e-02
6.962465417256114009e-01 2.100595951739658851e-02
6.960145368799847132e-01 2.099736897992707588e-02
6.957826093435367509e-01 2.101275040372333966e-02
6.955507590905065651e-01 2.099183020377756378e-02
6.953189860951415335e-01 2.100474724786617620e-02
6.950872903316974716e-01 2.100007830167952352e-02
6.948556717744392985e-01 2.100933604082263345e-02
6.946241303976400383e-01 2.100531028863818900e-02
6.943926661755814855e-01 2.102420970096076716e-02
6.941612790825538726e-01 2.102088362973744337e-02
6.939299690928563136e-01 2.100725645538656719e-02
6.936987361807959163e-01 2.099640700447205632e-02
6.934675803206890032e-01 2.103610023078355401e-02
6.932365014868600017e-01 2.103950413851900583e-02
6.930054996536421097e-01 2.101022836337611971e-02
6.927745747953768518e-01 2.101052831409540300e-02
6.925437268864147455e-01 2.106864548749368127e-02
6.923129559011143019e-01 2.106848277953740634e-02
6.920822618138429139e-01 2.103977393682876507e-02
6.918516445989765229e-01 2.101272780881867364e-02
6.916211042308996193e-01 2.100667876538262618e-02
6.913906406840047980e-01 2.099532762595913288e-02
6.911602539326939798e-01 2.098428920303681278e-02
6.909299439513767460e-01 2.098985004715822958e-02
6.906997107144718928e-01 2.097975577832186800e-02
6.904695541964063210e-01 2.099531696284035256e-02
6.902394743716157022e-01 2.098308880053286612e-02
6.900094712145442566e-01 2.097755468962768377e-02
6.897795446996443092e-01 2.097676982910429144e-02
6.895496948013771776e-01 2.097862765706341726e-02
6.893199214942123954e-01 2.097756357577828384e-02
6.890902247526280444e-01 2.097459102892018645e-02
6.888606045511109777e-01 2.097532479694977359e-02
6.886310608641562636e-01 2.097464819257846558e-02
6.884015936662674084e-01 2.097433304314183858e-02
6.881722029319568001e-01 2.097416877715482797e-02
6.879428886357448203e-01 2.097846539180065958e-02
6.877136507521607323e-01 2.098369907736771789e-02
6.874844892557421261e-01 2.097076419216780188e-02
6.872554041210350295e-01 2.097091316065086836e-02
6.870263953225941300e-01 2.097149529165983142e-02
6.867974628349823307e-01 2.097259821170447194e-02
6.865686066327714165e-01 2.096998924822640262e-02
6.863398266905411660e-01 2.097262821781521736e-02
6.861111229828802394e-01 2.096870832000755427e-02
6.858824954843852906e-01 2.096992493205803235e-02
6.856539441696620774e-01 2.096865662996903051e-02
6.854254690133242400e-01 2.096894059146234973e-02
6.851970699899943007e-01 2.096812983314675499e-02
6.849687470743027751e-01 2.096960656487083935e-02
6.847405002408890606e-01 2.097060797063686477e-02
6.845123294644008816e-01 2.096885140128187941e-02
6.842842347194943997e-01 2.096813106802540572e-02
6.840562159808339926e-01 2.097032048305730659e-02
6.838282732230929195e-01 2.096867587133243935e-02
6.836004064209525444e-01 2.096857725724416213e-02
6.833726155491028909e-01 2.096695698964269605e-02
6.831449005822419762e-01 2.096918533026098652e-02
6.829172614950770326e-01 2.096949066454429494e-02
6.826896982623228416e-01 2.096768817185037936e-02
6.824622108587031777e-01 2.096814417198171118e-02
6.822347992589502530e-01 2.096910802945662483e-02
6.820074634378041623e-01 2.096908178830855785e-02
6.817802033700141040e-01 2.097195394182393979e-02
6.815530190303372704e-01 2.096885560007457489e-02
6.813259103935394023e-01 2.096802729175212959e-02
6.810988774343945673e-01 2.096824192471093834e-02
6.808719201276852706e-01 2.096955137613839074e-02
6.806450384482025662e-01 2.096879921699951535e-02
6.804182323707455016e-01 2.096748305879604299e-02
6.801915018701221172e-01 2.096932055024649730e-02
6.799648469211483359e-01 2.096986046833541895e-02
6.797382674986488516e-01 2.096812266539016187e-02
6.795117635774562403e-01 2.096976364684122879e-02
6.792853351324121824e-01 2.096884782440031070e-02
6.790589821383659075e-01 2.096973448027926110e-02
6.788327045701757489e-01 2.096996763096702771e-02
6.786065024027081449e-01 2.096897326792545452e-02
6.783803756108378602e-01 2.097012603067281017e-02
6.781543241694479862e-01 2.096938613699705217e-02
6.779283480534301631e-01 2.097041054577152008e-02
6.777024472376842468e-01 2.097091854134169528e-02
6.774766216971185306e-01 2.097033481285477327e-02
6.772508714066495239e-01 2.097049123842534626e-02
6.770251963412023954e-01 2.097050456468897012e-02
6.767995964757105298e-01 2.097071475717248584e-02
6.765740717851154162e-01 2.097019847043837121e-02
6.763486222443672036e-01 2.097078633948147586e-02
6.761232478284243674e-01 2.097116934665474788e-02
6.758979485122535991e-01 2.097101266240996437e-02
6.756727242708299164e-01 2.097147826674421872e-02
6.754475750791368860e-01 2.097171354490156084e-02
6.752225009121660682e-01 2.097069581007930672e-02
6.749975017449176828e-01 2.097072510319728661e-02
6.747725775524002767e-01 2.097304037328397153e-02
6.745477283096302790e-01 2.097249397329045695e-02
6.743229539916330006e-01 2.097241766231450893e-02
6.740982545734418574e-01 2.097450589933294238e-02
6.738736300300984805e-01 2.097433782780104908e-02
6.736490803366528279e-01 2.097382367097448685e-02
6.734246054681635174e-01 2.097244543994300839e-02
6.732002053996968272e-01 2.097514408098733255e-02
6.729758801063279172e-01 2.097537288094954502e-02
6.727516295631401633e-01 2.097530644212472484e-02
6.725274537452250456e-01 2.097409355535946249e-02
6.723033526276824823e-01 2.097472749719293469e-02
6.720793261856206069e-01 2.097633133277293851e-02
6.718553743941557688e-01 2.097520421687288847e-02
6.716314972284129770e-01 2.097535617555630616e-02
6.714076946635250120e-01 2.097527467034931981e-02
6.711839666746335364e-01 2.097785013885249128e-02
6.709603132368877620e-01 2.097729677566824436e-02
6.707367343254460046e-01 2.097523690747137362e-02
6.705132299154741293e-01 2.098062431610904152e-02
6.702897999821466613e-01 2.097779567644653467e-02
6.700664445006464520e-01 2.097758232473972279e-02
6.698431634461642359e-01 2.097852340823341474e-02
6.696199567938996289e-01 2.098060866424886900e-02
6.693968245190599076e-01 2.097850025159331278e-02
6.691737665968608972e-01 2.098187277473769277e-02
6.689507830025266388e-01 2.098183878088395043e-02
6.687278737112896110e-01 2.097889552194577567e-02
6.685050386983900639e-01 2.097830036853155777e-02
6.682822779390769075e-01 2.098327832654668310e-02
6.680595914086073783e-01 2.098314368129984217e-02
6.678369790822465957e-01 2.098334176595707465e-02
6.676144409352681164e-01 2.097882517623289242e-02
6.673919769429538240e-01 2.098609046588833030e-02
6.671695870805934847e-01 2.098085841129948559e-02
6.669472713234856354e-01 2.098445366640967064e-02
6.667250296469365844e-01 2.098432339241224076e-02
6.665028620262610781e-01 2.098428967026512090e-02
6.662807684367821892e-01 2.098733048538465110e-02
6.660587488538308731e-01 2.098222978440059810e-02
6.658368032527465230e-01 2.098705247501075205e-02
6.656149316088768586e-01 2.098764208977775200e-02
6.653931338975777043e-01 2.098465580594189792e-02
6.651714100942128782e-01 2.098512099933495106e-02
6.649497601741547470e-01 2.098496045414720984e-02
6.647281841127837820e-01 2.098850995553690202e-02
6.645066818854886703e-01 2.098382231295173317e-02
6.642852534676659815e-01 2.099412206090449373e-02
6.640638988347210558e-01 2.098765798048557799e-02
6.638426179620670053e-01 2.098739976115841094e-02
6.636214108251252686e-01 2.098636411161517584e-02
6.634002773993253887e-01 2.099355085927974082e-02
6.631792176601052358e-01 2.099032506725689862e-02
6.629582315829110062e-01 2.099166367545251058e-02
6.627373191431965571e-01 2.099309217931430091e-02
6.625164803164244054e-01 2.098991740595270578e-02
6.622957150780649505e-01 2.098888240521915374e-02
6.620750234035970294e-01 2.099059654002594089e-02
6.618544052685074730e-01 2.099201829211683190e-02
6.616338606482913276e-01 2.098944913643449595e-02
6.614133895184518552e-01 2.099991633097216329e-02
6.611929918545003115e-01 2.099585400397415910e-02
6.609726676319562788e-01 2.098891774219039177e-02
6.607524168263474440e-01 2.099497874836097483e-02
6.605322394132097097e-01 2.098860205778396715e-02
6.603121353680868610e-01 2.099967760266277517e-02
6.600921046665313430e-01 2.099853096430917207e-02
6.598721472841032609e-01 2.099857470716056870e-02
6.596522631963710470e-01 2.099407370976274709e-02
6.594324523789114600e-01 2.099272963346896989e-02
6.592127148073089193e-01 2.099207020666528367e-02
6.589930504571565040e-01 2.099351945543819278e-02
6.587734593040550646e-01 2.100645460745171819e-02
6.585539413236138895e-01 2.100199721734481023e-02
6.583344964914500386e-01 2.099987471292109539e-02
6.581151247831888984e-01 2.099348003261452059e-02
6.578958261744640712e-01 2.099414291465682633e-02
6.576766006409170418e-01 2.101038541550898434e-02
6.574574481581976215e-01 2.100953215647779690e-02
6.572383687019635046e-01 2.099998996146402661e-02
6.570193622478808226e-01 2.100303438449245552e-02
6.568004287716235901e-01 2.100024342337000402e-02
6.565815682488740368e-01 2.100473428032290438e-02
6.563627806553221644e-01 2.099962535785698456e-02
6.561440659666665232e-01 2.099778827970391615e-02
6.559254241586136569e-01 2.100514819878766121e-02
6.557068552068779921e-01 2.100053971524937571e-02
6.554883590871821708e-01 2.100683337216842708e-02
6.552699357752570508e-01 2.099773683284257217e-02
6.550515852468414835e-01 2.100255302863885190e-02
6.548333074776822027e-01 2.099706257851254379e-02
6.546151024435341581e-01 2.100309319790706272e-02
6.543969701201608480e-01 2.100012072993817300e-02
6.541789104833329871e-01 2.099582696689062875e-02
6.539609235088300609e-01 2.100120248294784844e-02
6.537430091724391046e-01 2.100192567741170080e-02
6.535251674499558128e-01 2.100283587298499774e-02
6.533073983171833188e-01 2.099791471924636679e-02
6.530897017499333046e-01 2.099962282580007666e-02
6.528720777240252238e-01 2.100190128514889398e-02
6.526545262152868565e-01 2.100474880290939886e-02
6.524370471995536436e-01 2.101010451183082592e-02
6.522196406526693524e-01 2.101304635776306273e-02
6.520023065504857440e-01 2.102463294681886086e-02
6.517850448688627951e-01 2.102123065422996026e-02
6.515678555836681429e-01 2.101376389195873384e-02
6.513507386707778624e-01 2.100384815284076986e-02
6.511336941060757999e-01 2.100206881331237452e-02
6.509167218654539067e-01 2.099933430017669050e-02
6.506998219248123494e-01 2.099983590324123323e-02
6.504829942600589554e-01 2.100568904617136981e-02
6.502662388471098787e-01 2.100098121924580397e-02
6.500495556618891557e-01 2.100261188448042382e-02
6.498329446803290388e-01 2.100896517691385260e-02
6.496164058783695516e-01 2.100272283590121081e-02
6.493999392319588226e-01 2.101043748589165663e-02
6.491835447170529738e-01 2.101143257934699748e-02
6.489672223096164538e-01 2.100933627262352790e-02
6.487509719856212609e-01 2.100958053610939291e-02
6.485347937210474978e-01 2.101859517975469827e-02
6.483186874918834830e-01 2.100783808273424744e-02
6.481026532741254176e-01 2.101694096807023987e-02
6.478866910437773852e-01 2.101186380743092288e-02
6.476708007768517961e-01 2.102761144744975941e-02
6.474549824493686101e-01 2.102006537725930116e-02
6.472392360373561138e-01 2.101315446859962355e-02
6.470235615168504761e-01 2.102318033611594306e-02
6.468079588638957489e-01 2.102917389240693130e-02
6.465924280545443104e-01 2.103631452719994729e-02
6.463769690648558663e-01 2.100662285597823184e-02
6.461615818708988934e-01 2.102641401770331819e-02
6.459462664487493067e-01 2.101973203278284172e-02
6.457310227744910147e-01 2.101140975444129241e-02
6.455158508242163640e-01 2.102586077555360783e-02
6.453007505740249172e-01 2.101249781886384629e-02
6.450857220000248970e-01 2.101250767346311485e-02
6.448707650783320755e-01 2.100919767457717913e-02
6.446558797850702183e-01 2.101556007040245033e-02
6.444410660963714177e-01 2.101453680764119730e-02
6.442263239883753156e-01 2.101405405863238443e-02
6.440116534372294366e-01 2.101220544922664454e-02
6.437970544190897426e-01 2.100694520544508018e-02
6.435825269101196344e-01 2.101161137639518880e-02
6.433680708864908393e-01 2.101357738318002794e-02
6.431536863243826341e-01 2.100816372566751897e-02
6.429393731999826223e-01 2.100769573002881502e-02
6.427251314894860679e-01 2.101166051033087276e-02
6.425109611690963396e-01 2.100890311291449958e-02
6.422968622150245777e-01 2.100999269732237162e-02
6.420828346034901379e-01 2.101063594496182033e-02
6.418688783107198148e-01 2.101041322906221573e-02
6.416549933129487293e-01 2.101023113388822763e-02
6.414411795864198851e-01 2.101035582153649300e-02
6.412274371073840573e-01 2.100950347476469166e-02
6.410137658521000148e-01 2.101336023926262189e-02
6.408001657968342979e-01 2.101102867349679409e-02
6.405866369178616626e-01 2.101101378581985563e-02
6.403731791914645255e-01 2.101065171909359194e-02
6.401597925939331857e-01 2.101240590049898577e-02
6.399464771015658249e-01 2.101116608789664261e-02
6.397332326906689515e-01 2.101205149172294742e-02
6.395200593375564013e-01 2.101415766018999848e-02
6.393069570185502259e-01 2.101295573476576889e-02
6.390939257099801374e-01 2.101306343721983869e-02
6.388809653881840633e-01 2.101332638613614273e-02
6.386680760295074810e-01 2.101417253041324568e-02
6.384552576103039723e-01 2.101610756255729157e-02
6.382425101069350015e-01 2.101447590614993061e-02
6.380298334957696937e-01 2.101562656058148654e-02
6.378172277531852785e-01 2.101342287826527336e-02
6.376046928555667570e-01 2.101434299338567416e-02
6.373922287793069019e-01 2.101785918334046419e-02
6.371798355008065906e-01 2.101461626007256056e-02
6.369675129964743610e-01 2.101546711997414468e-02
6.367552612427268555e-01 2.101428345783189905e-02
6.365430802159880441e-01 2.101485483622111960e-02
6.363309698926904456e-01 2.101651352580024765e-02
6.361189302492740172e-01 2.101605524979089507e-02
6.359069612621864875e-01 2.101582570843303632e-02
6.356950629078839121e-01 2.101620847121369456e-02
6.354832351628295628e-01 2.101663439271549833e-02
6.352714780034950381e-01 2.101743138586906895e-02
6.350597914063595972e-01 2.101648985200750205e-02
6.348481753479101597e-01 2.101861965426733009e-02
6.346366298046419718e-01 2.101772988153968388e-02
6.344251547530576074e-01 2.101874008404211458e-02
6.342137501696675228e-01 2.101855960150314159e-02
6.340024160309905010e-01 2.101940870523890184e-02
6.337911523135526526e-01 2.101943875766580996e-02
6.335799589938879706e-01 2.102056768825329158e-02
6.333688360485384417e-01 2.102143185490428293e-02
6.331577834540537131e-01 2.101991183689121481e-02
6.329468011869913147e-01 2.102147184844497391e-02
6.327358892239166588e-01 2.102136168307409611e-02
6.325250475414028184e-01 2.102341930355139388e-02
6.323142761160307490e-01 2.102220825668132953e-02
6.321035749243891777e-01 2.102250673107904783e-02
6.318929439430748252e-01 2.102330216784858291e-02
6.316823831486918506e-01 2.102210702329561712e-02
6.314718925178526288e-01 2.102289996816449416e-02
6.312614720271768620e-01 2.102231056597923115e-02
6.310511216532923573e-01 2.102283198205908560e-02
6.308408413728348041e-01 2.102306477029641449e-02
6.306306311624472194e-01 2.102353860364882324e-02
6.304204909987808358e-01 2.102349127686018934e-02
6.302104208584947687e-01 2.102370989583090405e-02
6.300004207182552385e-01 2.102490083212294261e-02
6.297904905547370147e-01 2.102438838545524907e-02
6.295806303446220831e-01 2.102566171389601626e-02
6.293708400646004231e-01 2.102572498049880625e-02
6.291611196913698967e-01 2.102592782707700045e-02
6.289514692016360264e-01 2.102597778769843898e-02
6.287418885721118844e-01 2.102744547925891605e-02
6.285323777795186473e-01 2.102698659019255900e-02
6.283229368005851523e-01 2.102847705505670947e-02
6.281135656120477861e-01 2.102670752586849670e-02
6.279042641906508182e-01 2.103202178036669978e-02
6.276950325131464004e-01 2.102944007580912975e-02
6.274858705562942340e-01 2.103075368344288487e-02
6.272767782968619033e-01 2.103101519720912763e-02
6.270677557116246525e-01 2.103046676174319743e-02
6.268588027773654980e-01 2.103476259790726735e-02
6.266499194708751164e-01 2.103158191103026917e-02
6.264411057689520668e-01 2.103098685208167409e-02
6.262323616484026800e-01 2.103193030538220987e-02
6.260236870860406144e-01 2.103316707200309985e-02
6.258150820586877439e-01 2.103311845879406172e-02
6.256065465431732697e-01 2.103190823397416490e-02
6.253980805163343870e-01 2.103182492940901607e-02
6.251896839550160623e-01 2.103258508485528547e-02
6.249813568360705895e-01 2.103328422962639013e-02
6.247730991363584785e-01 2.103361072129375509e-02
6.245649108327474552e-01 2.103297989368318327e-02
6.243567919021134616e-01 2.103323977002797412e-02
6.241487423213395447e-01 2.103378363046829250e-02
6.239407620673171895e-01 2.103412150532229727e-02
6.237328511169447642e-01 2.103449268003337175e-02
6.235250094471289639e-01 2.103444492275500718e-02
6.233172370347840330e-01 2.103496859905531688e-02
6.231095338568317654e-01 2.103518038025726719e-02
6.229018998902016158e-01 2.103578245458240237e-02
6.226943351118310321e-01 2.103608552430966117e-02
6.224868394986646791e-01 2.103649362993225205e-02
6.222794130276554370e-01 2.103684047684056466e-02
6.220720556757635133e-01 2.103708893147301223e-02
6.218647674199567765e-01 2.103757402086255460e-02
6.216575482372109773e-01 2.103773985200385610e-02
6.214503981045095271e-01 2.103827764210353460e-02
6.212433169988431647e-01 2.103856902051105468e-02
6.210363048972107336e-01 2.103907337530147928e-02
6.208293617766185157e-01 2.103933477659643281e-02
6.206224876140803426e-01 2.104007277809111925e-02
6.204156823866181503e-01 2.104042555974133116e-02
6.202089460712610913e-01 2.104065163170717317e-02
6.200022786450458678e-01 2.104127348656121416e-02
6.197956800850176196e-01 2.104151806527602975e-02
6.195891503682281476e-01 2.104191604834756979e-02
6.193826894717374687e-01 2.104228628572848980e-02
6.191762973726132602e-01 2.104273016373603422e-02
6.189699740479305268e-01 2.104315887720094314e-02
6.187637194747722669e-01 2.104343884754508731e-02
6.185575336302289173e-01 2.104415055608924168e-02
6.183514164913983535e-01 2.104484232740580843e-02
6.181453680353865554e-01 2.104487014989131835e-02
6.179393882393067194e-01 2.104537432400658409e-02
6.177334770802799246e-01 2.104585858488426317e-02
6.175276345354346885e-01 2.104624924098177918e-02
6.173218605819074112e-01 2.104671229718003966e-02
6.171161551968417092e-01 2.104717186205420920e-02
6.169105183573891926e-01 2.104781830543266466e-02
6.167049500407089102e-01 2.104822866906005951e-02
6.164994502239675711e-01 2.104856028030271248e-02
6.162940188843394340e-01 2.104912955908529518e-02
6.160886559990064182e-01 2.104929928969492825e-02
6.158833615451579924e-01 2.104978578131171466e-02
6.156781354999911748e-01 2.105042951461923162e-02
6.154729778407109775e-01 2.105111111572394861e-02
6.152678885445294066e-01 2.105127974565385376e-02
6.150628675886664620e-01 2.105220887007013680e-02
6.148579149503496932e-01 2.105284380497571273e-02
6.146530306068139771e-01 2.105315494924851760e-02
6.144482145353021840e-01 2.105346661073444550e-02
6.142434667130645121e-01 2.105407064514299570e-02
6.140387871173585976e-01 2.105437181827427701e-02
6.138341757254500708e-01 2.105479994184204437e-02
6.136296325146118891e-01 2.105566229073621218e-02
6.134251574621244485e-01 2.105614817149021462e-02
6.132207505452760277e-01 2.105674763408109385e-02
6.130164117413621216e-01 2.105692264343765260e-02
6.128121410276862191e-01 2.105801533561182243e-02
6.126079383815590251e-01 2.105821068342180261e-02
6.124038037802987944e-01 2.105877250451032578e-02
6.121997372012316641e-01 2.105942410678736040e-02
6.119957386216910988e-01 2.106002497619723426e-02
6.117918080190181129e-01 2.106091156303208783e-02
6.115879453705611590e-01 2.106155600972955261e-02
6.113841506536765724e-01 2.106199333504252258e-02
6.111804238457280158e-01 2.106211522570515526e-02
6.109767649240865905e-01 2.106292358158201594e-02
6.107731738661311693e-01 2.106422369259580013e-02
6.105696506492480635e-01 2.106447965896473054e-02
6.103661952508311339e-01 2.106452572235334442e-02
6.101628076482815688e-01 2.106495809093292260e-02
6.099594878190085501e-01 2.106661647092482673e-02
6.097562357404283651e-01 2.106792182442410177e-02
6.095530513899649616e-01 2.106783697258159810e-02
6.093499347450499481e-01 2.106865629766126180e-02
6.091468857831222605e-01 2.106958024297459972e-02
6.089439044816282731e-01 2.106918803553715219e-02
6.087409908180222429e-01 2.107011866276773185e-02
6.085381447697656432e-01 2.107212601272182365e-02
6.083353663143274970e-01 2.107165996473945105e-02
6.081326554291843767e-01 2.107221754978019779e-02
6.079300120918204042e-01 2.107307725713290086e-02
6.077274362797270291e-01 2.107506456103116349e-02
6.075249279704035832e-01 2.107544081054798721e-02
6.073224871413563930e-01 2.107517995770044616e-02
6.071201137700996675e-01 2.107713866550251641e-02
6.069178078341550542e-01 2.107821944490644722e-02
6.067155693110511949e-01 2.107758260321032640e-02
6.065133981783250583e-01 2.107938096509323969e-02
6.063112944135204962e-01 2.108070173541797335e-02
6.061092579941890213e-01 2.108005339315002086e-02
6.059072888978896954e-01 2.108168563691542249e-02
6.057053871021890190e-01 2.108565856376711650e-02
6.055035525846607092e-01 2.108166112601986969e-02
6.053017853228864764e-01 2.108440803140925954e-02
6.051000852944548036e-01 2.108500312786689909e-02
6.048984524769623894e-01 2.108596769513959926e-02
6.046968868480130377e-01 2.108764379733410119e-02
6.044953883852178800e-01 2.109180293064633754e-02
6.042939570661958193e-01 2.108887219724328577e-02
6.040925928685729751e-01 2.109171021447308128e-02
6.038912957699830164e-01 2.108918481557655461e-02
6.036900657480668286e-01 2.109254083848259576e-02
6.034889027804734019e-01 2.109243720237372749e-02
6.032878068448583875e-01 2.109705819681800820e-02
6.030867779188854305e-01 2.109461578220891281e-02
6.028858159802251704e-01 2.109872591640511719e-02
6.026849210065563511e-01 2.109761915832069831e-02
6.024840929755643781e-01 2.109922369188484137e-02
6.022833318649428724e-01 2.110034670591478048e-02
6.020826376523918944e-01 2.110268562183207491e-02
6.018820103156199419e-01 2.109985454098943156e-02
6.016814498323425076e-01 2.111096020727550732e-02
6.014809561802823001e-01 2.110505864052718283e-02
6.012805293371699111e-01 2.110605899781377304e-02
6.010801692807430374e-01 2.110858021530974404e-02
6.008798759887465923e-01 2.110943165274842964e-02
6.006796494389337049e-01 2.111087464211307274e-02
6.004794896090638323e-01 2.111309976166020341e-02
6.002793964769050916e-01 2.111261536463773097e-02
6.000793700202314840e-01 2.111728633368245567e-02
5.998794102168258924e-01 2.111723766203970482e-02
5.996795170444776391e-01 2.112024887092861514e-02
5.994796904809839289e-01 2.111936116897959737e-02
5.992799305041491831e-01 2.112361308899231294e-02
5.990802370917852615e-01 2.112659285327021449e-02
5.988806102217113514e-01 2.112366717379025871e-02
5.986810498717540785e-01 2.112593594643518910e-02
5.984815560197473960e-01 2.112613833717878406e-02
5.982821286435328068e-01 2.113018210770456484e-02
5.980827677209591409e-01 2.112947229980371641e-02
5.978834732298824450e-01 2.113810452845314714e-02
5.976842451481663154e-01 2.113568700435854500e-02
5.974850834536818978e-01 2.113731505554078752e-02
5.972859881243069990e-01 2.113822540824922963e-02
5.970869591379276420e-01 2.114577276295409244e-02
5.968879964724367326e-01 2.114496864871476950e-02
5.966891001057348376e-01 2.114660656589788593e-02
5.964902700157296289e-01 2.115033700651618512e-02
5.962915061803359951e-01 2.114873881231863970e-02
5.960928085774769292e-01 2.115510198797839955e-02
5.958941771850817526e-01 2.115784141705731591e-02
5.956956119810880024e-01 2.115730171538271476e-02
5.954971129434402100e-01 2.116070993817680337e-02
5.952986800500902342e-01 2.116579197032010529e-02
5.951003132789970396e-01 2.117146575472237530e-02
5.949020126081275839e-01 2.117738128900512398e-02
5.947037780154557085e-01 2.118161516152844426e-02
5.945056094789628043e-01 2.118421130394717092e-02
5.943075069766371454e-01 2.118675883687628353e-02
5.941094704864751108e-01 2.118657288307211270e-02
5.939114999864794076e-01 2.119188333065266314e-02
5.937135954546611805e-01 2.119704673884124230e-02
5.935157568690382357e-01 2.120292887577447313e-02
5.933179842076354849e-01 2.120969638774879498e-02
5.931202774484860551e-01 2.121751687973983530e-02
5.929226365696294021e-01 2.122624290827993671e-02
5.927250615491130858e-01 2.123674138515040111e-02
5.925275523649913278e-01 2.124993400384085629e-02
5.923301089953262322e-01 2.126017320700553104e-02
5.921327314181867862e-01 2.127803890905866080e-02
5.919354196116495270e-01 2.129986432286550685e-02
5.917381735537982079e-01 2.132326185932152326e-02
5.915409932227239098e-01 2.135187203189192057e-02
5.913438785965250410e-01 2.138885846960663500e-02
5.911468296533072264e-01 2.143498060675161007e-02
5.909498463711833072e-01 2.148345283369475223e-02
5.907529287282740071e-01 2.155033972142274615e-02
5.905560767027063784e-01 2.163832002654561548e-02
5.903592902726154668e-01 2.173936015254012560e-02
5.901625694161434232e-01 2.191142511362583617e-02
5.899659141114395045e-01 2.227086255499291512e-02
5.897693243366606275e-01 2.284722903256743154e-02
5.895728000699705929e-01 2.239141887335359057e-02
5.893763412895407505e-01 2.247884581243897451e-02
5.891799479735494449e-01 2.295284864582337186e-02
5.889836201001826810e-01 2.256904886502199281e-02
5.887873576476334581e-01 2.213433774887960115e-02
5.885911605941021030e-01 2.188190318105549120e-02
5.883950289177960480e-01 2.175076124112124490e-02
5.881989625969303859e-01 2.163519203604147637e-02
5.880029616097270928e-01 2.153868826816214901e-02
5.878070259344155835e-01 2.146744387523992492e-02
5.876111555492323779e-01 2.141464376882422360e-02
5.874153504324216568e-01 2.137126093460580550e-02
5.872196105622341511e-01 2.133942925985539418e-02
5.870239359169285853e-01 2.131217281301326164e-02
5.868283264747701233e-01 2.129213481909813382e-02
5.866327822140321446e-01 2.127513632676287028e-02
5.864373031129944680e-01 2.126043868150282942e-02
5.862418891499444618e-01 2.124904108438327097e-02
5.860465403031767107e-01 2.123960452840504415e-02
5.858512565509929049e-01 2.122970760726051662e-02
5.856560378717023951e-01 2.122116640893854586e-02
5.854608842436210825e-01 2.121432290894073938e-02
5.852657956450727506e-01 2.120757666748291498e-02
5.850707720543878443e-01 2.120163624758189883e-02
5.848758134499045802e-01 2.119677366491792836e-02
5.846809198099679472e-01 2.119323248894005446e-02
5.844860911129302616e-01 2.118992259392437835e-02
5.842913273371509453e-01 2.118695110602868831e-02
5.840966284609974135e-01 2.118560572199080019e-02
5.839019944628429659e-01 2.118176539915204992e-02
5.837074253210693398e-01 2.117908885184951670e-02
5.835129210140646006e-01 2.117608591109646984e-02
5.833184815202244744e-01 2.117395416174817566e-02
5.831241068179517928e-01 2.117193855200318400e-02
5.829297968856566037e-01 2.117061229286211488e-02
5.827355517017559494e-01 2.116819734348902166e-02
5.825413712446743109e-01 2.116556303783184365e-02
5.823472554928433853e-01 2.116340988580094756e-02
5.821532044247017534e-01 2.116117293532909782e-02
5.819592180186954344e-01 2.115918369708359031e-02
5.817652962532777750e-01 2.115980734523595364e-02
5.815714391069086719e-01 2.115585017086315731e-02
5.813776465580559050e-01 2.115472546166604143e-02
5.811839185851941370e-01 2.115321352790309681e-02
5.809902551668052473e-01 2.115040823380132454e-02
5.807966562813781097e-01 2.114970046801131071e-02
5.806031219074089256e-01 2.115106942774468493e-02
5.804096520234010015e-01 2.114688969305078547e-02
5.802162466078649716e-01 2.114453332436324468e-02
5.800229056393185756e-01 2.114432111371535722e-02
5.798296290962864363e-01 2.114125409399208316e-02
5.796364169573005043e-01 2.114151264755017440e-02
5.794432692009001684e-01 2.114233920952165655e-02
5.792501858056317010e-01 2.113772151612282671e-02
5.790571667500482578e-01 2.113597185676648407e-02
5.788642120127106550e-01 2.113662663170977687e-02
5.786713215721865922e-01 2.113394099333798168e-02
5.784784954070508745e-01 2.113514865987609764e-02
5.782857334958855233e-01 2.113392515599280333e-02
5.780930358172796657e-01 2.113292163805928145e-02
5.779004023498297560e-01 2.112972507540449713e-02
5.777078330721390209e-01 2.112961412070059677e-02
5.775153279628180147e-01 2.112988380280490103e-02
5.773228870004845081e-01 2.112983401667995267e-02
5.771305101637631552e-01 2.112717489803780935e-02
5.769381974312860484e-01 2.112619872334583690e-02
5.767459487816921637e-01 2.112371453610101951e-02
5.765537641936275826e-01 2.112541848265444069e-02
5.763616436457456027e-01 2.112445572213033848e-02
5.761695871167065164e-01 2.112203654418872562e-02
5.759775945851781653e-01 2.112209387443263198e-02
5.757856660298349416e-01 2.112002169079328640e-02
5.755938014293583427e-01 2.112197020366697250e-02
5.754020007624376376e-01 2.112127554475326865e-02
5.752102640077683127e-01 2.111807430307041308e-02
5.750185911440535147e-01 2.111814097019508799e-02
5.748269821500036070e-01 2.112001479778157984e-02
5.746354370043353921e-01 2.111890726717121497e-02
5.744439556857733331e-01 2.111641775873342175e-02
5.742525381730489986e-01 2.111456233978172697e-02
5.740611844449006185e-01 2.111505703709439311e-02
5.738698944800740831e-01 2.111519175037073620e-02
5.736786682573215002e-01 2.111474273611023411e-02
5.734875057554029709e-01 2.111278909643675428e-02
5.732964069530852580e-01 2.111105632479829894e-02
5.731053718291420074e-01 2.111534013074629901e-02
5.729144003623546366e-01 2.111278776143803854e-02
5.727234925315106695e-01 2.110925085257629036e-02
5.725326483154055124e-01 2.110993396550198478e-02
5.723418676928412330e-01 2.110953759208621452e-02
5.721511506426271154e-01 2.111059905976828827e-02
5.719604971435791052e-01 2.110942620635023262e-02
5.717699071745209194e-01 2.110716469751803756e-02
5.715793807142829364e-01 2.110684975750918083e-02
5.713889177417021958e-01 2.110713207189078219e-02
5.711985182356236201e-01 2.110567953767141999e-02
5.710081821748985709e-01 2.110525017518275967e-02
5.708179095383857371e-01 2.110483521668300028e-02
5.706277003049506913e-01 2.110455770394619596e-02
5.704375544534662223e-01 2.110422944454857369e-02
5.702474719628118915e-01 2.110461968698287838e-02
5.700574528118746986e-01 2.110762521853368559e-02
5.698674969795480827e-01 2.110408063021135261e-02
5.696776044447330323e-01 2.110354840599548698e-02
5.694877751863376414e-01 2.110715384832533362e-02
5.692980091832764433e-01 2.110346440545087313e-02
5.691083064144715209e-01 2.110823211515802655e-02
5.689186668588520623e-01 2.110650586023714650e-02
5.687290904953534731e-01 2.110536378397516455e-02
5.685395773029191524e-01 2.111009949499263044e-02
5.683501272604989385e-01 2.110974681363444322e-02
5.681607403470498863e-01 2.111636835803634010e-02
5.679714165415359339e-01 2.110102947678359209e-02
5.677821558229283472e-01 2.110084152870436713e-02
5.675929581702048310e-01 2.110241775997825919e-02
5.674038235623506399e-01 2.109869523245819223e-02
5.672147519783579117e-01 2.109821402956448683e-02
5.670257433972255567e-01 2.109789337233511711e-02
5.668367977979593686e-01 2.109862660462279854e-02
5.666479151595728014e-01 2.109656711244527541e-02
5.664590954610857487e-01 2.109702712236174310e-02
5.662703386815253204e-01 2.109602671733837309e-02
5.660816447999251766e-01 2.109561877044993303e-02
5.658930137953266382e-01 2.109538458462358046e-02
5.657044456467776872e-01 2.109525956197583901e-02
5.655159403333333001e-01 2.109466790668907549e-02
5.653274978340553369e-01 2.109425390809521392e-02
5.651391181280125409e-01 2.109422343953498702e-02
5.649508011942810937e-01 2.109381386253908475e-02
5.647625470119436164e-01 2.109348707899790995e-02
5.645743555600902797e-01 2.109327571100362911e-02
5.643862268178176933e-01 2.109315445450975213e-02
5.641981607642295726e-01 2.109301470900877551e-02
5.640101573784367384e-01 2.109275525588573397e-02
5.638222166395567836e-01 2.109234095169149753e-02
5.636343385267145178e-01 2.109222656126698986e-02
5.634465230190415230e-01 2.109195482068447480e-02
5.632587700956762644e-01 2.109178224828751197e-02
5.630710797357643127e-01 2.109161802552353068e-02
5.628834519184580110e-01 2.109131638223524230e-02
5.626958866229171408e-01 2.109115290450516017e-02
5.625083838283075899e-01 2.109114596544317197e-02
5.623209435138029066e-01 2.109095500001396256e-02
5.621335656585834117e-01 2.109062501906208004e-02
5.619462502418360872e-01 2.109037095305952431e-02
5.617589972427550205e-01 2.109010797438076040e-02
5.615718066405416264e-01 2.108996468174841390e-02
5.613846784144034263e-01 2.108973278888846836e-02
5.611976125435554907e-01 2.108974054096335315e-02
5.610106090072197738e-01 2.108926820531907206e-02
5.608236677846248908e-01 2.108926611394248626e-02
5.606367888550064515e-01 2.108903122133607907e-02
5.604499721976070603e-01 2.108888951014102620e-02
5.602632177916765377e-01 2.108871359449172173e-02
5.600765256164711436e-01 2.108860424744670586e-02
5.598898956512540215e-01 2.108838115732317858e-02
5.597033278752955310e-01 2.108817112448565026e-02
5.595168222678729153e-01 2.108797920908928036e-02
5.593303788082700789e-01 2.108793110587988545e-02
5.591439974757781428e-01 2.108765995623667483e-02
5.589576782496948892e-01 2.108759876089478374e-02
5.587714211093249839e-01 2.108726697356614818e-02
5.585852260339801978e-01 2.108733514324146255e-02
5.583990930029794075e-01 2.108713782216309687e-02
5.582130219956473738e-01 2.108696026019578340e-02
5.580270129913168509e-01 2.108685679458111722e-02
5.578410659693270324e-01 2.108678447151604921e-02
5.576551809090239953e-01 2.108650882791624284e-02
5.574693577897607000e-01 2.108663767836072359e-02
5.572835965908971012e-01 2.108651752549542749e-02
5.570978972917997041e-01 2.108656200997893401e-02
5.569122598718423411e-01 2.108605593782639231e-02
5.567266843104056173e-01 2.108589327610168457e-02
5.565411705868765768e-01 2.108591996786532072e-02
5.563557186806497024e-01 2.108574619401456032e-02
5.561703285711259159e-01 2.108543085731676148e-02
5.559850002377132450e-01 2.108537762820839045e-02
5.557997336598267113e-01 2.108527031587922179e-02
5.556145288168876650e-01 2.108551849944921563e-02
5.554293856883248948e-01 2.108505597144294183e-02
5.552443042535735174e-01 2.108498104450210603e-02
5.550592844920761992e-01 2.108498016810768372e-02
5.548743263832818240e-01 2.108487023578079628e-02
5.546894299066461587e-01 2.108514061150704513e-02
5.545045950416321867e-01 2.108480716722301029e-02
5.543198217677097750e-01 2.108430094839162938e-02
5.541351100643547856e-01 2.108445043836887009e-02
5.539504599110510741e-01 2.108437957238995866e-02
5.537658712872886024e-01 2.108436647062167379e-02
5.535813441725645490e-01 2.108479575289086069e-02
5.533968785463823092e-01 2.108408536872297817e-02
5.532124743882528284e-01 2.108392624381177222e-02
5.530281316776936018e-01 2.108409830279338315e-02
5.528438503942287863e-01 2.108340051804611856e-02
5.526596305173896440e-01 2.108433915440391035e-02
5.524754720267139874e-01 2.108422497837823817e-02
5.522913749017467344e-01 2.108325062931760627e-02
5.521073391220392423e-01 2.108335694215928216e-02
5.519233646671501958e-01 2.108298559817765525e-02
5.517394515166447189e-01 2.108353652586390792e-02
5.515555996500945968e-01 2.108374759482974092e-02
5.513718090470788313e-01 2.108335791447929486e-02
5.511880796871830857e-01 2.108299471622271729e-02
5.510044115499997952e-01 2.108297298623916516e-02
5.508208046151280568e-01 2.108291635764095867e-02
5.506372588621739617e-01 2.108280136152061029e-02
5.504537742707503734e-01 2.108336352625935980e-02
5.502703508204768168e-01 2.108305956397547171e-02
5.500869884909798113e-01 2.108268751504760105e-02
5.499036872618923155e-01 2.108237607157037105e-02
5.497204471128547265e-01 2.108279894273679816e-02
5.495372680235136587e-01 2.108303713127001461e-02
5.493541499735223876e-01 2.108244732065472221e-02
5.491710929425415166e-01 2.108219646095641636e-02
5.489880969102380881e-01 2.108211956383958252e-02
5.488051618562858058e-01 2.108278279152706047e-02
5.486222877603657011e-01 2.108194138865693984e-02
5.484394746021649114e-01 2.108201798130750204e-02
5.482567223613777907e-01 2.108158018291052607e-02
5.480740310177051322e-01 2.108191542896863113e-02
5.478914005508548346e-01 2.108346034905675750e-02
5.477088309405413469e-01 2.108114651050906063e-02
5.475263221664858904e-01 2.108200127682978084e-02
5.473438742084162367e-01 2.108106483207549536e-02
5.471614870460674851e-01 2.108198801674383491e-02
5.469791606591810629e-01 2.108153614328272737e-02
5.467968950275052809e-01 2.108162621756312638e-02
5.466146901307948891e-01 2.108290693465419974e-02
5.464325459488118542e-01 2.108238898580866785e-02
5.462504624613246929e-01 2.108095923299620547e-02
5.460684396481088054e-01 2.108192849069109864e-02
5.458864774889458094e-01 2.108184684274195392e-02
5.457045759636245386e-01 2.108067073629308827e-02
5.455227350519403773e-01 2.108005946096300556e-02
5.453409547336958152e-01 2.108044314705100758e-02
5.451592349886995592e-01 2.108035504354164105e-02
5.449775757967673107e-01 2.108072559895648665e-02
5.447959771377213212e-01 2.108084588499633052e-02
5.446144389913908368e-01 2.108015608453049292e-02
5.444329613376115429e-01 2.108180129192370467e-02
5.442515441562261191e-01 2.108060272359819215e-02
5.440701874270837957e-01 2.108023390695290544e-02
5.438888911300404638e-01 2.108107014291862868e-02
5.437076552449586764e-01 2.108152876281775556e-02
5.435264797517080915e-01 2.108065289231974074e-02
5.433453646301646955e-01 2.107996694514725072e-02
5.431643098602113584e-01 2.108037264065337757e-02
5.429833154217372782e-01 2.108058650399584344e-02
5.428023812946390914e-01 2.107989445509851623e-02
5.426215074588193188e-01 2.108028944731018400e-02
5.424406938941879197e-01 2.108046334307846215e-02
5.422599405806609596e-01 2.108010195700359135e-02
5.420792474981616094e-01 2.108022970505162713e-02
5.418986146266193682e-01 2.107981533286399159e-02
5.417180419459707297e-01 2.108008850873338905e-02
5.415375294361586267e-01 2.108081329215691357e-02
5.413570770771327645e-01 2.108049925095704241e-02
5.411766848488498427e-01 2.107966203063012245e-02
5.409963527312727782e-01 2.108070961286483830e-02
5.408160807043712603e-01 2.108096555626453109e-02
5.406358687481218617e-01 2.107939515315824380e-02
5.404557168425075941e-01 2.108099518941361841e-02
5.402756249675183531e-01 2.108084865026359569e-02
5.400955931031506951e-01 2.107960422753259871e-02
5.399156212294075052e-01 2.107914474419154277e-02
5.397357093262987737e-01 2.107929338432196209e-02
5.395558573738408192e-01 2.107896333381174131e-02
5.393760653520566217e-01 2.107900619585645341e-02
5.391963332409762666e-01 2.107859892440054270e-02
5.390166610206360565e-01 2.107859479689990628e-02
5.388370486710789553e-01 2.107844187859196639e-02
5.386574961723549215e-01 2.107822252896767931e-02
5.384780035045200197e-01 2.107812276187778777e-02
5.382985706476374199e-01 2.107804321236459583e-02
5.381191975817767315e-01 2.107782433570559028e-02
5.379398842870143360e-01 2.107803095800539830e-02
5.377606307434331656e-01 2.107811822221341766e-02
5.375814369311227026e-01 2.107784766245731495e-02
5.374023028301793126e-01 2.107775525927374147e-02
5.372232284207056896e-01 2.107785532472401108e-02
5.370442136828114110e-01 2.107776139440980037e-02
5.368652585966124935e-01 2.107770175731001061e-02
5.366863631422317260e-01 2.107770837791789198e-02
5.365075272997985589e-01 2.107759058061447338e-02
5.363287510494485488e-01 2.107770837964166588e-02
5.361500343713246908e-01 2.107744759220736910e-02
5.359713772455761971e-01 2.107743850969760052e-02
5.357927796523586084e-01 2.107742038963282549e-02
5.356142415718347927e-01 2.107737073036134237e-02
5.354357629841733912e-01 2.107736966167410991e-02
5.352573438695501507e-01 2.107737672849019708e-02
5.350789842081473680e-01 2.107725853287353845e-02
5.349006839801540014e-01 2.107719105481872801e-02
5.347224431657653376e-01 2.107730719655223628e-02
5.345442617451835465e-01 2.107714187434229017e-02
5.343661396986173484e-01 2.107708348511391078e-02
5.341880770062819028e-01 2.107707609044000979e-02
5.340100736483990307e-01 2.107704009227208755e-02
5.338321296051971032e-01 2.107701715772772322e-02
5.336542448569115971e-01 2.107703376254880037e-02
5.334764193837836510e-01 2.107707375243444287e-02
5.332986531660616203e-01 2.107697896675042593e-02
5.331209461840001884e-01 2.107693521398087966e-02
5.329432984178608113e-01 2.107690039372256408e-02
5.327657098479114950e-01 2.107693068845216053e-02
5.325881804544266851e-01 2.107709922911766773e-02
5.324107102176873774e-01 2.107698352765053143e-02
5.322332991179814510e-01 2.107677116596949618e-02
5.320559471356027803e-01 2.107694381964312844e-02
5.318786542508524562e-01 2.107673189651320875e-02
5.317014204440377867e-01 2.107679198318683500e-02
5.315242456954726302e-01 2.107663444438730507e-02
5.313471299854773955e-01 2.107675399106437308e-02
5.311700732943792636e-01 2.107673763527607297e-02
5.309930756025117438e-01 2.107656606816961375e-02
5.308161368902148958e-01 2.107675561235484302e-02
5.306392571378356626e-01 2.107684989586944627e-02
5.304624363257269826e-01 2.107681642347571452e-02
5.302856744342487882e-01 2.107647274529801315e-02
5.301089714437675626e-01 2.107643269293035804e-02
5.299323273346560059e-01 2.107667686590900674e-02
5.297557420872935907e-01 2.107639807221557346e-02
5.295792156820661178e-01 2.107643331779943119e-02
5.294027480993662715e-01 2.107630156292793558e-02
5.292263393195930643e-01 2.107650846580694584e-02
5.290499893231519479e-01 2.107615871541324015e-02
5.288736980904552576e-01 2.107638005020085262e-02
5.286974656019212127e-01 2.107625050557184951e-02
5.285212918379751379e-01 2.107625471713690107e-02
5.283451767790486864e-01 2.107613193021395936e-02
5.281691204055801725e-01 2.107619047416063249e-02
5.279931226980141279e-01 2.107609072761039773e-02
5.278171836368017455e-01 2.107633721251985295e-02
5.276413032024009908e-01 2.107617002106561971e-02
5.274654813752759352e-01 2.107628783441865480e-02
5.272897181358972007e-01 2.107647427258186115e-02
5.271140134647422926e-01 2.107635147060089517e-02
5.269383673422948222e-01 2.107596321325044819e-02
5.267627797490449515e-01 2.107615337504242792e-02
5.265872506654898366e-01 2.107592290466531876e-02
5.264117800721325180e-01 2.107590544216795050e-02
5.262363679494826973e-01 2.107581083477945427e-02
5.260610142780565157e-01 2.107591440187610299e-02
5.258857190383769975e-01 2.107576443334161984e-02
5.257104822109732734e-01 2.107580478281824779e-02
5.255353037763812463e-01 2.107589149587263747e-02
5.253601837151428144e-01 2.107584287485123054e-02
5.251851220078068705e-01 2.107596195248354759e-02
5.250101186349284133e-01 2.107578288497958044e-02
5.248351735770694360e-01 2.107587563541077694e-02
5.246602868147977050e-01 2.107589891122986503e-02
5.244854583286880922e-01 2.107594767878274641e-02
5.243106880993216867e-01 2.107583170768142708e-02
5.241359761072859058e-01 2.107648923982748806e-02
5.239613223331748282e-01 2.107609972298856230e-02
5.237867267575888608e-01 2.107608482464423325e-02
5.236121893611351830e-01 2.107638414551667519e-02
5.234377101244269692e-01 2.107580399992788067e-02
5.232632890280842775e-01 2.107627112991204352e-02
5.230889260527332718e-01 2.107571728192442206e-02
5.229146211790069998e-01 2.107553407177929772e-02
5.227403743875443931e-01 2.107568765867806268e-02
5.225661856589913778e-01 2.107558989055472592e-02
5.223920549739999863e-01 2.107569541623105502e-02
5.222179823132289123e-01 2.107546054900265656e-02
5.220439676573430665e-01 2.107554512508540145e-02
5.218700109870140214e-01 2.107547986512106272e-02
5.216961122829196773e-01 2.107550020899673360e-02
5.215222715257443742e-01 2.107540715865905204e-02
5.213484886961788911e-01 2.107546683423491135e-02
5.211747637749206685e-01 2.107538434821600026e-02
5.210010967426730311e-01 2.107542725651382481e-02
5.208274875801462978e-01 2.107539473796389562e-02
5.206539362680568939e-01 2.107537612989947295e-02
5.204804427871277950e-01 2.107539450587467278e-02
5.203070071180884160e-01 2.107541754956929192e-02
5.201336292416745000e-01 2.107535321157560232e-02
5.199603091386282294e-01 2.107533327191784406e-02
5.197870467896982261e-01 2.107531534383874638e-02
5.196138421756397729e-01 2.107531144743833573e-02
5.194406952772139263e-01 2.107546415173636861e-02
5.192676060751888478e-01 2.107541247709097953e-02
5.190945745503386943e-01 2.107533469422061961e-02
5.189216006834441730e-01 2.107536047585179678e-02
5.187486844552924303e-01 2.107539171285692167e-02
5.185758258466768300e-01 2.107532288196874506e-02
5.184030248383973971e-01 2.107539701139161947e-02
5.182302814112602629e-01 2.107540347335769976e-02
5.180575955460781090e-01 2.107546095468079000e-02
5.178849672236701673e-01 2.107537638202100494e-02
5.177123964248618870e-01 2.107554319576918425e-02
5.175398831304849345e-01 2.107548667571832596e-02
5.173674273213778596e-01 2.107544485405477702e-02
5.171950289783850963e-01 2.107550295969676246e-02
5.170226880823575177e-01 2.107572937166778126e-02
5.168504046141527697e-01 2.107558045872292771e-02
5.166781785546344929e-01 2.107551263318727802e-02
5.165060098846729897e-01 2.107557483792216885e-02
5.163338985851444463e-01 2.107562924336856686e-02
5.161618446369322655e-01 2.107565311611354561e-02
5.159898480209251792e-01 2.107561169307786003e-02
5.158179087180191358e-01 2.107566910841275620e-02
5.156460267091160787e-01 2.107578538574980676e-02
5.154742019751243909e-01 2.107578994665675054e-02
5.153024344969586723e-01 2.107586467379133841e-02
5.151307242555401844e-01 2.107567322544640076e-02
5.149590712317961838e-01 2.107590621896415078e-02
5.147874754066604774e-01 2.107578630359483590e-02
5.146159367610734225e-01 2.107621038291954130e-02
5.144444552759813716e-01 2.107576945804849264e-02
5.142730309323373383e-01 2.107603683601262656e-02
5.141016637111002208e-01 2.107581851404435880e-02
5.139303535932358002e-01 2.107623789754463003e-02
5.137591005597158533e-01 2.107597478663107704e-02
5.135879045915187069e-01 2.107615447770970485e-02
5.134167656696287940e-01 2.107616259100102141e-02
5.132456837750370982e-01 2.107616134160745364e-02
5.130746588887408199e-01 2.107600190517195174e-02
5.129036909917433773e-01 2.107657072147487570e-02
5.127327800650550715e-01 2.107630709062614099e-02
5.125619260896917551e-01 2.107601837195695674e-02
5.123911290466762747e-01 2.107631662697974362e-02
5.122203889170372504e-01 2.107645264596702886e-02
5.120497056818098525e-01 2.107619999712460890e-02
5.118790793220358015e-01 2.107654816157887231e-02
5.117085098187629244e-01 2.107686812772983920e-02
5.115379971530451542e-01 2.107587006735654744e-02
5.113675413059430852e-01 2.107693396212360556e-02
5.111971422585236402e-01 2.107627878085987366e-02
5.110267999918596260e-01 2.107667547882375453e-02
5.108565144870306218e-01 2.107673218812632782e-02
5.106862857251220911e-01 2.107631780994948315e-02
5.105161136872263805e-01 2.107640679249954754e-02
5.103459983544414991e-01 2.107694981073488308e-02
5.101759397078722280e-01 2.107638003239256305e-02
5.100059377286293438e-01 2.107676689291637998e-02
5.098359923978299513e-01 2.107689698704554027e-02
5.096661036965978164e-01 2.107678869731034049e-02
5.094962716060622565e-01 2.107664125898692578e-02
5.093264961073599162e-01 2.107777525827690679e-02
5.091567771816326582e-01 2.107619093530648316e-02
5.089871148100293397e-01 2.107639791811627764e-02
5.088175089737045909e-01 2.107712351814855847e-02
5.086479596538200365e-01 2.107688780108282756e-02
5.084784668315428524e-01 2.107702169644013607e-02
5.083090304880467647e-01 2.107726000808544942e-02
5.081396506045118278e-01 2.107686436637958363e-02
5.079703271621244243e-01 2.107714628735019372e-02
5.078010601420770431e-01 2.107733807437172507e-02
5.076318495255685015e-01 2.107699722741488216e-02
5.074626952938039448e-01 2.107717400343124547e-02
5.072935974279945137e-01 2.107753852084222335e-02
5.071245559093580102e-01 2.107681050941750261e-02
5.069555707191183425e-01 2.107730896994652534e-02
5.067866418385054139e-01 2.107816841296078492e-02
5.066177692487559003e-01 2.107673486348732306e-02
5.064489529311120286e-01 2.107648263714272802e-02
5.062801928668231310e-01 2.107692985642277417e-02
5.061114890371440911e-01 2.107704167317885416e-02
5.059428414233362314e-01 2.107751210869588526e-02
5.057742500066673141e-01 2.107720092641954257e-02
5.056057147684112074e-01 2.107681680634624841e-02
5.054372356898477747e-01 2.107662709315803046e-02
5.052688127522637629e-01 2.107663691341463488e-02
5.051004459369513588e-01 2.107638429799017776e-02
5.049321352252095219e-01 2.107654411281054824e-02
5.047638805983434285e-01 2.107656176846661733e-02
5.045956820376641394e-01 2.107640072564012645e-02
5.044275395244892657e-01 2.107700352476317429e-02
5.042594530401425246e-01 2.107683106544560800e-02
5.040914225659538506e-01 2.107681581070492208e-02
5.039234480832593954e-01 2.107723240080223645e-02
5.037555295734016392e-01 2.107686401663402126e-02
5.035876670177289460e-01 2.107756696293191026e-02
5.034198603975963415e-01 2.107710641201665167e-02
5.032521096943648464e-01 2.107565496926415427e-02
5.030844148894016987e-01 2.107698524108458232e-02
5.029167759640803537e-01 2.107662979241831797e-02
5.027491928997803727e-01 2.107581843172666794e-02
5.025816656778877567e-01 2.107588910477593835e-02
5.024141942797943905e-01 2.107642657620537735e-02
5.022467786868988204e-01 2.107513817977987175e-02
5.020794188806052549e-01 2.107460045376427157e-02
5.019121148423243417e-01 2.107401067771269218e-02
5.017448665534731678e-01 2.107363252424414996e-02
5.015776739954747043e-01 2.107328604729328050e-02
5.014105371497580288e-01 2.107280796694595282e-02
5.012434559977587689e-01 2.107277995011085092e-02
5.010764305209184366e-01 2.107228572048775936e-02
5.009094607006847610e-01 2.107200630881190737e-02
5.007425465185119107e-01 2.107180796563732500e-02
5.005756879558600492e-01 2.107164212945361950e-02
5.004088849941952244e-01 2.107136974371897481e-02
5.002421376149901455e-01 2.107094607159988239e-02
