9.089826947564526582e-01 2.095515169003453471e-02
9.086798014892895070e-01 2.096516358703034294e-02
9.083770091529053126e-01 2.096484604332435331e-02
9.080743177136673117e-01 2.096051291129235467e-02
9.077717271379546204e-01 2.097122740521081830e-02
9.074692373921571242e-01 2.095021032794104621e-02
9.071668484426761436e-01 2.097446524872872975e-02
9.068645602559242125e-01 2.092430012116764521e-02
9.065623727983247448e-01 2.098030765985923335e-02
9.062602860363124790e-01 2.095139712082621022e-02
9.059582999363336997e-01 2.094028328727517985e-02
9.056564144648452386e-01 2.096774462530478361e-02
9.053546295883158068e-01 2.094441067579235968e-02
9.050529452732245517e-01 2.094743839325735255e-02
9.047513614860624998e-01 2.093411014545518145e-02
9.044498781933312248e-01 2.097028144563251734e-02
9.041484953615441800e-01 2.095117186625200523e-02
9.038472129572250324e-01 2.092760448345495211e-02
9.035460309469092177e-01 2.092903200336185612e-02
9.032449492971436067e-01 2.098882722958850255e-02
9.029439679744852842e-01 2.094303828461231698e-02
9.026430869455034367e-01 2.099705590529822585e-02
9.023423061767776865e-01 2.091891141873765403e-02
9.020416256348993134e-01 2.102306826828087907e-02
9.017410452864704773e-01 2.097511253626334338e-02
9.014405650981044404e-01 2.097108170458525378e-02
9.011401850364256783e-01 2.100710221123439428e-02
9.008399050680695463e-01 2.100154647060712559e-02
9.005397251596829467e-01 2.096513202814001553e-02
9.002396452779235503e-01 2.106991315452960353e-02
8.999396653894603526e-01 2.092292928858105125e-02
8.996397854609731182e-01 2.094922977312872053e-02
8.993400054591534909e-01 2.107930336394323728e-02
8.990403253507032177e-01 2.110931843652036691e-02
8.987407451023357030e-01 2.097110797692999101e-02
8.984412646807754532e-01 2.101119860855128751e-02
8.981418840527576331e-01 2.094041282039933033e-02
8.978426031850293976e-01 2.095343794852107602e-02
8.975434220443477829e-01 2.106990455904619516e-02
8.972443405974819264e-01 2.104148529549934935e-02
8.969453588112115128e-01 2.096137472770220889e-02
8.966464766523272178e-01 2.103642367701779453e-02
8.963476940876312637e-01 2.098489953574888406e-02
8.960490110839365308e-01 2.097679216685387898e-02
8.957504276080671124e-01 2.103579156823346882e-02
8.954519436268580934e-01 2.101002271492861950e-02
8.951535591071557718e-01 2.095419131048887121e-02
8.948552740158169927e-01 2.100225202543883757e-02
8.945570883197104806e-01 2.097331983057637225e-02
8.942590019857152850e-01 2.103130183513833573e-02
8.939610149807215578e-01 2.094168199154793769e-02
8.936631272716307750e-01 2.101347402118279584e-02
8.933653388253557370e-01 2.101022593767633284e-02
8.930676496088194583e-01 2.102532196430708170e-02
8.927700595889563884e-01 2.101021854654627763e-02
8.924725687327120793e-01 2.102731886757775587e-02
8.921751770070429632e-01 2.103231351189614740e-02
8.918778843789167965e-01 2.103613860689373949e-02
8.915806908153114385e-01 2.098889521474056608e-02
8.912835962832170722e-01 2.099162538085794574e-02
8.909866007496337614e-01 2.097240086128903183e-02
8.906897041815731164e-01 2.093276781256237645e-02
8.903929065460577386e-01 2.092381711396544899e-02
8.900962078101209984e-01 2.091068968703502576e-02
8.897996079408073689e-01 2.093447525114839822e-02
8.895031069051723138e-01 2.089038296477021064e-02
8.892067046702820665e-01 2.088742390849195746e-02
8.889104012032142954e-01 2.092772182747709361e-02
8.886141964710571051e-01 2.091589212333989575e-02
8.883180904409100354e-01 2.091453761507389153e-02
8.880220830798833953e-01 2.089083200020034822e-02
8.877261743550982631e-01 2.089485686447790230e-02
8.874303642336870412e-01 2.089120040283282131e-02
8.871346526827927903e-01 2.090091277208578832e-02
8.868390396695696731e-01 2.089865371543691772e-02
8.865435251611823997e-01 2.089433688355942995e-02
8.862481091248074483e-01 2.089502369412591862e-02
8.859527915276315113e-01 2.089729296838618508e-02
8.856575723368524944e-01 2.088425743693524475e-02
8.853624515196791833e-01 2.089300778994902796e-02
8.850674290433312441e-01 2.088602171606591604e-02
8.847725048750396670e-01 2.089408162604461730e-02
8.844776789820454344e-01 2.088131730831618155e-02
8.841829513316015188e-01 2.088672364087629241e-02
8.838883218909712181e-01 2.089237750516798747e-02
8.835937906274285991e-01 2.088850208615319892e-02
8.832993575082592752e-01 2.089892046013347437e-02
8.830050225007588516e-01 2.089315310254961922e-02
8.827107855722347018e-01 2.088847291420563648e-02
8.824166466900046357e-01 2.089497294614787309e-02
8.821226058213974541e-01 2.090526126867501416e-02
8.818286629337528382e-01 2.088417293408984313e-02
8.815348179944212381e-01 2.090107069319899896e-02
8.812410709707643175e-01 2.088970258201542501e-02
8.809474218301542869e-01 2.089307406017334653e-02
8.806538705399741263e-01 2.089446934956708246e-02
8.803604170676182505e-01 2.089628041693484053e-02
8.800670613804912890e-01 2.089068617983554088e-02
8.797738034460093060e-01 2.088724706123233979e-02
8.794806432315986910e-01 2.089627414597315658e-02
8.791875807046970470e-01 2.089030821594629883e-02
8.788946158327528568e-01 2.089747757791991789e-02
8.786017485832249285e-01 2.090123352935157469e-02
8.783089789235837275e-01 2.089705170304374457e-02
8.780163068213099331e-01 2.089940564267137729e-02
8.777237322438952161e-01 2.089077480081552585e-02
8.774312551588423492e-01 2.088982735681855704e-02
8.771388755336643195e-01 2.089876258495835387e-02
8.768465933358855491e-01 2.089874179588315645e-02
8.765544085330412294e-01 2.089079941966446446e-02
8.762623210926768769e-01 2.090088221388204312e-02
8.759703309823493322e-01 2.090470174119095706e-02
8.756784381696260944e-01 2.089240676940586072e-02
8.753866426220853203e-01 2.090041563701740962e-02
8.750949443073162692e-01 2.090032675086228933e-02
8.748033431929185255e-01 2.089406998684439909e-02
8.745118392465028867e-01 2.090013449923266986e-02
8.742204324356910305e-01 2.089391168642322494e-02
8.739291227281148489e-01 2.090208424899775083e-02
8.736379100914176687e-01 2.090010408723508642e-02
8.733467944932532534e-01 2.089927749185215358e-02
8.730557759012860242e-01 2.089604689334439297e-02
8.727648542831916156e-01 2.090137467313064185e-02
8.724740296066559875e-01 2.089802437333516255e-02
8.721833018393762016e-01 2.089695223183331979e-02
8.718926709490596449e-01 2.089687744270754544e-02
8.716021369034252508e-01 2.090085403586338167e-02
8.713116996702017225e-01 2.090903260676806041e-02
8.710213592171293095e-01 2.090540728173695406e-02
8.707311155119585866e-01 2.089812216237512538e-02
8.704409685224511195e-01 2.089794336013186746e-02
8.701509182163787992e-01 2.090003215412074636e-02
8.698609645615250630e-01 2.090508338238040997e-02
8.695711075256831180e-01 2.090485795712173842e-02
8.692813470766574957e-01 2.089885685377498165e-02
8.689916831822632748e-01 2.089840360605856040e-02
8.687021158103264140e-01 2.089857444485045471e-02
8.684126449286834193e-01 2.090148792477994344e-02
8.681232705051816767e-01 2.090956917683322105e-02
8.678339925076791195e-01 2.090316223515632787e-02
8.675448109040443390e-01 2.090171799608267836e-02
8.672557256621569177e-01 2.090342783562521012e-02
8.669667367499069854e-01 2.089908528254158862e-02
8.666778441351951079e-01 2.090235057534200330e-02
8.663890477859329531e-01 2.090180912837437052e-02
8.661003476700429582e-01 2.090342365708969252e-02
8.658117437554576634e-01 2.090141681292971912e-02
8.655232360101210443e-01 2.090272691812810821e-02
8.652348244019868462e-01 2.090913956868071383e-02
8.649465088990204720e-01 2.090228008790398495e-02
8.646582894691974275e-01 2.090184845107064329e-02
8.643701660805038767e-01 2.090868719280350452e-02
8.640821387009368637e-01 2.090259638461541142e-02
8.637942072985039799e-01 2.090354101311750132e-02
8.635063718412234746e-01 2.090855351866470480e-02
8.632186322971243664e-01 2.090741045964187445e-02
8.629309886342463320e-01 2.090846546692289379e-02
8.626434408206392623e-01 2.091303848455346170e-02
8.623559888243644833e-01 2.091557138303042074e-02
8.620686326134932020e-01 2.091460806796424307e-02
8.617813721561078388e-01 2.090449182114087479e-02
8.614942074203010280e-01 2.090914698127767715e-02
8.612071383741761732e-01 2.091547769187741129e-02
8.609201649858474470e-01 2.091157813419749004e-02
8.606332872234395692e-01 2.090719040774521170e-02
8.603465050550879178e-01 2.091592069819461774e-02
8.600598184489381959e-01 2.092081659954194567e-02
8.597732273731469865e-01 2.090817717896702524e-02
8.594867317958817532e-01 2.091091026504155945e-02
8.592003316853199513e-01 2.092104361186097189e-02
8.589140270096499163e-01 2.091501127763054774e-02
8.586278177370708642e-01 2.091132407367548782e-02
8.583417038357923357e-01 2.091846422718197582e-02
8.580556852740341967e-01 2.090312554030209630e-02
8.577697620200274153e-01 2.092854728398486908e-02
8.574839340420133960e-01 2.091971969557580857e-02
8.571982013082438678e-01 2.091770873310142345e-02
8.569125637869815515e-01 2.091098583612420458e-02
8.566270214464992705e-01 2.093193190873410617e-02
8.563415742550808396e-01 2.091963751075514091e-02
8.560562221810205097e-01 2.091937100701037749e-02
8.557709651926229677e-01 2.093657556500103101e-02
8.554858032582034477e-01 2.092922525161219557e-02
8.552007363460880640e-01 2.093458419049002220e-02
8.549157644246131449e-01 2.092935348726602043e-02
8.546308874621255658e-01 2.091966206134252340e-02
8.543461054269833044e-01 2.092129964128669820e-02
8.540614182875541083e-01 2.094459427544064986e-02
8.537768260122164943e-01 2.093347906816173110e-02
8.534923285693600814e-01 2.092345260112522809e-02
8.532079259273842586e-01 2.093776987547672774e-02
8.529236180546991841e-01 2.093691850118541489e-02
8.526394049197258962e-01 2.093194453466398069e-02
8.523552864908955362e-01 2.092950017080748293e-02
8.520712627366499037e-01 2.093414950162346758e-02
8.517873336254415673e-01 2.094031438086475100e-02
8.515034991257328656e-01 2.093465388178319952e-02
8.512197592059974616e-01 2.094991940414677942e-02
8.509361138347192322e-01 2.095458022799686140e-02
8.506525629803922683e-01 2.093050490239182354e-02
8.503691066115216524e-01 2.094460177532633804e-02
8.500857446966227915e-01 2.096114955745511169e-02
8.498024772042213071e-01 2.093802259279090375e-02
8.495193041028535896e-01 2.094728462922945331e-02
8.492362253610665768e-01 2.093248567341208718e-02
8.489532409474173091e-01 2.095456935405872606e-02
8.486703508304737076e-01 2.096492079112208251e-02
8.483875549788141290e-01 2.092756637193560545e-02
8.481048533610270335e-01 2.094902575534964700e-02
8.478222459457117610e-01 2.095179007891012982e-02
8.475397327014777549e-01 2.096032231234873713e-02
8.472573135969454494e-01 2.096555269971969379e-02
8.469749886007451600e-01 2.094331687281865417e-02
8.466927576815179712e-01 2.096307031229840273e-02
8.464106208079152927e-01 2.097601672621157015e-02
8.461285779485990810e-01 2.092268978419111608e-02
8.458466290722416181e-01 2.095071340020429954e-02
8.455647741475256218e-01 2.098704936616095640e-02
8.452830131431445793e-01 2.097245271147725118e-02
8.450013460278019695e-01 2.097000081823533618e-02
8.447197727702118186e-01 2.094463028140212957e-02
8.444382933390987001e-01 2.097843618536046617e-02
8.441569077031975121e-01 2.095100012161854597e-02
8.438756158312538114e-01 2.094847417008267529e-02
8.435944176920230353e-01 2.098735357141802080e-02
8.433133132542715016e-01 2.095230009725660911e-02
8.430323024867758530e-01 2.100373597560236880e-02
8.427513853583230574e-01 2.093854076930473998e-02
8.424705618377104077e-01 2.095506839114223002e-02
8.421898318937458550e-01 2.100764360945618289e-02
8.419091954952473422e-01 2.097710875097082844e-02
8.416286526110435817e-01 2.097006543347819038e-02
8.413482032099734997e-01 2.094114705593164497e-02
8.410678472608865697e-01 2.097129655474954876e-02
8.407875847326422569e-01 2.101228423509799922e-02
8.405074155941107961e-01 2.098062879480899756e-02
8.402273398141727467e-01 2.097534170881273571e-02
8.399473573617188826e-01 2.100261508332303823e-02
8.396674682056501915e-01 2.097516021760890276e-02
8.393876723148785413e-01 2.094168757908554390e-02
8.391079696583255698e-01 2.095243140971425611e-02
8.388283602049239063e-01 2.104303020459701717e-02
8.385488439236159497e-01 2.097924284343603493e-02
8.382694207833547573e-01 2.097834884185800428e-02
8.379900907531037113e-01 2.099508593967074760e-02
8.377108538018362971e-01 2.099059808345303535e-02
8.374317098985368801e-01 2.096817491850213461e-02
8.371526590121994849e-01 2.096674144406388343e-02
8.368737011118287938e-01 2.099482682718700061e-02
8.365948361664399258e-01 2.099026989127997581e-02
8.363160641450582133e-01 2.099564631618746138e-02
8.360373850167190923e-01 2.100349545069003093e-02
8.357587987504688787e-01 2.098073455622397054e-02
8.354803053153637693e-01 2.101189196320010430e-02
8.352019046804702862e-01 2.100499949152861631e-02
8.349235968148652764e-01 2.096099729526123071e-02
8.346453816876360232e-01 2.096595981213116022e-02
8.343672592678799127e-01 2.098156405097780647e-02
8.340892295247049892e-01 2.102370230316315605e-02
8.338112924272291782e-01 2.098344725378366651e-02
8.335334479445809519e-01 2.101739918828406800e-02
8.332556960458989970e-01 2.099518806938724738e-02
8.329780367003321029e-01 2.096701540362698804e-02
8.327004698770397173e-01 2.095377527406484461e-02
8.324229955451912799e-01 2.101775348541189137e-02
8.321456136739664444e-01 2.097873856037734547e-02
8.318683242325555227e-01 2.098591629240374040e-02
8.315911271901589297e-01 2.095943807460468045e-02
8.313140225159867391e-01 2.101899826893200221e-02
8.310370101792602382e-01 2.097985408582386455e-02
8.307600901492105949e-01 2.100870061100624381e-02
8.304832623950788584e-01 2.095857755596021790e-02
8.302065268861166247e-01 2.103293029111897097e-02
8.299298835915860373e-01 2.100766647569905429e-02
8.296533324807590093e-01 2.105765313053815577e-02
8.293768735229181122e-01 2.098982420838870974e-02
8.291005066873555762e-01 2.104208713457017196e-02
8.288242319433744010e-01 2.098125593760957752e-02
8.285480492602875779e-01 2.098624866533319380e-02
8.282719586074185347e-01 2.099512945053740032e-02
8.279959599541003579e-01 2.098390659596084326e-02
8.277200532696770141e-01 2.100318461082159582e-02
8.274442385235024622e-01 2.098117954716456277e-02
8.271685156849407639e-01 2.097579332058074203e-02
8.268928847233663060e-01 2.096481861945205527e-02
8.266173456081634674e-01 2.099121514827024387e-02
8.263418983087272851e-01 2.100529966114889416e-02
8.260665427944623440e-01 2.095542823402907207e-02
8.257912790347839982e-01 2.099385266546662313e-02
8.255161069991177047e-01 2.098104451024775802e-02
8.252410266568985797e-01 2.097108354489954710e-02
8.249660379775727304e-01 2.098994343322606662e-02
8.246911409305957008e-01 2.100192928887451363e-02
8.244163354854338044e-01 2.102405970058517093e-02
8.241416216115632354e-01 2.101460679238548873e-02
8.238669992784704021e-01 2.105302662028116570e-02
8.235924684556518161e-01 2.103222811284660015e-02
8.233180291126142025e-01 2.110260639032396357e-02
8.230436812188745010e-01 2.117463533372539522e-02
8.227694247439597541e-01 2.103360727964446661e-02
8.224952596574073294e-01 2.099252762499041400e-02
8.222211859287643643e-01 2.096127812405355548e-02
8.219472035275884325e-01 2.100806264976197435e-02
8.216733124234473218e-01 2.099991652152007060e-02
8.213995125859184787e-01 2.099967772744064723e-02
8.211258039845902301e-01 2.099838160213818306e-02
8.208521865890604507e-01 2.099185936027407953e-02
8.205786603689374514e-01 2.101256327447934696e-02
8.203052252938394240e-01 2.102200763376668377e-02
8.200318813333948853e-01 2.101104801358425270e-02
8.197586284572424553e-01 2.098309615977263926e-02
8.194854666350307459e-01 2.100820441572179287e-02
8.192123958364184722e-01 2.101047224492788232e-02
8.189394160310747850e-01 2.098845417026451443e-02
8.186665271886786055e-01 2.097097127251138990e-02
8.183937292789188467e-01 2.101637775728904672e-02
8.181210222714948577e-01 2.103411463773828885e-02
8.178484061361160906e-01 2.101039292339372186e-02
8.175758808425021007e-01 2.098963937673751362e-02
8.173034463603818800e-01 2.099662746748436754e-02
8.170311026594951898e-01 2.102107053219383348e-02
8.167588497095920053e-01 2.105750975253981028e-02
8.164866874804317387e-01 2.105357834169077971e-02
8.162146159417844604e-01 2.098268446463562656e-02
8.159426350634298997e-01 2.102761191474682850e-02
8.156707448151582218e-01 2.105557149079900769e-02
8.153989451667691402e-01 2.100736840627714930e-02
8.151272360880732482e-01 2.108808727347247225e-02
8.148556175488901321e-01 2.100504940515577484e-02
8.145840895190503694e-01 2.103923004390274160e-02
8.143126519683941966e-01 2.109074830524287555e-02
8.140413048667719531e-01 2.098208930883448120e-02
8.137700481840438593e-01 2.106467358534590620e-02
8.134988818900803498e-01 2.109501797371055032e-02
8.132278059547620730e-01 2.109676362454220716e-02
8.129568203479794475e-01 2.099769134947918753e-02
8.126859250396326617e-01 2.101750954322018430e-02
8.124151199996328954e-01 2.110285340653673611e-02
8.121444051979000989e-01 2.102616901387900639e-02
8.118737806043653249e-01 2.097350585755952332e-02
8.116032461889689520e-01 2.108261142288523488e-02
8.113328019216617948e-01 2.106533975341178672e-02
8.110624477724041048e-01 2.104018201930229343e-02
8.107921837111670138e-01 2.102063615890673726e-02
8.105220097079309793e-01 2.103494499723596034e-02
8.102519257326866731e-01 2.103716837190541464e-02
8.099819317554348697e-01 2.104144494835377688e-02
8.097120277461861138e-01 2.100566771044175274e-02
8.094422136749609420e-01 2.100098240374338732e-02
8.091724895117903271e-01 2.103750426690443112e-02
8.089028552267147898e-01 2.100805232260686758e-02
8.086333107897848427e-01 2.100224788162823042e-02
8.083638561710609904e-01 2.100825642045082986e-02
8.080944913406140628e-01 2.098085735735747900e-02
8.078252162685244375e-01 2.098589564982385886e-02
8.075560309248828172e-01 2.096756946657240411e-02
8.072869352797894527e-01 2.100290089968409601e-02
8.070179293033550305e-01 2.098261760983320678e-02
8.067490129656997855e-01 2.098899053066824102e-02
8.064801862369539442e-01 2.097380967571220792e-02
8.062114490872582806e-01 2.098991776203100110e-02
8.059428014867626722e-01 2.096985427991721398e-02
8.056742434056273217e-01 2.096843501810441782e-02
8.054057748140226458e-01 2.098322791267336410e-02
8.051373956821284983e-01 2.095818568505285195e-02
8.048691059801350578e-01 2.096222504888031746e-02
8.046009056782422730e-01 2.097364164066392936e-02
8.043327947466599737e-01 2.097963069473689213e-02
8.040647731556080924e-01 2.096441946711045598e-02
8.037968408753162208e-01 2.096797296669113825e-02
8.035289978760242757e-01 2.096997745866152618e-02
8.032612441279814997e-01 2.097027968507065784e-02
8.029935796014475713e-01 2.097830971617482484e-02
8.027260042666919393e-01 2.097044522940444758e-02
8.024585180939940443e-01 2.096974899833684014e-02
8.021911210536426529e-01 2.097067052904618908e-02
8.019238131159373006e-01 2.097615385222233522e-02
8.016565942511868492e-01 2.097027427072980024e-02
8.013894644297102632e-01 2.096853669436425649e-02
8.011224236218362771e-01 2.096030842242744760e-02
8.008554717979035065e-01 2.097615577314903765e-02
8.005886089282606699e-01 2.096785071941220657e-02
8.003218349832663669e-01 2.097262970419335598e-02
8.000551499332884120e-01 2.097885648007342604e-02
7.997885537487053886e-01 2.096768612005759161e-02
7.995220463999055394e-01 2.097979733275686862e-02
7.992556278572864326e-01 2.096918389415614037e-02
7.989892980912558507e-01 2.097705179028739458e-02
7.987230570722317902e-01 2.097197017491624071e-02
7.984569047706414624e-01 2.097849496519973989e-02
7.981908411569224038e-01 2.096955513030428903e-02
7.979248662015218096e-01 2.097297022048525209e-02
7.976589798748967564e-01 2.097212434339349243e-02
7.973931821475142012e-01 2.096433181742961629e-02
7.971274729898509825e-01 2.097934359270178448e-02
7.968618523723934866e-01 2.096844225738608153e-02
7.965963202656382025e-01 2.098443004256309724e-02
7.963308766400913896e-01 2.097960005228637417e-02
7.960655214662692991e-01 2.096969759694735508e-02
7.958002547146976191e-01 2.096273573758667547e-02
7.955350763559123628e-01 2.096727924421488629e-02
7.952699863604588693e-01 2.096999167388271038e-02
7.950049846988924696e-01 2.096779802639265819e-02
7.947400713417783757e-01 2.096486111790120052e-02
7.944752462596917919e-01 2.096451072035404595e-02
7.942105094232173590e-01 2.096741113492553085e-02
7.939458608029497100e-01 2.096716022617393579e-02
7.936813003694930257e-01 2.096608334883845459e-02
7.934168280934619233e-01 2.096754534456204272e-02
7.931524439454801234e-01 2.097820518771043724e-02
7.928881478961812279e-01 2.096419291603951809e-02
7.926239399162091637e-01 2.097502855317874906e-02
7.923598199762169614e-01 2.097055338986889700e-02
7.920957880468679768e-01 2.097012681559191558e-02
7.918318440988348916e-01 2.097119971002604777e-02
7.915679881028007125e-01 2.096971751307268039e-02
7.913042200294574391e-01 2.097402050270123428e-02
7.910405398495076179e-01 2.097808537271700011e-02
7.907769475336630105e-01 2.097264972778158446e-02
7.905134430526452594e-01 2.098318015653107688e-02
7.902500263771862210e-01 2.097494362113714456e-02
7.899866974780268558e-01 2.097294949422819077e-02
7.897234563259181161e-01 2.098216355531311653e-02
7.894603028916209464e-01 2.098223454759835446e-02
7.891972371459055058e-01 2.097809341265339036e-02
7.889342590595522786e-01 2.098369567832754357e-02
7.886713686033511861e-01 2.097501417218288616e-02
7.884085657481016973e-01 2.098474647265181556e-02
7.881458504646133845e-01 2.097519165072318087e-02
7.878832227237055896e-01 2.098380199607821975e-02
7.876206824962067587e-01 2.098702307062211628e-02
7.873582297529556628e-01 2.098159452609635323e-02
7.870958644648007319e-01 2.098270535369595874e-02
7.868335866025997216e-01 2.099374585310505650e-02
7.865713961372207130e-01 2.098956692272470337e-02
7.863092930395407798e-01 2.099207065558389429e-02
7.860472772804472097e-01 2.098069301012836854e-02
7.857853488308369494e-01 2.099194464051710313e-02
7.855235076616163825e-01 2.098578168785007053e-02
7.852617537437016626e-01 2.098596882392391588e-02
7.850000870480190462e-01 2.098622862694514424e-02
7.847385075455037828e-01 2.099156014556208955e-02
7.844770152071013358e-01 2.098524328858529173e-02
7.842156100037667166e-01 2.099335709199089128e-02
7.839542919064644844e-01 2.099169041366667071e-02
7.836930608861690795e-01 2.098893057606476126e-02
7.834319169138643790e-01 2.098961166359325156e-02
7.831708599605441412e-01 2.099127341620420431e-02
7.829098899972116721e-01 2.098932795732366338e-02
7.826490069948800476e-01 2.099119028798242595e-02
7.823882109245716698e-01 2.099122250590056485e-02
7.821275017573192656e-01 2.099451239534220678e-02
7.818668794641645547e-01 2.099620709431456247e-02
7.816063440161590270e-01 2.099350205233659755e-02
7.813458953843641641e-01 2.099424025298840535e-02
7.810855335398508847e-01 2.099692757117025549e-02
7.808252584536995444e-01 2.099667186372798991e-02
7.805650700970004907e-01 2.099717634226591634e-02
7.803049684408535080e-01 2.099810369346937627e-02
7.800449534563680398e-01 2.099890617793277389e-02
7.797850251146629663e-01 2.100140184575115254e-02
7.795251833868674929e-01 2.100081605186870579e-02
7.792654282441193736e-01 2.100323230970242358e-02
7.790057596575667986e-01 2.100390195389512799e-02
7.787461775983672840e-01 2.100522629285979381e-02
7.784866820376878938e-01 2.100573800684141929e-02
7.782272729467056838e-01 2.100698132737833027e-02
7.779679502966068139e-01 2.100876129025675693e-02
7.777087140585872138e-01 2.101073823931819129e-02
7.774495642038524723e-01 2.101261504145213524e-02
7.771905007036179480e-01 2.101534653405431885e-02
7.769315235291081034e-01 2.101635928637014816e-02
7.766726326515575041e-01 2.101785255464493768e-02
7.764138280422101523e-01 2.102050097659833791e-02
7.761551096723192655e-01 2.102246901466972226e-02
7.758964775131481639e-01 2.102425184409678627e-02
7.756379315359696047e-01 2.102636127579621955e-02
7.753794717120654489e-01 2.103010028419848021e-02
7.751210980127277717e-01 2.103209442817754321e-02
7.748628104092580848e-01 2.103576245799057554e-02
7.746046088729670043e-01 2.103897381068710326e-02
7.743464933751751378e-01 2.104194427529294809e-02
7.740884638872127521e-01 2.104624370889867160e-02
7.738305203804191068e-01 2.105190971688868443e-02
7.735726628261438975e-01 2.105699878659337068e-02
7.733148911957451466e-01 2.106380048910072231e-02
7.730572054605915344e-01 2.107099709684472078e-02
7.727996055920607343e-01 2.108120735633206913e-02
7.725420915615401896e-01 2.109318126524541148e-02
7.722846633404267802e-01 2.110825214934765673e-02
7.720273209001266013e-01 2.112910562303983719e-02
7.717700642120558507e-01 2.115720740210310161e-02
7.715128932476399415e-01 2.119709432804901122e-02
7.712558079783138343e-01 2.125361640158568780e-02
7.709988083755218158e-01 2.134091117236819671e-02
7.707418944107182757e-01 2.148338492669481584e-02
7.704850660553663744e-01 2.175547876689110094e-02
7.702283232809394864e-01 2.247187956839687140e-02
7.699716660589197570e-01 2.238668021092998783e-02
7.697150943607994344e-01 2.173757570038069645e-02
7.694586081580799819e-01 2.149143108060656143e-02
7.692022074222725214e-01 2.137945903902531072e-02
7.689458921248975010e-01 2.132472899559696017e-02
7.686896622374850274e-01 2.129706822966218049e-02
7.684335177315744225e-01 2.129581682368040033e-02
7.681774585787148890e-01 2.133156706207028908e-02
7.679214847504646224e-01 2.140160618102155202e-02
7.676655962183916992e-01 2.150769796971602199e-02
7.674097929540736329e-01 2.166774793279314937e-02
7.671540749290971517e-01 2.193203377722803202e-02
7.668984421150588648e-01 2.243796582908479109e-02
7.666428944835642634e-01 2.284785452751636123e-02
7.663874320062288303e-01 2.215840627281415523e-02
7.661320546546771526e-01 2.179483366294822019e-02
7.658767624005435870e-01 2.158396735384438339e-02
7.656215552154718162e-01 2.144812143929756068e-02
7.653664330711147379e-01 2.134726454042653460e-02
7.651113959391349084e-01 2.126918163240001589e-02
7.648564437912045433e-01 2.121147835328541717e-02
7.646015765990047397e-01 2.116828993987920210e-02
7.643467943342265869e-01 2.113467755868169914e-02
7.640920969685703890e-01 2.111140159072771513e-02
7.638374844737457758e-01 2.109145138127517527e-02
7.635829568214718144e-01 2.107860288932889709e-02
7.633285139834772304e-01 2.106698232723522995e-02
7.630741559315000755e-01 2.105640158146411534e-02
7.628198826372875052e-01 2.104858639248912908e-02
7.625656940725966670e-01 2.104278935082242244e-02
7.623115902091935903e-01 2.103926033802413359e-02
7.620575710188538521e-01 2.103575992319833832e-02
7.618036364733627996e-01 2.103491777544372332e-02
7.615497865445145509e-01 2.102981226728996289e-02
7.612960212041131047e-01 2.102872636247363897e-02
7.610423404239716749e-01 2.102677012290447150e-02
7.607887441759130231e-01 2.102717685138179304e-02
7.605352324317691259e-01 2.102463594551820178e-02
7.602818051633811747e-01 2.102263676265254955e-02
7.600284623426002417e-01 2.102260241535819016e-02
7.597752039412865033e-01 2.102366697734728632e-02
7.595220299313092394e-01 2.102586623215250278e-02
7.592689402845477220e-01 2.102240586396083785e-02
7.590159349728901050e-01 2.102069968764504887e-02
7.587630139682339792e-01 2.102319819071004833e-02
7.585101772424864830e-01 2.101825177263315358e-02
7.582574247675638590e-01 2.101943251860169393e-02
7.580047565153918976e-01 2.101743809768345794e-02
7.577521724579060480e-01 2.101930242119151929e-02
7.574996725670501974e-01 2.101876717397017924e-02
7.572472568147785577e-01 2.101771948435219445e-02
7.569949251730542228e-01 2.101331121872652280e-02
7.567426776138495015e-01 2.101893467766632537e-02
7.564905141091464724e-01 2.101809740989630734e-02
7.562384346309360961e-01 2.101527546942828090e-02
7.559864391512189918e-01 2.101388554562017008e-02
7.557345276420048830e-01 2.101478198583797349e-02
7.554827000753130406e-01 2.101667082278154547e-02
7.552309564231719508e-01 2.101336177481143846e-02
7.549792966576193143e-01 2.101424691645578657e-02
7.547277207507023800e-01 2.101314320395855292e-02
7.544762286744775004e-01 2.101678859682355044e-02
7.542248204010104651e-01 2.100918209369542419e-02
7.539734959023762784e-01 2.101344193669411886e-02
7.537222551506593815e-01 2.101309673742842582e-02
7.534710981179534306e-01 2.100988794701053042e-02
7.532200247763610745e-01 2.101556389224923729e-02
7.529690350979950653e-01 2.101027414554347203e-02
7.527181290549767034e-01 2.101570131546444051e-02
7.524673066194368376e-01 2.102218617228614195e-02
7.522165677635156422e-01 2.100856370525877592e-02
7.519659124593625066e-01 2.101192305687860779e-02
7.517153406791360348e-01 2.101423219482916743e-02
7.514648523950043790e-01 2.101539871554100949e-02
7.512144475791445730e-01 2.100497090414489218e-02
7.509641262037433096e-01 2.100646970001356778e-02
7.507138882409961633e-01 2.102260139075917342e-02
7.504637336631084787e-01 2.101116286932942431e-02
7.502136624422943711e-01 2.102523536597016018e-02
7.499636745507773927e-01 2.100845291896227124e-02
7.497137699607904215e-01 2.101579628742617986e-02
7.494639486445754395e-01 2.100503064637673778e-02
7.492142105743839764e-01 2.101682605302673118e-02
7.489645557224764438e-01 2.101503649973190599e-02
7.487149840611225793e-01 2.101659541821713356e-02
7.484654955626017792e-01 2.101513660279332937e-02
7.482160901992019886e-01 2.103271623514943803e-02
7.479667679432208116e-01 2.101926932580232624e-02
7.477175287669651782e-01 2.101265868872223899e-02
7.474683726427507890e-01 2.100206700499847659e-02
7.472192995429032258e-01 2.102173300728369179e-02
7.469703094397565080e-01 2.101290635117689792e-02
7.467214023056545358e-01 2.100973706984309367e-02
7.464725781129502025e-01 2.102246439212894155e-02
7.462238368340055050e-01 2.101778844332140642e-02
7.459751784411917663e-01 2.102905057971301422e-02
7.457266029068893021e-01 2.103373033775601808e-02
7.454781102034881979e-01 2.102116860091043926e-02
7.452297003033869771e-01 2.100361959896722419e-02
7.449813731789938220e-01 2.101067511525708462e-02
7.447331288027263518e-01 2.101760350796210569e-02
7.444849671470106234e-01 2.103045021640313067e-02
7.442368881842824635e-01 2.104254189325874269e-02
7.439888918869868029e-01 2.104617965917033803e-02
7.437409782275774539e-01 2.102948081945275882e-02
7.434931471785178880e-01 2.100951031781684783e-02
7.432453987122803474e-01 2.100780151933872436e-02
7.429977328013466220e-01 2.101113336054447750e-02
7.427501494182071617e-01 2.105209713909084179e-02
7.425026485353619643e-01 2.102773166957779688e-02
7.422552301253201312e-01 2.103987474052206735e-02
7.420078941605998679e-01 2.101177020676863599e-02
7.417606406137285946e-01 2.104232246713604731e-02
7.415134694572428353e-01 2.101223717030660521e-02
7.412663806636882180e-01 2.103773332145871672e-02
7.410193742056195854e-01 2.102566594011744117e-02
7.407724500556009950e-01 2.103378808931592042e-02
7.405256081862056083e-01 2.102509033252094456e-02
7.402788485700154686e-01 2.104092129772204903e-02
7.400321711796222779e-01 2.103979845623818803e-02
7.397855759876263981e-01 2.102140328442875933e-02
7.395390629666374060e-01 2.102517354291989077e-02
7.392926320892742043e-01 2.104135035540225310e-02
7.390462833281649102e-01 2.104697760187640432e-02
7.388000166559461901e-01 2.101358650261486022e-02
7.385538320452642580e-01 2.108647133824111466e-02
7.383077294687747649e-01 2.102819181243794147e-02
7.380617088991415775e-01 2.102517396994185023e-02
7.378157703090386654e-01 2.102920269112764501e-02
7.375699136711481030e-01 2.104084629788621763e-02
7.373241389581620675e-01 2.104234573411579642e-02
7.370784461427809520e-01 2.104107340570551474e-02
7.368328351977150303e-01 2.108115798986045022e-02
7.365873060956831253e-01 2.103620834972438208e-02
7.363418588094132744e-01 2.105021124151078976e-02
7.360964933116426190e-01 2.103131904359553661e-02
7.358512095751176263e-01 2.101919600932301152e-02
7.356060075725934233e-01 2.104531840529633505e-02
7.353608872768343518e-01 2.100731511090209169e-02
7.351158486606140796e-01 2.108490228925789453e-02
7.348708916967152671e-01 2.102140376249117190e-02
7.346260163579291236e-01 2.104396745012330691e-02
7.343812226170567392e-01 2.103054575408884810e-02
7.341365104469077529e-01 2.101361372619942741e-02
7.338918798203009075e-01 2.102097183853975440e-02
7.336473307100641605e-01 2.105494747985012585e-02
7.334028630890344624e-01 2.106291464468721189e-02
7.331584769300577564e-01 2.101635017839712308e-02
7.329141722059890895e-01 2.107507493326907580e-02
7.326699488896923906e-01 2.100968240225361411e-02
7.324258069540410254e-01 2.102887661166727429e-02
7.321817463719170194e-01 2.103835131183618215e-02
7.319377671162116128e-01 2.108914837116473984e-02
7.316938691598248168e-01 2.104383369758011310e-02
7.314500524756663014e-01 2.106376953174671218e-02
7.312063170366540632e-01 2.110189282933981267e-02
7.309626628157153139e-01 2.102235349349450971e-02
7.307190897857867018e-01 2.109008085562925211e-02
7.304755979198134241e-01 2.106114507431825281e-02
7.302321871907497819e-01 2.110128289040264296e-02
7.299888575715591799e-01 2.100353928903202910e-02
7.297456090352141267e-01 2.108157660055552315e-02
7.295024415546957908e-01 2.105622093792668473e-02
7.292593551029947774e-01 2.106508717099489503e-02
7.290163496531103515e-01 2.103922830435722702e-02
7.287734251780508821e-01 2.099217969144303794e-02
7.285305816508339527e-01 2.102184840689460404e-02
7.282878190444858069e-01 2.102443331384883096e-02
7.280451373320416808e-01 2.104344367515339695e-02
7.278025364865461366e-01 2.107275879150909484e-02
7.275600164810523962e-01 2.104227571734759022e-02
7.273175772886227852e-01 2.103155146128174446e-02
7.270752188823286222e-01 2.103470799776253897e-02
7.268329412352501073e-01 2.103465723549765784e-02
7.265907443204766558e-01 2.105360406699093717e-02
7.263486281111062315e-01 2.108631044887845918e-02
7.261065925802461241e-01 2.105154338948294485e-02
7.258646377010122830e-01 2.104559539161094880e-02
7.256227634465300946e-01 2.107079097690549990e-02
7.253809697899333830e-01 2.107888328491183336e-02
7.251392567043652981e-01 2.103007612693049561e-02
7.248976241629775386e-01 2.105557933907940826e-02
7.246560721389311288e-01 2.107535067527267769e-02
7.244146006053959752e-01 2.100691423442697936e-02
7.241732095355508658e-01 2.107667210714644912e-02
7.239318989025832485e-01 2.104761777801153130e-02
7.236906686796898969e-01 2.106308686788382553e-02
7.234495188400765775e-01 2.104235622391727178e-02
7.232084493569574946e-01 2.104185414902493695e-02
7.229674602035562891e-01 2.105587493266041638e-02
7.227265513531052621e-01 2.102997494076901813e-02
7.224857227788455960e-01 2.104176822361791821e-02
7.222449744540274663e-01 2.102706485192519861e-02
7.220043063519101523e-01 2.106101789991886644e-02
7.217637184457614818e-01 2.103269054476146135e-02
7.215232107088584979e-01 2.103077558657978283e-02
7.212827831144869029e-01 2.104915221413445128e-02
7.210424356359416143e-01 2.104898928775655528e-02
7.208021682465259872e-01 2.106869956731167656e-02
7.205619809195528136e-01 2.106153741644362434e-02
7.203218736283433232e-01 2.108963036222025189e-02
7.200818463462278496e-01 2.104026595122065676e-02
7.198418990465456080e-01 2.102854778550544701e-02
7.196020317026446955e-01 2.108270319445807589e-02
7.193622442878819800e-01 2.104479754467742866e-02
7.191225367756234332e-01 2.102127239631572386e-02
7.188829091392436865e-01 2.109433686500378213e-02
7.186433613521261421e-01 2.107852019614945421e-02
7.184038933876636390e-01 2.104580411860042591e-02
7.181645052192571210e-01 2.103192249103082168e-02
7.179251968203169687e-01 2.110059642929227458e-02
7.176859681642622224e-01 2.105197397692089648e-02
7.174468192245205822e-01 2.109422368816244592e-02
7.172077499745290741e-01 2.108179512217561030e-02
7.169687603877330506e-01 2.111710945554470809e-02
7.167298504375871904e-01 2.116844265038405129e-02
7.164910200975546095e-01 2.108463371729629721e-02
7.162522693411075281e-01 2.102134977791618106e-02
7.160135981417269369e-01 2.105831427104659995e-02
7.157750064729025974e-01 2.102933505856620020e-02
7.155364943081331530e-01 2.099797164735221419e-02
7.152980616209261289e-01 2.102078118072991247e-02
7.150597083847978208e-01 2.101210519505303589e-02
7.148214345732734065e-01 2.100517891090290801e-02
7.145832401598867234e-01 2.100135696704212920e-02
7.143451251181804906e-01 2.102152515699476365e-02
7.141070894217065312e-01 2.100067046451576866e-02
7.138691330440251059e-01 2.099824489103027311e-02
7.136312559587055793e-01 2.100189953118399705e-02
7.133934581393257535e-01 2.100322346487571573e-02
7.131557395594725346e-01 2.101614697949666724e-02
7.129181001927415995e-01 2.099813910754525989e-02
7.126805400127373957e-01 2.102901189960226097e-02
7.124430589930729196e-01 2.100192873847437150e-02
7.122056571073703823e-01 2.100931592969797895e-02
7.119683343292605437e-01 2.099974803897475262e-02
7.117310906323830455e-01 2.100517186747996590e-02
7.114939259903861890e-01 2.098930921141623288e-02
7.112568403769271574e-01 2.100507888868123618e-02
7.110198337656719048e-01 2.101427289077118302e-02
7.107829061302951557e-01 2.100500755385203977e-02
7.105460574444802946e-01 2.098953422188503531e-02
7.103092876819195878e-01 2.100277167537169254e-02
7.100725968163140722e-01 2.100137232275517407e-02
7.098359848213735557e-01 2.099281789353518377e-02
7.095994516708166167e-01 2.101951512864243254e-02
7.093629973383703824e-01 2.100157385295275611e-02
7.091266217977711950e-01 2.101211691564535897e-02
7.088903250227635011e-01 2.099422957295451683e-02
7.086541069871010734e-01 2.098592763681947013e-02
7.084179676645461221e-01 2.098892383108745194e-02
7.081819070288698503e-01 2.102685916227894219e-02
7.079459250538518988e-01 2.099380547818320911e-02
7.077100217132806792e-01 2.099772980873451309e-02
7.074741969809537068e-01 2.101926740120230175e-02
7.072384508306768236e-01 2.099177823246128893e-02
7.070027832362646425e-01 2.098800716618978365e-02
7.067671941715406581e-01 2.102797677876073676e-02
7.065316836103372466e-01 2.099509293592652023e-02
7.062962515264950003e-01 2.100047378956092572e-02
7.060608978938637259e-01 2.099979387341633155e-02
7.058256226863015570e-01 2.099800686048926973e-02
7.055904258776756199e-01 2.099664022692382739e-02
7.053553074418615898e-01 2.102081867048141359e-02
7.051202673527439124e-01 2.100188861473515495e-02
7.048853055842158044e-01 2.099803407779154626e-02
7.046504221101790311e-01 2.101172146633788207e-02
7.044156169045442395e-01 2.099433255146221367e-02
7.041808899412304035e-01 2.101077716705893050e-02
7.039462411941656006e-01 2.100055083631564498e-02
7.037116706372864572e-01 2.099655621646809300e-02
7.034771782445382593e-01 2.098590570707984521e-02
7.032427639898749527e-01 2.100544697153631374e-02
7.030084278472590320e-01 2.101373744157282106e-02
7.027741697906622065e-01 2.101380702477290488e-02
7.025399897940640681e-01 2.099862268020242020e-02
7.023058878314535347e-01 2.099830744943825475e-02
7.020718638768278508e-01 2.099516312590750389e-02
7.018379179041931426e-01 2.101687123040985733e-02
7.016040498875639742e-01 2.098928523422287709e-02
7.013702598009635691e-01 2.102158871510278332e-02
7.011365476184239220e-01 2.099009201007353068e-02
7.009029133139860201e-01 2.099488976359278891e-02
7.006693568616987333e-01 2.101166033519039772e-02
7.004358782356201463e-01 2.099188410187846632e-02
7.002024774098167814e-01 2.100409042860062331e-02
6.999691543583639319e-01 2.100622476484392820e-02
6.997359090553455507e-01 2.098919498136935305e-02
6.995027414748538064e-01 2.100090399375675529e-02
6.992696515909900823e-01 2.099568357699093182e-02
6.990366393778640886e-01 2.100297489858013456e-02
6.988037048095941950e-01 2.100174685036849259e-02
6.985708478603073202e-01 2.098614969418335571e-02
6.983380685041392644e-01 2.099279298747566691e-02
6.981053667152341546e-01 2.098517051635606298e-02
6.978727424677447777e-01 2.099361888869011317e-02
6.976401957358329131e-01 2.098986726403302694e-02
6.974077264936683340e-01 2.098829978415695657e-02
6.971753347154296954e-01 2.099451394842922688e-02
6.969430203753046449e-01 2.098408040875437280e-02
6.967107834474888239e-01 2.099271531749829708e-02
6.964786239061866446e-01 2.099300215463082916e-02
6.962465417256114009e-01 2.100777003910721252e-02
6.960145368799847132e-01 2.099905373417348606e-02
6.957826093435367509e-01 2.101437977718783115e-02
6.955507590905065651e-01 2.099382131460081347e-02
6.953189860951415335e-01 2.100649670201592059e-02
6.950872903316974716e-01 2.100185416038745020e-02
6.948556717744392985e-01 2.101106074529940707e-02
6.946241303976400383e-01 2.100700170216842841e-02
6.943926661755814855e-01 2.102572776215381328e-02
6.941612790825538726e-01 2.102217080723295731e-02
6.939299690928563136e-01 2.100893650158369708e-02
6.936987361807959163e-01 2.099801015315590560e-02
6.934675803206890032e-01 2.103729772413157756e-02
6.932365014868600017e-01 2.104065886736182500e-02
6.930054996536421097e-01 2.101156195685783060e-02
6.927745747953768518e-01 2.101200735844695883e-02
6.925437268864147455e-01 2.106933479327272735e-02
6.923129559011143019e-01 2.106917439935883027e-02
6.920822618138429139e-01 2.104037341592916721e-02
6.918516445989765229e-01 2.101376009378509713e-02
6.916211042308996193e-01 2.100785725650447522e-02
6.913906406840047980e-01 2.099658916147913168e-02
6.911602539326939798e-01 2.098570473738001554e-02
6.909299439513767460e-01 2.099115839251325735e-02
6.906997107144718928e-01 2.098126792256523737e-02
6.904695541964063210e-01 2.099645829412591369e-02
6.902394743716157022e-01 2.098434793877735488e-02
6.900094712145442566e-01 2.097891123109044131e-02
6.897795446996443092e-01 2.097811261305742095e-02
6.895496948013771776e-01 2.097986593013465365e-02
6.893199214942123954e-01 2.097872639910537684e-02
6.890902247526280444e-01 2.097581762007617520e-02
6.888606045511109777e-01 2.097646150655132005e-02
6.886310608641562636e-01 2.097570284248553504e-02
6.884015936662674084e-01 2.097534777513728257e-02
6.881722029319568001e-01 2.097514898842564243e-02
6.879428886357448203e-01 2.097927887049203313e-02
6.877136507521607323e-01 2.098441076460696303e-02
6.874844892557421261e-01 2.097167721806823468e-02
6.872554041210350295e-01 2.097174785858760271e-02
6.870263953225941300e-01 2.097225805646867752e-02
6.867974628349823307e-01 2.097325919437430589e-02
6.865686066327714165e-01 2.097066426724758861e-02
6.863398266905411660e-01 2.097315318012582183e-02
6.861111229828802394e-01 2.096927549274851463e-02
6.858824954843852906e-01 2.097038482380125454e-02
6.856539441696620774e-01 2.096910417360847018e-02
6.854254690133242400e-01 2.096930203773823137e-02
6.851970699899943007e-01 2.096844567543988680e-02
6.849687470743027751e-01 2.096981537706809479e-02
6.847405002408890606e-01 2.097073522911375304e-02
6.845123294644008816e-01 2.096894720093865280e-02
6.842842347194943997e-01 2.096818772234825684e-02
6.840562159808339926e-01 2.097024482854174116e-02
6.838282732230929195e-01 2.096858240435765450e-02
6.836004064209525444e-01 2.096842017910221026e-02
6.833726155491028909e-01 2.096677740429272671e-02
6.831449005822419762e-01 2.096889730882381050e-02
6.829172614950770326e-01 2.096913763054380694e-02
6.826896982623228416e-01 2.096730806886849124e-02
6.824622108587031777e-01 2.096769664844229386e-02
6.822347992589502530e-01 2.096858015059154326e-02
6.820074634378041623e-01 2.096850582131310620e-02
6.817802033700141040e-01 2.097127069320704404e-02
6.815530190303372704e-01 2.096817948297110060e-02
6.813259103935394023e-01 2.096731531617631455e-02
6.810988774343945673e-01 2.096747965634628008e-02
6.808719201276852706e-01 2.096872513828866233e-02
6.806450384482025662e-01 2.096793685960869971e-02
6.804182323707455016e-01 2.096659881174178092e-02
6.801915018701221172e-01 2.096836813158723875e-02
6.799648469211483359e-01 2.096885499515385373e-02
6.797382674986488516e-01 2.096710662008262338e-02
6.795117635774562403e-01 2.096868663316186696e-02
6.792853351324121824e-01 2.096774697600667023e-02
6.790589821383659075e-01 2.096859102096648719e-02
6.788327045701757489e-01 2.096879054352774815e-02
6.786065024027081449e-01 2.096777436459911978e-02
6.783803756108378602e-01 2.096888476785217434e-02
6.781543241694479862e-01 2.096812512478851004e-02
6.779283480534301631e-01 2.096911543217210017e-02
6.777024472376842468e-01 2.096959356067105637e-02
6.774766216971185306e-01 2.096898857187469434e-02
6.772508714066495239e-01 2.096912201051842270e-02
6.770251963412023954e-01 2.096911219124573608e-02
6.767995964757105298e-01 2.096930053212709213e-02
6.765740717851154162e-01 2.096876567078970188e-02
6.763486222443672036e-01 2.096933144363397061e-02
6.761232478284243674e-01 2.096969352426543767e-02
6.758979485122535991e-01 2.096951898075683982e-02
6.756727242708299164e-01 2.096996636213985937e-02
6.754475750791368860e-01 2.097018395946953148e-02
6.752225009121660682e-01 2.096915430473752021e-02
6.749975017449176828e-01 2.096916855654288800e-02
6.747725775524002767e-01 2.097146973576456686e-02
6.745477283096302790e-01 2.097091039500606491e-02
6.743229539916330006e-01 2.097081859336704171e-02
6.740982545734418574e-01 2.097289998203085912e-02
6.738736300300984805e-01 2.097271581858363085e-02
6.736490803366528279e-01 2.097218972051652364e-02
6.734246054681635174e-01 2.097079432778286776e-02
6.732002053996968272e-01 2.097348492561549455e-02
6.729758801063279172e-01 2.097370491372334278e-02
6.727516295631401633e-01 2.097362152476196784e-02
6.725274537452250456e-01 2.097239794182967354e-02
6.723033526276824823e-01 2.097302349308731440e-02
6.720793261856206069e-01 2.097462274961345990e-02
6.718553743941557688e-01 2.097348119453419299e-02
6.716314972284129770e-01 2.097362543140803351e-02
6.714076946635250120e-01 2.097353413562632121e-02
6.711839666746335364e-01 2.097611250478496545e-02
6.709603132368877620e-01 2.097554960362708540e-02
6.707367343254460046e-01 2.097347227147363866e-02
6.705132299154741293e-01 2.097887806676517961e-02
6.702897999821466613e-01 2.097602423289117099e-02
6.700664445006464520e-01 2.097579979751012721e-02
6.698431634461642359e-01 2.097674119303209392e-02
6.696199567938996289e-01 2.097883623283251092e-02
6.693968245190599076e-01 2.097670624107091444e-02
6.691737665968608972e-01 2.098009075861182252e-02
6.689507830025266388e-01 2.098005116095654279e-02
6.687278737112896110e-01 2.097709915622185048e-02
6.685050386983900639e-01 2.097649383932525397e-02
6.682822779390769075e-01 2.098149732049884100e-02
6.680595914086073783e-01 2.098135756166686489e-02
6.678369790822465957e-01 2.098155207805214167e-02
6.676144409352681164e-01 2.097701914154138231e-02
6.673919769429538240e-01 2.098430474336278675e-02
6.671695870805934847e-01 2.097905633212240190e-02
6.669472713234856354e-01 2.098267124603658482e-02
6.667250296469365844e-01 2.098253299589644336e-02
6.665028620262610781e-01 2.098250084589873068e-02
6.662807684367821892e-01 2.098555008981253453e-02
6.660587488538308731e-01 2.098043095705127634e-02
6.658368032527465230e-01 2.098526654904337221e-02
6.656149316088768586e-01 2.098586079340384811e-02
6.653931338975777043e-01 2.098286542963165302e-02
6.651714100942128782e-01 2.098332814892269957e-02
6.649497601741547470e-01 2.098316513891227558e-02
6.647281841127837820e-01 2.098672932803861274e-02
6.645066818854886703e-01 2.098201733641105043e-02
6.642852534676659815e-01 2.099234947854852762e-02
6.640638988347210558e-01 2.098587460238235392e-02
6.638426179620670053e-01 2.098561172346360970e-02
6.636214108251252686e-01 2.098457231185702279e-02
6.634002773993253887e-01 2.099178193787366517e-02
6.631792176601052358e-01 2.098854300636628784e-02
6.629582315829110062e-01 2.098988851498261726e-02
6.627373191431965571e-01 2.099131686286469234e-02
6.625164803164244054e-01 2.098813318202822145e-02
6.622957150780649505e-01 2.098709066955989355e-02
6.620750234035970294e-01 2.098881212799390272e-02
6.618544052685074730e-01 2.099023412566781988e-02
6.616338606482913276e-01 2.098765245447772182e-02
6.614133895184518552e-01 2.099814970863241731e-02
6.611929918545003115e-01 2.099407773512518977e-02
6.609726676319562788e-01 2.098712949838705752e-02
6.607524168263474440e-01 2.099319368758321286e-02
6.605322394132097097e-01 2.098680911061234430e-02
6.603121353680868610e-01 2.099790468990103687e-02
6.600921046665313430e-01 2.099675302414728134e-02
6.598721472841032609e-01 2.099680676893687231e-02
6.596522631963710470e-01 2.099228731266454193e-02
6.594324523789114600e-01 2.099094488900071429e-02
6.592127148073089193e-01 2.099028167545303331e-02
6.589930504571565040e-01 2.099173126208728896e-02
6.587734593040550646e-01 2.100469102754526016e-02
6.585539413236138895e-01 2.100022640985847039e-02
6.583344964914500386e-01 2.099809811484545929e-02
6.581151247831888984e-01 2.099169818925360198e-02
6.578958261744640712e-01 2.099235624270362824e-02
6.576766006409170418e-01 2.100863120650207222e-02
6.574574481581976215e-01 2.100777888596944837e-02
6.572383687019635046e-01 2.099820760302478426e-02
6.570193622478808226e-01 2.100125837433337167e-02
6.568004287716235901e-01 2.099847789684664706e-02
6.565815682488740368e-01 2.100295840284251148e-02
6.563627806553221644e-01 2.099784644788425803e-02
6.561440659666665232e-01 2.099600666448151950e-02
6.559254241586136569e-01 2.100337879495076457e-02
6.557068552068779921e-01 2.099876491306279513e-02
6.554883590871821708e-01 2.100505938867152159e-02
6.552699357752570508e-01 2.099595568294387177e-02
6.550515852468414835e-01 2.100076294894599738e-02
6.548333074776822027e-01 2.099527744109535438e-02
6.546151024435341581e-01 2.100131791914634435e-02
6.543969701201608480e-01 2.099834047242001706e-02
6.541789104833329871e-01 2.099404136995220230e-02
6.539609235088300609e-01 2.099942603598345739e-02
6.537430091724391046e-01 2.100015210150580833e-02
6.535251674499558128e-01 2.100105232748778264e-02
6.533073983171833188e-01 2.099613637073639502e-02
6.530897017499333046e-01 2.099785362685402390e-02
6.528720777240252238e-01 2.100013275427122655e-02
6.526545262152868565e-01 2.100297702121940030e-02
6.524370471995536436e-01 2.100835329938616561e-02
6.522196406526693524e-01 2.101129909515109945e-02
6.520023065504857440e-01 2.102289924836148530e-02
6.517850448688627951e-01 2.101948182693969686e-02
6.515678555836681429e-01 2.101201524418911878e-02
6.513507386707778624e-01 2.100207523373451984e-02
6.511336941060757999e-01 2.100029056091369875e-02
6.509167218654539067e-01 2.099755771011032821e-02
6.506998219248123494e-01 2.099805764804145783e-02
6.504829942600589554e-01 2.100392282664090282e-02
6.502662388471098787e-01 2.099920144853321957e-02
6.500495556618891557e-01 2.100084026529533757e-02
6.498329446803290388e-01 2.100719358432395420e-02
6.496164058783695516e-01 2.100094800322818700e-02
6.493999392319588226e-01 2.100868134578089130e-02
6.491835447170529738e-01 2.100967171570978717e-02
6.489672223096164538e-01 2.100757617035365829e-02
6.487509719856212609e-01 2.100782713893264292e-02
6.485347937210474978e-01 2.101684403804839410e-02
6.483186874918834830e-01 2.100607894690916314e-02
6.481026532741254176e-01 2.101518566163275079e-02
6.478866910437773852e-01 2.101010219494319625e-02
6.476708007768517961e-01 2.102587389456551589e-02
6.474549824493686101e-01 2.101832087124319570e-02
6.472392360373561138e-01 2.101140744435625596e-02
6.470235615168504761e-01 2.102142309356717226e-02
6.468079588638957489e-01 2.102745857755628292e-02
6.465924280545443104e-01 2.103461858155120101e-02
6.463769690648558663e-01 2.100485349419589989e-02
6.461615818708988934e-01 2.102467063173244291e-02
6.459462664487493067e-01 2.101798498569903972e-02
6.457310227744910147e-01 2.100965114914719878e-02
6.455158508242163640e-01 2.102414561193431675e-02
6.453007505740249172e-01 2.101074812875203951e-02
6.450857220000248970e-01 2.101075317665259887e-02
6.448707650783320755e-01 2.100743013896994027e-02
6.446558797850702183e-01 2.101380927064228771e-02
6.444410660963714177e-01 2.101279060414610114e-02
6.442263239883753156e-01 2.101230768544418148e-02
6.440116534372294366e-01 2.101045016830068932e-02
6.437970544190897426e-01 2.100517680300269599e-02
6.435825269101196344e-01 2.100985503091456000e-02
6.433680708864908393e-01 2.101182124469157947e-02
6.431536863243826341e-01 2.100639666259927762e-02
6.429393731999826223e-01 2.100592741199481389e-02
6.427251314894860679e-01 2.100989597338952589e-02
6.425109611690963396e-01 2.100713658766440589e-02
6.422968622150245777e-01 2.100823116747253805e-02
6.420828346034901379e-01 2.100887119017925964e-02
6.418688783107198148e-01 2.100864620596760296e-02
6.416549933129487293e-01 2.100846481687789272e-02
6.414411795864198851e-01 2.100858748014185207e-02
6.412274371073840573e-01 2.100773469516790601e-02
6.410137658521000148e-01 2.101159704264261852e-02
6.408001657968342979e-01 2.100926199680501136e-02
6.405866369178616626e-01 2.100924738396600308e-02
6.403731791914645255e-01 2.100888400501558020e-02
6.401597925939331857e-01 2.101063810532403237e-02
6.399464771015658249e-01 2.100939732209007593e-02
6.397332326906689515e-01 2.101028834976887902e-02
6.395200593375564013e-01 2.101239377783706633e-02
6.393069570185502259e-01 2.101118988111131194e-02
6.390939257099801374e-01 2.101129882937545837e-02
6.388809653881840633e-01 2.101156381708809556e-02
6.386680760295074810e-01 2.101241100976199844e-02
6.384552576103039723e-01 2.101434842369168457e-02
6.382425101069350015e-01 2.101271664845331608e-02
6.380298334957696937e-01 2.101387085250659703e-02
6.378172277531852785e-01 2.101166138734256172e-02
6.376046928555667570e-01 2.101258034236853575e-02
6.373922287793069019e-01 2.101610229399973259e-02
6.371798355008065906e-01 2.101285410194356912e-02
6.369675129964743610e-01 2.101370312389604783e-02
6.367552612427268555e-01 2.101252122067391245e-02
6.365430802159880441e-01 2.101309233856429176e-02
6.363309698926904456e-01 2.101475295968004836e-02
6.361189302492740172e-01 2.101429349274508071e-02
6.359069612621864875e-01 2.101406497730893760e-02
6.356950629078839121e-01 2.101444698525503987e-02
6.354832351628295628e-01 2.101487644645486791e-02
6.352714780034950381e-01 2.101567239222680919e-02
6.350597914063595972e-01 2.101473008184328098e-02
6.348481753479101597e-01 2.101686294210916225e-02
6.346366298046419718e-01 2.101597368167897051e-02
6.344251547530576074e-01 2.101698416781842479e-02
6.342137501696675228e-01 2.101680579312628638e-02
6.340024160309905010e-01 2.101765662123152370e-02
6.337911523135526526e-01 2.101768573002682147e-02
6.335799589938879706e-01 2.101881614689783684e-02
6.333688360485384417e-01 2.101968289728654501e-02
6.331577834540537131e-01 2.101816011031873085e-02
6.329468011869913147e-01 2.101972252842294886e-02
6.327358892239166588e-01 2.101961079196956739e-02
6.325250475414028184e-01 2.102167411627522964e-02
6.323142761160307490e-01 2.102045952610753429e-02
6.321035749243891777e-01 2.102075609479169341e-02
6.318929439430748252e-01 2.102155481286040184e-02
6.316823831486918506e-01 2.102036136324935550e-02
6.314718925178526288e-01 2.102115749780605197e-02
6.312614720271768620e-01 2.102056505533994937e-02
6.310511216532923573e-01 2.102108769543217445e-02
6.308408413728348041e-01 2.102132011050733551e-02
6.306306311624472194e-01 2.102179672440526725e-02
6.304204909987808358e-01 2.102174951949650067e-02
6.302104208584947687e-01 2.102196806278005398e-02
6.300004207182552385e-01 2.102315707145180693e-02
6.297904905547370147e-01 2.102264778034514808e-02
6.295806303446220831e-01 2.102392476107170505e-02
6.293708400646004231e-01 2.102398406357152555e-02
6.291611196913698967e-01 2.102418650285272847e-02
6.289514692016360264e-01 2.102424014712176228e-02
6.287418885721118844e-01 2.102570685707298367e-02
6.285323777795186473e-01 2.102525273795257874e-02
6.283229368005851523e-01 2.102674112408878943e-02
6.281135656120477861e-01 2.102497130032947997e-02
6.279042641906508182e-01 2.103028768962156639e-02
6.276950325131464004e-01 2.102770820923087480e-02
6.274858705562942340e-01 2.102902331560199331e-02
6.272767782968619033e-01 2.102928761758545914e-02
6.270677557116246525e-01 2.102873757319207240e-02
6.268588027773654980e-01 2.103304493316018181e-02
6.266499194708751164e-01 2.102985640024166922e-02
6.264411057689520668e-01 2.102925811286617333e-02
6.262323616484026800e-01 2.103020549810784637e-02
6.260236870860406144e-01 2.103144557736221984e-02
6.258150820586877439e-01 2.103140125806617078e-02
6.256065465431732697e-01 2.103018514377491197e-02
6.253980805163343870e-01 2.103009904938992619e-02
6.251896839550160623e-01 2.103085963883441836e-02
6.249813568360705895e-01 2.103156312466050379e-02
6.247730991363584785e-01 2.103189058991936089e-02
6.245649108327474552e-01 2.103125700356103453e-02
6.243567919021134616e-01 2.103151822916502975e-02
6.241487423213395447e-01 2.103206271153209087e-02
6.239407620673171895e-01 2.103240131403896762e-02
6.237328511169447642e-01 2.103277329332554901e-02
6.235250094471289639e-01 2.103272454968277763e-02
6.233172370347840330e-01 2.103324959233343269e-02
6.231095338568317654e-01 2.103346147235195251e-02
6.229018998902016158e-01 2.103406488075522385e-02
6.226943351118310321e-01 2.103436831790555378e-02
6.224868394986646791e-01 2.103477754415196063e-02
6.222794130276554370e-01 2.103512597379099056e-02
6.220720556757635133e-01 2.103537452020208184e-02
6.218647674199567765e-01 2.103586084619405577e-02
6.216575482372109773e-01 2.103602580634937602e-02
6.214503981045095271e-01 2.103656627493407510e-02
6.212433169988431647e-01 2.103685728239461719e-02
6.210363048972107336e-01 2.103736326828069617e-02
6.208293617766185157e-01 2.103762444637332849e-02
6.206224876140803426e-01 2.103836587249723750e-02
6.204156823866181503e-01 2.103871996691017432e-02
6.202089460712610913e-01 2.103894500037693793e-02
6.200022786450458678e-01 2.103956935745184692e-02
6.197956800850176196e-01 2.103981418607791046e-02
6.195891503682281476e-01 2.104021222203781780e-02
6.193826894717374687e-01 2.104058311467186734e-02
6.191762973726132602e-01 2.104102836068022855e-02
6.189699740479305268e-01 2.104145769911098737e-02
6.187637194747722669e-01 2.104173731528661412e-02
6.185575336302289173e-01 2.104245191879253185e-02
6.183514164913983535e-01 2.104314727985694480e-02
6.181453680353865554e-01 2.104317250205908416e-02
6.179393882393067194e-01 2.104367835374763157e-02
6.177334770802799246e-01 2.104416424779699188e-02
6.175276345354346885e-01 2.104455555873761124e-02
6.173218605819074112e-01 2.104502003533647789e-02
6.171161551968417092e-01 2.104548036222068583e-02
6.169105183573891926e-01 2.104612961602206345e-02
6.167049500407089102e-01 2.104653940970833276e-02
6.164994502239675711e-01 2.104687174024241422e-02
6.162940188843394340e-01 2.104744393648466314e-02
6.160886559990064182e-01 2.104761137124729412e-02
6.158833615451579924e-01 2.104809940333733989e-02
6.156781354999911748e-01 2.104874618535769806e-02
6.154729778407109775e-01 2.104943061565170068e-02
6.152678885445294066e-01 2.104959679106136253e-02
6.150628675886664620e-01 2.105053010429406429e-02
6.148579149503496932e-01 2.105116876023878369e-02
6.146530306068139771e-01 2.105147900575846803e-02
6.144482145353021840e-01 2.105179044940435826e-02
6.142434667130645121e-01 2.105239644395919332e-02
6.140387871173585976e-01 2.105269651730837591e-02
6.138341757254500708e-01 2.105312559404397613e-02
6.136296325146118891e-01 2.105399156109640998e-02
6.134251574621244485e-01 2.105447750028753215e-02
6.132207505452760277e-01 2.105507998775572528e-02
6.130164117413621216e-01 2.105525299329304850e-02
6.128121410276862191e-01 2.105635064470795514e-02
6.126079383815590251e-01 2.105654499153535725e-02
6.124038037802987944e-01 2.105710907613282321e-02
6.121997372012316641e-01 2.105776209324803500e-02
6.119957386216910988e-01 2.105836452997248559e-02
6.117918080190181129e-01 2.105925436968199282e-02
6.115879453705611590e-01 2.105990066173987416e-02
6.113841506536765724e-01 2.106033817385639245e-02
6.111804238457280158e-01 2.106045887571290909e-02
6.109767649240865905e-01 2.106127021894629164e-02
6.107731738661311693e-01 2.106257593657713534e-02
6.105696506492480635e-01 2.106283238766384902e-02
6.103661952508311339e-01 2.106287516376970440e-02
6.101628076482815688e-01 2.106330756507244703e-02
6.099594878190085501e-01 2.106497307749211761e-02
6.097562357404283651e-01 2.106628342536617793e-02
6.095530513899649616e-01 2.106619776653448003e-02
6.093499347450499481e-01 2.106701883024964667e-02
6.091468857831222605e-01 2.106794596137658709e-02
6.089439044816282731e-01 2.106754858428099009e-02
6.087409908180222429e-01 2.106848320482358067e-02
6.085381447697656432e-01 2.107049963877495602e-02
6.083353663143274970e-01 2.107002825797464965e-02
6.081326554291843767e-01 2.107058685741898529e-02
6.079300120918204042e-01 2.107144913127584687e-02
6.077274362797270291e-01 2.107344234950010026e-02
6.075249279704035832e-01 2.107381998628113720e-02
6.073224871413563930e-01 2.107355544678330209e-02
6.071201137700996675e-01 2.107552100235127873e-02
6.069178078341550542e-01 2.107660581795133686e-02
6.067155693110511949e-01 2.107596498162714327e-02
6.065133981783250583e-01 2.107776833240895820e-02
6.063112944135204962e-01 2.107909450840577889e-02
6.061092579941890213e-01 2.107843952873926854e-02
6.059072888978896954e-01 2.108007772894998286e-02
6.057053871021890190e-01 2.108406327114418707e-02
6.055035525846607092e-01 2.108005005805973012e-02
6.053017853228864764e-01 2.108280576738772588e-02
6.051000852944548036e-01 2.108340203489496995e-02
6.048984524769623894e-01 2.108436850724919667e-02
6.046968868480130377e-01 2.108605144121584313e-02
6.044953883852178800e-01 2.109022150691828787e-02
6.042939570661958193e-01 2.108727889135750960e-02
6.040925928685729751e-01 2.109012852263512927e-02
6.038912957699830164e-01 2.108759065228264090e-02
6.036900657480668286e-01 2.109095639945043205e-02
6.034889027804734019e-01 2.109085545977554613e-02
6.032878068448583875e-01 2.109548428802155914e-02
6.030867779188854305e-01 2.109303651797934248e-02
6.028858159802251704e-01 2.109715432424016587e-02
6.026849210065563511e-01 2.109605029103485754e-02
6.024840929755643781e-01 2.109765505513205852e-02
6.022833318649428724e-01 2.109878173871719206e-02
6.020826376523918944e-01 2.110112214774661002e-02
6.018820103156199419e-01 2.109828517366893821e-02
6.016814498323425076e-01 2.110941318652189563e-02
6.014809561802823001e-01 2.110350565169220871e-02
6.012805293371699111e-01 2.110450639137899723e-02
6.010801692807430374e-01 2.110703184155989648e-02
6.008798759887465923e-01 2.110788780901334122e-02
6.006796494389337049e-01 2.110932882564858781e-02
6.004794896090638323e-01 2.111155796333780144e-02
6.002793964769050916e-01 2.111107711659473626e-02
6.000793700202314840e-01 2.111575581915896976e-02
5.998794102168258924e-01 2.111570997430636462e-02
5.996795170444776391e-01 2.111873072428204975e-02
5.994796904809839289e-01 2.111784091971835239e-02
5.992799305041491831e-01 2.112208965849072737e-02
5.990802370917852615e-01 2.112508710997606023e-02
5.988806102217113514e-01 2.112214886763229618e-02
5.986810498717540785e-01 2.112441719200368329e-02
5.984815560197473960e-01 2.112462715268510760e-02
5.982821286435328068e-01 2.112867353525170119e-02
5.980827677209591409e-01 2.112796933039643929e-02
5.978834732298824450e-01 2.113661192536141903e-02
5.976842451481663154e-01 2.113419258984807966e-02
5.974850834536818978e-01 2.113582799686258493e-02
5.972859881243069990e-01 2.113673761486560901e-02
5.970869591379276420e-01 2.114429752907849569e-02
5.968879964724367326e-01 2.114349236187273648e-02
5.966891001057348376e-01 2.114513686612549265e-02
5.964902700157296289e-01 2.114887784771180002e-02
5.962915061803359951e-01 2.114727620053974411e-02
5.960928085774769292e-01 2.115364700330445158e-02
5.958941771850817526e-01 2.115639492819121684e-02
5.956956119810880024e-01 2.115585611113000170e-02
5.954971129434402100e-01 2.115926999148046855e-02
5.952986800500902342e-01 2.116436323526416433e-02
5.951003132789970396e-01 2.117004113019901185e-02
5.949020126081275839e-01 2.117597262020065596e-02
5.947037780154557085e-01 2.118021580364791087e-02
5.945056094789628043e-01 2.118281461824858547e-02
5.943075069766371454e-01 2.118537230255503057e-02
5.941094704864751108e-01 2.118519767870122306e-02
5.939114999864794076e-01 2.119052461979020058e-02
5.937135954546611805e-01 2.119570468293741419e-02
5.935157568690382357e-01 2.120160119611130475e-02
5.933179842076354849e-01 2.120838908475790666e-02
5.931202774484860551e-01 2.121623216540211368e-02
5.929226365696294021e-01 2.122498064152711361e-02
5.927250615491130858e-01 2.123550979097733535e-02
5.925275523649913278e-01 2.124873433989768121e-02
5.923301089953262322e-01 2.125901494562588978e-02
5.921327314181867862e-01 2.127693270868628861e-02
5.919354196116495270e-01 2.129882768661952100e-02
5.917381735537982079e-01 2.132230545568983976e-02
5.915409932227239098e-01 2.135101542807251590e-02
5.913438785965250410e-01 2.138810839183566403e-02
5.911468296533072264e-01 2.143435122986426383e-02
5.909498463711833072e-01 2.148292239006326099e-02
5.907529287282740071e-01 2.154993237814886373e-02
5.905560767027063784e-01 2.163806535289006586e-02
5.903592902726154668e-01 2.173926394572048976e-02
5.901625694161434232e-01 2.191156811776557092e-02
5.899659141114395045e-01 2.227144384356636794e-02
5.897693243366606275e-01 2.284845197612829504e-02
5.895728000699705929e-01 2.239217054546640065e-02
5.893763412895407505e-01 2.247969125017706959e-02
5.891799479735494449e-01 2.295418132654188093e-02
5.889836201001826810e-01 2.256998743105455285e-02
5.887873576476334581e-01 2.213480600280574168e-02
5.885911605941021030e-01 2.188201072187390475e-02
5.883950289177960480e-01 2.175065622448839678e-02
5.881989625969303859e-01 2.163492519018223731e-02
5.880029616097270928e-01 2.153825407113663451e-02
5.878070259344155835e-01 2.146683752418025379e-02
5.876111555492323779e-01 2.141390044957543551e-02
5.874153504324216568e-01 2.137040357679126021e-02
5.872196105622341511e-01 2.133848898642025371e-02
5.870239359169285853e-01 2.131115729466368652e-02
5.868283264747701233e-01 2.129105530307788888e-02
5.866327822140321446e-01 2.127399449493391423e-02
5.864373031129944680e-01 2.125924472326260264e-02
5.862418891499444618e-01 2.124780727041945469e-02
5.860465403031767107e-01 2.123833881657858844e-02
5.858512565509929049e-01 2.122841564090788627e-02
5.856560378717023951e-01 2.121985165931549941e-02
5.854608842436210825e-01 2.121299613199845169e-02
5.852657956450727506e-01 2.120623440455565722e-02
5.850707720543878443e-01 2.120028494465371616e-02
5.848758134499045802e-01 2.119541450086035589e-02
5.846809198099679472e-01 2.119187019330505406e-02
5.844860911129302616e-01 2.118855533943449568e-02
5.842913273371509453e-01 2.118557997805941076e-02
5.840966284609974135e-01 2.118423519230018884e-02
5.839019944628429659e-01 2.118038560826038252e-02
5.837074253210693398e-01 2.117770227807814001e-02
5.835129210140646006e-01 2.117469120615307968e-02
5.833184815202244744e-01 2.117255275607254211e-02
5.831241068179517928e-01 2.117053289050035980e-02
5.829297968856566037e-01 2.116920247469595423e-02
5.827355517017559494e-01 2.116678101588725242e-02
5.825413712446743109e-01 2.116413855131099239e-02
5.823472554928433853e-01 2.116197876576729128e-02
5.821532044247017534e-01 2.115973543101971541e-02
5.819592180186954344e-01 2.115774008790681504e-02
5.817652962532777750e-01 2.115836594867193804e-02
5.815714391069086719e-01 2.115439895379351773e-02
5.813776465580559050e-01 2.115327216668934016e-02
5.811839185851941370e-01 2.115175597438296445e-02
5.809902551668052473e-01 2.114894358242777259e-02
5.807966562813781097e-01 2.114823489260873879e-02
5.806031219074089256e-01 2.114960870708704199e-02
5.804096520234010015e-01 2.114541760190090727e-02
5.802162466078649716e-01 2.114305538990667380e-02
5.800229056393185756e-01 2.114284221335658437e-02
5.798296290962864363e-01 2.113976675269542069e-02
5.796364169573005043e-01 2.114002552040280744e-02
5.794432692009001684e-01 2.114085196708693354e-02
5.792501858056317010e-01 2.113622518267339184e-02
5.790571667500482578e-01 2.113447123101490702e-02
5.788642120127106550e-01 2.113512759856598505e-02
5.786713215721865922e-01 2.113243487734030659e-02
5.784784954070508745e-01 2.113364439086963878e-02
5.782857334958855233e-01 2.113241822471555523e-02
5.780930358172796657e-01 2.113141197858034795e-02
5.779004023498297560e-01 2.112820822384659306e-02
5.777078330721390209e-01 2.112809615648769679e-02
5.775153279628180147e-01 2.112836621554875158e-02
5.773228870004845081e-01 2.112831350322809734e-02
5.771305101637631552e-01 2.112564991732530928e-02
5.769381974312860484e-01 2.112467250991829568e-02
5.767459487816921637e-01 2.112218333086970240e-02
5.765537641936275826e-01 2.112388841204901682e-02
5.763616436457456027e-01 2.112292322704640429e-02
5.761695871167065164e-01 2.112050104907278042e-02
5.759775945851781653e-01 2.112055689809587064e-02
5.757856660298349416e-01 2.111847974324654320e-02
5.755938014293583427e-01 2.112043082881660816e-02
5.754020007624376376e-01 2.111973490789590194e-02
5.752102640077683127e-01 2.111652921565886076e-02
5.750185911440535147e-01 2.111659505551709975e-02
5.748269821500036070e-01 2.111846884529429424e-02
5.746354370043353921e-01 2.111736034115246560e-02
5.744439556857733331e-01 2.111486418195765435e-02
5.742525381730489986e-01 2.111300752367100894e-02
5.740611844449006185e-01 2.111350194759813170e-02
5.738698944800740831e-01 2.111363349656041402e-02
5.736786682573215002e-01 2.111318595061536380e-02
5.734875057554029709e-01 2.111122894983695486e-02
5.732964069530852580e-01 2.110949478061514145e-02
5.731053718291420074e-01 2.111377961626021219e-02
5.729144003623546366e-01 2.111122322269707099e-02
5.727234925315106695e-01 2.110768448128689037e-02
5.725326483154055124e-01 2.110836763834240612e-02
5.723418676928412330e-01 2.110797012747805609e-02
5.721511506426271154e-01 2.110903068730850263e-02
5.719604971435791052e-01 2.110785725270088176e-02
5.717699071745209194e-01 2.110559368641521175e-02
5.715793807142829364e-01 2.110527723129669922e-02
5.713889177417021958e-01 2.110556265519278676e-02
5.711985182356236201e-01 2.110410599179012373e-02
5.710081821748985709e-01 2.110367568585298087e-02
5.708179095383857371e-01 2.110325813978145698e-02
5.706277003049506913e-01 2.110298109764504465e-02
5.704375544534662223e-01 2.110265134694845612e-02
5.702474719628118915e-01 2.110303907461733020e-02
5.700574528118746986e-01 2.110604512757480872e-02
5.698674969795480827e-01 2.110249920107774499e-02
5.696776044447330323e-01 2.110196883488307459e-02
5.694877751863376414e-01 2.110557245811813670e-02
5.692980091832764433e-01 2.110188401400238389e-02
5.691083064144715209e-01 2.110665205553085080e-02
5.689186668588520623e-01 2.110492473766859001e-02
5.687290904953534731e-01 2.110378323171067244e-02
5.685395773029191524e-01 2.110852719574795797e-02
5.683501272604989385e-01 2.110818403473725333e-02
5.681607403470498863e-01 2.111482287636009050e-02
5.679714165415359339e-01 2.109944540832208934e-02
5.677821558229283472e-01 2.109925466797603344e-02
5.675929581702048310e-01 2.110083366863197210e-02
5.674038235623506399e-01 2.109710404491302663e-02
5.672147519783579117e-01 2.109662188110985465e-02
5.670257433972255567e-01 2.109630015942495079e-02
5.668367977979593686e-01 2.109703432976704068e-02
5.666479151595728014e-01 2.109497046990236810e-02
5.664590954610857487e-01 2.109543235422660368e-02
5.662703386815253204e-01 2.109442868281619435e-02
5.660816447999251766e-01 2.109401982606397968e-02
5.658930137953266382e-01 2.109378516016823316e-02
5.657044456467776872e-01 2.109365988605118106e-02
5.655159403333333001e-01 2.109306661830628871e-02
5.653274978340553369e-01 2.109265131173659533e-02
5.651391181280125409e-01 2.109262041710946445e-02
5.649508011942810937e-01 2.109221028252635313e-02
5.647625470119436164e-01 2.109188268830275090e-02
5.645743555600902797e-01 2.109167042955281332e-02
5.643862268178176933e-01 2.109154918330243336e-02
5.641981607642295726e-01 2.109140903131821732e-02
5.640101573784367384e-01 2.109114912113711077e-02
5.638222166395567836e-01 2.109073378813939789e-02
5.636343385267145178e-01 2.109061863212518401e-02
5.634465230190415230e-01 2.109034687411932146e-02
5.632587700956762644e-01 2.109017324258032414e-02
5.630710797357643127e-01 2.109000931875939372e-02
5.628834519184580110e-01 2.108970679540617468e-02
5.626958866229171408e-01 2.108954280913563628e-02
5.625083838283075899e-01 2.108953686098591351e-02
5.623209435138029066e-01 2.108934472257234169e-02
5.621335656585834117e-01 2.108901379612691460e-02
5.619462502418360872e-01 2.108875922017885637e-02
5.617589972427550205e-01 2.108849550306635470e-02
5.615718066405416264e-01 2.108835212773419940e-02
5.613846784144034263e-01 2.108811968743898313e-02
5.611976125435554907e-01 2.108812730034993754e-02
5.610106090072197738e-01 2.108765392938206223e-02
5.608236677846248908e-01 2.108765198929511697e-02
5.606367888550064515e-01 2.108741644763542297e-02
5.604499721976070603e-01 2.108727459533894788e-02
5.602632177916765377e-01 2.108709808463136645e-02
5.600765256164711436e-01 2.108698879785396094e-02
5.598898956512540215e-01 2.108676462879111035e-02
5.597033278752955310e-01 2.108655444897963860e-02
5.595168222678729153e-01 2.108636204393365618e-02
5.593303788082700789e-01 2.108631370877915231e-02
5.591439974757781428e-01 2.108604181544396564e-02
5.589576782496948892e-01 2.108598097786590006e-02
5.587714211093249839e-01 2.108564751971522475e-02
5.585852260339801978e-01 2.108571664737094245e-02
5.583990930029794075e-01 2.108551899422142842e-02
5.582130219956473738e-01 2.108534091772099398e-02
5.580270129913168509e-01 2.108523760302646530e-02
5.578410659693270324e-01 2.108516487762580188e-02
5.576551809090239953e-01 2.108488822623319145e-02
5.574693577897607000e-01 2.108501862111707148e-02
5.572835965908971012e-01 2.108489783412109339e-02
5.570978972917997041e-01 2.108494288741024486e-02
5.569122598718423411e-01 2.108443464209653131e-02
5.567266843104056173e-01 2.108427170709201506e-02
5.565411705868765768e-01 2.108429881203907619e-02
5.563557186806497024e-01 2.108412404750699062e-02
5.561703285711259159e-01 2.108380772374762735e-02
5.559850002377132450e-01 2.108375443160175750e-02
5.557997336598267113e-01 2.108364711711235850e-02
5.556145288168876650e-01 2.108389651179939234e-02
5.554293856883248948e-01 2.108343246619218125e-02
5.552443042535735174e-01 2.108335722236287860e-02
5.550592844920761992e-01 2.108335610435776303e-02
5.548743263832818240e-01 2.108324627686409755e-02
5.546894299066461587e-01 2.108351764321104299e-02
5.545045950416321867e-01 2.108318259275248491e-02
5.543198217677097750e-01 2.108267466973019061e-02
5.541351100643547856e-01 2.108282539851703483e-02
5.539504599110510741e-01 2.108275471909481016e-02
5.537658712872886024e-01 2.108274151494378412e-02
5.535813441725645490e-01 2.108317188253924779e-02
5.533968785463823092e-01 2.108245940396524798e-02
5.532124743882528284e-01 2.108229973346533587e-02
5.530281316776936018e-01 2.108247242645708633e-02
5.528438503942287863e-01 2.108177271155580942e-02
5.526596305173896440e-01 2.108271388339215055e-02
5.524754720267139874e-01 2.108259916850451984e-02
5.522913749017467344e-01 2.108162196172289754e-02
5.521073391220392423e-01 2.108172817850662364e-02
5.519233646671501958e-01 2.108135612789793778e-02
5.517394515166447189e-01 2.108190834636863506e-02
5.515555996500945968e-01 2.108212009626431876e-02
5.513718090470788313e-01 2.108172978313924834e-02
5.511880796871830857e-01 2.108136555672484799e-02
5.510044115499997952e-01 2.108134347164657488e-02
5.508208046151280568e-01 2.108128725959617505e-02
5.506372588621739617e-01 2.108117251714123480e-02
5.504537742707503734e-01 2.108173612949118536e-02
5.502703508204768168e-01 2.108143146455395550e-02
5.500869884909798113e-01 2.108105726369228008e-02
5.499036872618923155e-01 2.108074563051234168e-02
5.497204471128547265e-01 2.108116953590595533e-02
5.495372680235136587e-01 2.108140778282731678e-02
5.493541499735223876e-01 2.108081739227386786e-02
5.491710929425415166e-01 2.108056523162202614e-02
5.489880969102380881e-01 2.108048766829543480e-02
5.488051618562858058e-01 2.108115236278383653e-02
5.486222877603657011e-01 2.108031014194514802e-02
5.484394746021649114e-01 2.108038678651671244e-02
5.482567223613777907e-01 2.107994797666509768e-02
5.480740310177051322e-01 2.108028415990523957e-02
5.478914005508548346e-01 2.108183129075281992e-02
5.477088309405413469e-01 2.107951371013451480e-02
5.475263221664858904e-01 2.108036954873336588e-02
5.473438742084162367e-01 2.107943165023695373e-02
5.471614870460674851e-01 2.108035483814433425e-02
5.469791606591810629e-01 2.107990283891506347e-02
5.467968950275052809e-01 2.107999328528381566e-02
5.466146901307948891e-01 2.108127502287833466e-02
5.464325459488118542e-01 2.108075528621300432e-02
5.462504624613246929e-01 2.107932435928600717e-02
5.460684396481088054e-01 2.108029437179920543e-02
5.458864774889458094e-01 2.108021259944222597e-02
5.457045759636245386e-01 2.107903480142536007e-02
5.455227350519403773e-01 2.107842385011311423e-02
5.453409547336958152e-01 2.107880782483063237e-02
5.451592349886995592e-01 2.107871877889309561e-02
5.449775757967673107e-01 2.107908986071552887e-02
5.447959771377213212e-01 2.107921077104970772e-02
5.446144389913908368e-01 2.107852077425836912e-02
5.444329613376115429e-01 2.108016746887298939e-02
5.442515441562261191e-01 2.107896884788354117e-02
5.440701874270837957e-01 2.107859811446340798e-02
5.438888911300404638e-01 2.107943492801294186e-02
5.437076552449586764e-01 2.107989322559801482e-02
5.435264797517080915e-01 2.107901801717745882e-02
5.433453646301646955e-01 2.107833210587320774e-02
5.431643098602113584e-01 2.107873805336260564e-02
5.429833154217372782e-01 2.107895186189388120e-02
5.428023812946390914e-01 2.107826003193264200e-02
5.426215074588193188e-01 2.107865583911296137e-02
5.424406938941879197e-01 2.107882780299502254e-02
5.422599405806609596e-01 2.107846719024326215e-02
5.420792474981616094e-01 2.107859379137815015e-02
5.418986146266193682e-01 2.107818116096844829e-02
5.417180419459707297e-01 2.107845307482730454e-02
5.415375294361586267e-01 2.107917830158163169e-02
5.413570770771327645e-01 2.107886356524736257e-02
5.411766848488498427e-01 2.107802551954447712e-02
5.409963527312727782e-01 2.107907337293167538e-02
5.408160807043712603e-01 2.107933031652246478e-02
5.406358687481218617e-01 2.107775837063326912e-02
5.404557168425075941e-01 2.107936108844699410e-02
5.402756249675183531e-01 2.107921576386713458e-02
5.400955931031506951e-01 2.107796860488000967e-02
5.399156212294075052e-01 2.107750717572205029e-02
5.397357093262987737e-01 2.107765607653955264e-02
5.395558573738408192e-01 2.107732626217987890e-02
5.393760653520566217e-01 2.107736916603848362e-02
5.391963332409762666e-01 2.107696095629251615e-02
5.390166610206360565e-01 2.107695700945947867e-02
5.388370486710789553e-01 2.107680359522623448e-02
5.386574961723549215e-01 2.107658385091920952e-02
5.384780035045200197e-01 2.107648394007077472e-02
5.382985706476374199e-01 2.107640440113844882e-02
5.381191975817767315e-01 2.107618450429966234e-02
5.379398842870143360e-01 2.107639183278724182e-02
5.377606307434331656e-01 2.107647974258150536e-02
5.375814369311227026e-01 2.107620860193571907e-02
5.374023028301793126e-01 2.107611615189812493e-02
5.372232284207056896e-01 2.107621635562186013e-02
5.370442136828114110e-01 2.107612246413606907e-02
5.368652585966124935e-01 2.107606283092699345e-02
5.366863631422317260e-01 2.107606977170004350e-02
5.365075272997985589e-01 2.107595132958649947e-02
5.363287510494485488e-01 2.107607007513031400e-02
5.361500343713246908e-01 2.107581753195007443e-02
5.359713772455761971e-01 2.107579932384098798e-02
5.357927796523586084e-01 2.107578129949934723e-02
5.356142415718347927e-01 2.107573112540901683e-02
5.354357629841733912e-01 2.107573028590235820e-02
5.352573438695501507e-01 2.107573754805376967e-02
5.350789842081473680e-01 2.107561914605817974e-02
5.349006839801540014e-01 2.107555138284348401e-02
5.347224431657653376e-01 2.107566790687849176e-02
5.345442617451835465e-01 2.107550227510190249e-02
5.343661396986173484e-01 2.107544459658154679e-02
5.341880770062819028e-01 2.107543842092411343e-02
5.340100736483990307e-01 2.107540025673590792e-02
5.338321296051971032e-01 2.107537730846090543e-02
5.336542448569115971e-01 2.107539427667106877e-02
5.334764193837836510e-01 2.107543413373936039e-02
5.332986531660616203e-01 2.107533898938359837e-02
5.331209461840001884e-01 2.107529512256210019e-02
5.329432984178608113e-01 2.107526013766030520e-02
5.327657098479114950e-01 2.107529029259954528e-02
5.325881804544266851e-01 2.107545969647926787e-02
5.324107102176873774e-01 2.107538843469762904e-02
5.322332991179814510e-01 2.107513066445750732e-02
5.320559471356027803e-01 2.107530367015026870e-02
5.318786542508524562e-01 2.107509115912401670e-02
5.317014204440377867e-01 2.107515177652825172e-02
5.315242456954726302e-01 2.107499369915213916e-02
5.313471299854773955e-01 2.107511355402448550e-02
5.311700732943792636e-01 2.107509747948526149e-02
5.309930756025117438e-01 2.107492558206737476e-02
5.308161368902148958e-01 2.107511570771700496e-02
5.306392571378356626e-01 2.107520999600500863e-02
5.304624363257269826e-01 2.107517660709203391e-02
5.302856744342487882e-01 2.107483254101667758e-02
5.301089714437675626e-01 2.107479191664960935e-02
5.299323273346560059e-01 2.107503660453897282e-02
5.297557420872935907e-01 2.107475756642755715e-02
5.295792156820661178e-01 2.107479274493179872e-02
5.294027480993662715e-01 2.107466152099468290e-02
5.292263393195930643e-01 2.107486827558822592e-02
5.290499893231519479e-01 2.107451829444334165e-02
5.288736980904552576e-01 2.107473963826479724e-02
5.286974656019212127e-01 2.107461011087063615e-02
5.285212918379751379e-01 2.107461446950466277e-02
5.283451767790486864e-01 2.107449163028821820e-02
5.281691204055801725e-01 2.107455040868571119e-02
5.279931226980141279e-01 2.107445050361663255e-02
5.278171836368017455e-01 2.107469757404029434e-02
5.276413032024009908e-01 2.107452975793884173e-02
5.274654813752759352e-01 2.107464831148726792e-02
5.272897181358972007e-01 2.107483479440692975e-02
5.271140134647422926e-01 2.107471146190843109e-02
5.269383673422948222e-01 2.107432314618526079e-02
5.267627797490449515e-01 2.107451322189749648e-02
5.265872506654898366e-01 2.107428263100596597e-02
5.264117800721325180e-01 2.107426556902972439e-02
5.262363679494826973e-01 2.107417045257765562e-02
5.260610142780565157e-01 2.107427468725551686e-02
5.258857190383769975e-01 2.107412428564056986e-02
5.257104822109732734e-01 2.107416491932841487e-02
5.255353037763812463e-01 2.107425155420021567e-02
5.253601837151428144e-01 2.107420315581068002e-02
5.251851220078068705e-01 2.107432271862915221e-02
5.250101186349284133e-01 2.107414314406632835e-02
5.248351735770694360e-01 2.107423659823094708e-02
5.246602868147977050e-01 2.107425964329573409e-02
5.244854583286880922e-01 2.107430864921609401e-02
5.243106880993216867e-01 2.107419281455916518e-02
5.241359761072859058e-01 2.107485063689236438e-02
5.239613223331748282e-01 2.107446156550591906e-02
5.237867267575888608e-01 2.107444699596779797e-02
5.236121893611351830e-01 2.107474684548553759e-02
5.234377101244269692e-01 2.107416570756176152e-02
5.232632890280842775e-01 2.107463444686778070e-02
5.230889260527332718e-01 2.107407957769996676e-02
5.229146211790069998e-01 2.107389587294949962e-02
5.227403743875443931e-01 2.107405005849540686e-02
5.225661856589913778e-01 2.107395226287695628e-02
5.223920549739999863e-01 2.107405827718236008e-02
5.222179823132289123e-01 2.107382294073058618e-02
5.220439676573430665e-01 2.107390782344585600e-02
5.218700109870140214e-01 2.107384274652233241e-02
5.216961122829196773e-01 2.107386329535558545e-02
5.215222715257443742e-01 2.107377022163713781e-02
5.213484886961788911e-01 2.107383021532366688e-02
5.211747637749206685e-01 2.107374746415357006e-02
5.210010967426730311e-01 2.107379083431247871e-02
5.208274875801462978e-01 2.107375821806543870e-02
5.206539362680568939e-01 2.107373989315826368e-02
5.204804427871277950e-01 2.107375825695271057e-02
5.203070071180884160e-01 2.107378179430372672e-02
5.201336292416745000e-01 2.107371710886174476e-02
5.199603091386282294e-01 2.107369716130732401e-02
5.197870467896982261e-01 2.107367940081877541e-02
5.196138421756397729e-01 2.107367548208776906e-02
5.194406952772139263e-01 2.107382930865644294e-02
5.192676060751888478e-01 2.107377750895286089e-02
5.190945745503386943e-01 2.107369935768477198e-02
5.189216006834441730e-01 2.107372552068960750e-02
5.187486844552924303e-01 2.107375725461985844e-02
5.185758258466768300e-01 2.107368819427465900e-02
5.184030248383973971e-01 2.107376290892534754e-02
5.182302814112602629e-01 2.107376958794409880e-02
5.180575955460781090e-01 2.107382749536844055e-02
5.178849672236701673e-01 2.107374288285301239e-02
5.177123964248618870e-01 2.107391117721755386e-02
5.175398831304849345e-01 2.107385439139367392e-02
5.173674273213778596e-01 2.107381233253709241e-02
5.171950289783850963e-01 2.107387097351863872e-02
5.170226880823575177e-01 2.107409854115843695e-02
5.168504046141527697e-01 2.107394951998306509e-02
5.166781785546344929e-01 2.107388155521119910e-02
5.165060098846729897e-01 2.107394422041893034e-02
5.163338985851444463e-01 2.107399908813574127e-02
5.161618446369322655e-01 2.107402328757467316e-02
5.159898480209251792e-01 2.107398219349598464e-02
5.158179087180191358e-01 2.107404028057787565e-02
5.156460267091160787e-01 2.107415745615479064e-02
5.154742019751243909e-01 2.107416288447959418e-02
5.153024344969586723e-01 2.107423734035504537e-02
5.151307242555401844e-01 2.107404498694256251e-02
5.149590712317961838e-01 2.107427944683104570e-02
5.147874754066604774e-01 2.107415905284020299e-02
5.146159367610734225e-01 2.107458476320470814e-02
5.144444552759813716e-01 2.107414265219033703e-02
5.142730309323373383e-01 2.107441105697211228e-02
5.141016637111002208e-01 2.107419229859068543e-02
5.139303535932358002e-01 2.107461322597402320e-02
5.137591005597158533e-01 2.107434930522515681e-02
5.135879045915187069e-01 2.107452961760404239e-02
5.134167656696287940e-01 2.107453834285307609e-02
5.132456837750370982e-01 2.107453687619823338e-02
5.130746588887408199e-01 2.107437700840045919e-02
5.129036909917433773e-01 2.107494759883821178e-02
5.127327800650550715e-01 2.107468315615640755e-02
5.125619260896917551e-01 2.107439405284455142e-02
5.123911290466762747e-01 2.107469347487767042e-02
5.122203889170372504e-01 2.107482935064384014e-02
5.120497056818098525e-01 2.107457668607529838e-02
5.118790793220358015e-01 2.107492583376897877e-02
5.117085098187629244e-01 2.107524652468817372e-02
5.115379971530451542e-01 2.107424649502626784e-02
5.113675413059430852e-01 2.107532055938327389e-02
5.111971422585236402e-01 2.107465653586849605e-02
5.110267999918596260e-01 2.107505370942084830e-02
5.108565144870306218e-01 2.107511023237510633e-02
5.106862857251220911e-01 2.107469627275336196e-02
5.105161136872263805e-01 2.107478561536582987e-02
5.103459983544414991e-01 2.107532953890311339e-02
5.101759397078722280e-01 2.107475915017655368e-02
5.100059377286293438e-01 2.107515137242626374e-02
5.098359923978299513e-01 2.107528263215747988e-02
5.096661036965978164e-01 2.107516923094648192e-02
5.094962716060622565e-01 2.107502153594880204e-02
5.093264961073599162e-01 2.107615680563659083e-02
5.091567771816326582e-01 2.107457202111416919e-02
5.089871148100293397e-01 2.107477966222573787e-02
5.088175089737045909e-01 2.107550625583327203e-02
5.086479596538200365e-01 2.107527326287623667e-02
5.084784668315428524e-01 2.107540505695618127e-02
5.083090304880467647e-01 2.107564386021867214e-02
5.081396506045118278e-01 2.107524780957395483e-02
5.079703271621244243e-01 2.107553065958069419e-02
5.078010601420770431e-01 2.107572200302080395e-02
5.076318495255685015e-01 2.107538243653253249e-02
5.074626952938039448e-01 2.107555951918071990e-02
5.072935974279945137e-01 2.107592420127112412e-02
5.071245559093580102e-01 2.107519687271881131e-02
5.069555707191183425e-01 2.107569569041084501e-02
5.067866418385054139e-01 2.107655550931752594e-02
5.066177692487559003e-01 2.107512304967212174e-02
5.064489529311120286e-01 2.107487040023734923e-02
5.062801928668231310e-01 2.107531794328645208e-02
5.061114890371440911e-01 2.107543032907580396e-02
5.059428414233362314e-01 2.107590016431783869e-02
5.057742500066673141e-01 2.107558920100362221e-02
5.056057147684112074e-01 2.107520564463896684e-02
5.054372356898477747e-01 2.107501654323627044e-02
5.052688127522637629e-01 2.107502598727110932e-02
5.051004459369513588e-01 2.107477319034772867e-02
5.049321352252095219e-01 2.107493352661895733e-02
5.047638805983434285e-01 2.107495142706208510e-02
5.045956820376641394e-01 2.107478965163449985e-02
5.044275395244892657e-01 2.107539179545062785e-02
5.042594530401425246e-01 2.107521963253656400e-02
5.040914225659538506e-01 2.107520408577287160e-02
5.039234480832593954e-01 2.107562111651197986e-02
5.037555295734016392e-01 2.107525293371552422e-02
5.035876670177289460e-01 2.107595547155421620e-02
5.034198603975963415e-01 2.107549529409189631e-02
5.032521096943648464e-01 2.107404432599839506e-02
5.030844148894016987e-01 2.107537427219013590e-02
5.029167759640803537e-01 2.107501918428347776e-02
5.027491928997803727e-01 2.107420790447011444e-02
5.025816656778877567e-01 2.107427935988628875e-02
5.024141942797943905e-01 2.107481730638831319e-02
5.022467786868988204e-01 2.107352829917392284e-02
5.020794188806052549e-01 2.107298896376058953e-02
5.019121148423243417e-01 2.107239855338835163e-02
5.017448665534731678e-01 2.107202034828645210e-02
5.015776739954747043e-01 2.107167337314686320e-02
5.014105371497580288e-01 2.107119543899775571e-02
5.012434559977587689e-01 2.107116774851993876e-02
5.010764305209184366e-01 2.107067263524750947e-02
5.009094607006847610e-01 2.107039278814784242e-02
5.007425465185119107e-01 2.107019428375212985e-02
5.005756879558600492e-01 2.107002895537558873e-02
5.004088849941952244e-01 2.106975611888553881e-02
5.002421376149901455e-01 2.106933278546013061e-02
