9.089826947564526582e-01 2.095197585023799228e-02
9.086798014892895070e-01 2.096170862166592957e-02
9.083770091529053126e-01 2.096167259623155088e-02
9.080743177136673117e-01 2.095692297954362265e-02
9.077717271379546204e-01 2.096782271970933087e-02
9.074692373921571242e-01 2.094708197386878704e-02
9.071668484426761436e-01 2.097093700476250142e-02
9.068645602559242125e-01 2.092083648529584686e-02
9.065623727983247448e-01 2.097704582586928587e-02
9.062602860363124790e-01 2.094813258636886444e-02
9.059582999363336997e-01 2.093699440568358786e-02
9.056564144648452386e-01 2.096433817844948685e-02
9.053546295883158068e-01 2.094115061112909737e-02
9.050529452732245517e-01 2.094405808749728870e-02
9.047513614860624998e-01 2.093068877059909433e-02
9.044498781933312248e-01 2.096702349553479852e-02
9.041484953615441800e-01 2.094795016439417179e-02
9.038472129572250324e-01 2.092455251517138029e-02
9.035460309469092177e-01 2.092551109306869939e-02
9.032449492971436067e-01 2.098543518823174636e-02
9.029439679744852842e-01 2.094004866190533540e-02
9.026430869455034367e-01 2.099340863985536820e-02
9.023423061767776865e-01 2.091580948240191404e-02
9.020416256348993134e-01 2.101952031411213201e-02
9.017410452864704773e-01 2.097174501277020153e-02
9.014405650981044404e-01 2.096776281423538488e-02
9.011401850364256783e-01 2.100386213523574436e-02
9.008399050680695463e-01 2.099829282319356019e-02
9.005397251596829467e-01 2.096199063857963341e-02
9.002396452779235503e-01 2.106658508782525627e-02
8.999396653894603526e-01 2.091983586085146424e-02
8.996397854609731182e-01 2.094587228269740795e-02
8.993400054591534909e-01 2.107618801201825015e-02
8.990403253507032177e-01 2.110600371921488375e-02
8.987407451023357030e-01 2.096782063070477820e-02
8.984412646807754532e-01 2.100807896938707356e-02
8.981418840527576331e-01 2.093718073171289135e-02
8.978426031850293976e-01 2.095037954305240327e-02
8.975434220443477829e-01 2.106656602147403273e-02
8.972443405974819264e-01 2.103815560756813752e-02
8.969453588112115128e-01 2.095841262352443266e-02
8.966464766523272178e-01 2.103335938247314144e-02
8.963476940876312637e-01 2.098204595432482181e-02
8.960490110839365308e-01 2.097370049806576361e-02
8.957504276080671124e-01 2.103304557959922300e-02
8.954519436268580934e-01 2.100697331452824890e-02
8.951535591071557718e-01 2.095150840349335394e-02
8.948552740158169927e-01 2.099946324065812137e-02
8.945570883197104806e-01 2.097079759625077727e-02
8.942590019857152850e-01 2.102858917988561366e-02
8.939610149807215578e-01 2.093920966454176566e-02
8.936631272716307750e-01 2.101055892544083023e-02
8.933653388253557370e-01 2.100725185589357585e-02
8.930676496088194583e-01 2.102256622907744399e-02
8.927700595889563884e-01 2.100749660748822689e-02
8.924725687327120793e-01 2.102430182817734139e-02
8.921751770070429632e-01 2.102933773603633816e-02
8.918778843789167965e-01 2.103313196399261148e-02
8.915806908153114385e-01 2.098576451043343560e-02
8.912835962832170722e-01 2.098881135006990667e-02
8.909866007496337614e-01 2.096949659952391035e-02
8.906897041815731164e-01 2.093039226609493333e-02
8.903929065460577386e-01 2.092109211830433732e-02
8.900962078101209984e-01 2.090819844221233903e-02
8.897996079408073689e-01 2.093201159141411943e-02
8.895031069051723138e-01 2.088811499409356717e-02
8.892067046702820665e-01 2.088518197350862707e-02
8.889104012032142954e-01 2.092508208197252015e-02
8.886141964710571051e-01 2.091349827204780701e-02
8.883180904409100354e-01 2.091186472886215689e-02
8.880220830798833953e-01 2.088880086205777489e-02
8.877261743550982631e-01 2.089289169065397869e-02
8.874303642336870412e-01 2.088908505857728359e-02
8.871346526827927903e-01 2.089850780111629849e-02
8.868390396695696731e-01 2.089656017379083047e-02
8.865435251611823997e-01 2.089225380960043482e-02
8.862481091248074483e-01 2.089288110640439081e-02
8.859527915276315113e-01 2.089504803589537288e-02
8.856575723368524944e-01 2.088248495707252170e-02
8.853624515196791833e-01 2.089098547182373020e-02
8.850674290433312441e-01 2.088414243303709367e-02
8.847725048750396670e-01 2.089195041186843807e-02
8.844776789820454344e-01 2.087963251118468005e-02
8.841829513316015188e-01 2.088478421796379977e-02
8.838883218909712181e-01 2.089027343019585203e-02
8.835937906274285991e-01 2.088632234042032618e-02
8.832993575082592752e-01 2.089685016917975854e-02
8.830050225007588516e-01 2.089118182462071024e-02
8.827107855722347018e-01 2.088662936093915387e-02
8.824166466900046357e-01 2.089270517675227701e-02
8.821226058213974541e-01 2.090301865596942352e-02
8.818286629337528382e-01 2.088255126248853358e-02
8.815348179944212381e-01 2.089894307126645770e-02
8.812410709707643175e-01 2.088772829769236158e-02
8.809474218301542869e-01 2.089094718376804244e-02
8.806538705399741263e-01 2.089230405637411067e-02
8.803604170676182505e-01 2.089423419730071507e-02
8.800670613804912890e-01 2.088868966771499289e-02
8.797738034460093060e-01 2.088549713844477240e-02
8.794806432315986910e-01 2.089421403420669773e-02
8.791875807046970470e-01 2.088846542304438614e-02
8.788946158327528568e-01 2.089543652004717880e-02
8.786017485832249285e-01 2.089899330141597664e-02
8.783089789235837275e-01 2.089497368632315180e-02
8.780163068213099331e-01 2.089716776909963589e-02
8.777237322438952161e-01 2.088892543841365176e-02
8.774312551588423492e-01 2.088819129463188526e-02
8.771388755336643195e-01 2.089659151319377475e-02
8.768465933358855491e-01 2.089674495184112857e-02
8.765544085330412294e-01 2.088894299247886707e-02
8.762623210926768769e-01 2.089876900926335504e-02
8.759703309823493322e-01 2.090253539057131821e-02
8.756784381696260944e-01 2.089053915046876556e-02
8.753866426220853203e-01 2.089821311411325239e-02
8.750949443073162692e-01 2.089833524951371230e-02
8.748033431929185255e-01 2.089224009564426623e-02
8.745118392465028867e-01 2.089807897615639926e-02
8.742204324356910305e-01 2.089200170257505401e-02
8.739291227281148489e-01 2.089997018568854822e-02
8.736379100914176687e-01 2.089796301478563309e-02
8.733467944932532534e-01 2.089719213709700582e-02
8.730557759012860242e-01 2.089415393472578153e-02
8.727648542831916156e-01 2.089931272391499714e-02
8.724740296066559875e-01 2.089604228135663599e-02
8.721833018393762016e-01 2.089503038936689830e-02
8.718926709490596449e-01 2.089495820840764698e-02
8.716021369034252508e-01 2.089866194493395987e-02
8.713116996702017225e-01 2.090658917271331560e-02
8.710213592171293095e-01 2.090333184895244029e-02
8.707311155119585866e-01 2.089621571310067150e-02
8.704409685224511195e-01 2.089603210157129839e-02
8.701509182163787992e-01 2.089799918313394941e-02
8.698609645615250630e-01 2.090283607681818825e-02
8.695711075256831180e-01 2.090266022657306585e-02
8.692813470766574957e-01 2.089694523601239029e-02
8.689916831822632748e-01 2.089654675033814427e-02
8.687021158103264140e-01 2.089675254652447259e-02
8.684126449286834193e-01 2.089949553167940247e-02
8.681232705051816767e-01 2.090721916480012613e-02
8.678339925076791195e-01 2.090115589389774167e-02
8.675448109040443390e-01 2.089970580498763317e-02
8.672557256621569177e-01 2.090135999003546810e-02
8.669667367499069854e-01 2.089725469762391402e-02
8.666778441351951079e-01 2.090036176377771046e-02
8.663890477859329531e-01 2.089989651624310496e-02
8.661003476700429582e-01 2.090140105891433175e-02
8.658117437554576634e-01 2.089951295751820912e-02
8.655232360101210443e-01 2.090089546230899931e-02
8.652348244019868462e-01 2.090717377271435196e-02
8.649465088990204720e-01 2.090050409431445239e-02
8.646582894691974275e-01 2.090001455182704040e-02
8.643701660805038767e-01 2.090645516699651818e-02
8.640821387009368637e-01 2.090079778225507195e-02
8.637942072985039799e-01 2.090169194440830158e-02
8.635063718412234746e-01 2.090644960952330045e-02
8.632186322971243664e-01 2.090534007110424544e-02
8.629309886342463320e-01 2.090642967888969167e-02
8.626434408206392623e-01 2.091087277338867303e-02
8.623559888243644833e-01 2.091336048305351622e-02
8.620686326134932020e-01 2.091254543277338077e-02
8.617813721561078388e-01 2.090270184336540799e-02
8.614942074203010280e-01 2.090729060933666644e-02
8.612071383741761732e-01 2.091324332640525502e-02
8.609201649858474470e-01 2.090949950011837186e-02
8.606332872234395692e-01 2.090533326836513384e-02
8.603465050550879178e-01 2.091380278831862088e-02
8.600598184489381959e-01 2.091858868024501147e-02
8.597732273731469865e-01 2.090634240312708517e-02
8.594867317958817532e-01 2.090907708782353824e-02
8.592003316853199513e-01 2.091898534902138576e-02
8.589140270096499163e-01 2.091310531921413557e-02
8.586278177370708642e-01 2.090930835886498779e-02
8.583417038357923357e-01 2.091628493766939378e-02
8.580556852740341967e-01 2.090167143960570614e-02
8.577697620200274153e-01 2.092628943685860901e-02
8.574839340420133960e-01 2.091780071970308560e-02
8.571982013082438678e-01 2.091556560073594070e-02
8.569125637869815515e-01 2.090912339767153280e-02
8.566270214464992705e-01 2.093003154306410235e-02
8.563415742550808396e-01 2.091754548644997672e-02
8.560562221810205097e-01 2.091732061300215564e-02
8.557709651926229677e-01 2.093440872324660654e-02
8.554858032582034477e-01 2.092704733627042887e-02
8.552007363460880640e-01 2.093208960663248130e-02
8.549157644246131449e-01 2.092727031862193915e-02
8.546308874621255658e-01 2.091769709371888233e-02
8.543461054269833044e-01 2.091924764964217531e-02
8.540614182875541083e-01 2.094235669374663530e-02
8.537768260122164943e-01 2.093142375308686479e-02
8.534923285693600814e-01 2.092142791789194239e-02
8.532079259273842586e-01 2.093576428665103184e-02
8.529236180546991841e-01 2.093472480716891682e-02
8.526394049197258962e-01 2.092986695078186826e-02
8.523552864908955362e-01 2.092750304092880209e-02
8.520712627366499037e-01 2.093212063880282858e-02
8.517873336254415673e-01 2.093804617792618603e-02
8.515034991257328656e-01 2.093252924674816190e-02
8.512197592059974616e-01 2.094790324233798684e-02
8.509361138347192322e-01 2.095232763981485016e-02
8.506525629803922683e-01 2.092853013774721369e-02
8.503691066115216524e-01 2.094243992050226141e-02
8.500857446966227915e-01 2.095901551616921252e-02
8.498024772042213071e-01 2.093601867000445885e-02
8.495193041028535896e-01 2.094521651983892452e-02
8.492362253610665768e-01 2.093063419034597514e-02
8.489532409474173091e-01 2.095256364624645262e-02
8.486703508304737076e-01 2.096262915710702182e-02
8.483875549788141290e-01 2.092579958126090586e-02
8.481048533610270335e-01 2.094689277442099429e-02
8.478222459457117610e-01 2.094971159841549704e-02
8.475397327014777549e-01 2.095800196688108255e-02
8.472573135969454494e-01 2.096362563704094739e-02
8.469749886007451600e-01 2.094136240912618588e-02
8.466927576815179712e-01 2.096102641726514323e-02
8.464106208079152927e-01 2.097398304691428655e-02
8.461285779485990810e-01 2.092110493858826553e-02
8.458466290722416181e-01 2.094876865579029315e-02
8.455647741475256218e-01 2.098506787577405358e-02
8.452830131431445793e-01 2.097001467484655227e-02
8.450013460278019695e-01 2.096801808419319901e-02
8.447197727702118186e-01 2.094285647456235744e-02
8.444382933390987001e-01 2.097662403508447279e-02
8.441569077031975121e-01 2.094918530530621992e-02
8.438756158312538114e-01 2.094642686683652680e-02
8.435944176920230353e-01 2.098525599245594508e-02
8.433133132542715016e-01 2.095026812349459408e-02
8.430323024867758530e-01 2.100155701790325236e-02
8.427513853583230574e-01 2.093687304624072473e-02
8.424705618377104077e-01 2.095323741964366313e-02
8.421898318937458550e-01 2.100580736645527719e-02
8.419091954952473422e-01 2.097510416662871219e-02
8.416286526110435817e-01 2.096808667538283683e-02
8.413482032099734997e-01 2.093947220960304043e-02
8.410678472608865697e-01 2.096927727130711364e-02
8.407875847326422569e-01 2.101024348468385344e-02
8.405074155941107961e-01 2.097863232523031543e-02
8.402273398141727467e-01 2.097359369327776377e-02
8.399473573617188826e-01 2.100079364158136466e-02
8.396674682056501915e-01 2.097340873875622180e-02
8.393876723148785413e-01 2.094005475368770908e-02
8.391079696583255698e-01 2.095047677800179753e-02
8.388283602049239063e-01 2.104091948537803805e-02
8.385488439236159497e-01 2.097748199871649413e-02
8.382694207833547573e-01 2.097635369221374432e-02
8.379900907531037113e-01 2.099331972487113174e-02
8.377108538018362971e-01 2.098868193083889416e-02
8.374317098985368801e-01 2.096639078515231958e-02
8.371526590121994849e-01 2.096497282801238621e-02
8.368737011118287938e-01 2.099313928906238955e-02
8.365948361664399258e-01 2.098830673274657346e-02
8.363160641450582133e-01 2.099351281647869952e-02
8.360373850167190923e-01 2.100171823850628325e-02
8.357587987504688787e-01 2.097888491130018782e-02
8.354803053153637693e-01 2.100987196234537294e-02
8.352019046804702862e-01 2.100310941163840983e-02
8.349235968148652764e-01 2.095932385362448552e-02
8.346453816876360232e-01 2.096406007490903695e-02
8.343672592678799127e-01 2.097973421858963933e-02
8.340892295247049892e-01 2.102198489780700286e-02
8.338112924272291782e-01 2.098145769826214452e-02
8.335334479445809519e-01 2.101534033708581800e-02
8.332556960458989970e-01 2.099342183209505081e-02
8.329780367003321029e-01 2.096548760300823849e-02
8.327004698770397173e-01 2.095214037911104915e-02
8.324229955451912799e-01 2.101600990565048385e-02
8.321456136739664444e-01 2.097729097935473186e-02
8.318683242325555227e-01 2.098428357329657976e-02
8.315911271901589297e-01 2.095800952036386625e-02
8.313140225159867391e-01 2.101682198634011525e-02
8.310370101792602382e-01 2.097802907127045702e-02
8.307600901492105949e-01 2.100707781232554611e-02
8.304832623950788584e-01 2.095719234707393505e-02
8.302065268861166247e-01 2.103092092606223887e-02
8.299298835915860373e-01 2.100591188977755236e-02
8.296533324807590093e-01 2.105576117054485524e-02
8.293768735229181122e-01 2.098814522488242143e-02
8.291005066873555762e-01 2.104025544267354442e-02
8.288242319433744010e-01 2.097944514505358307e-02
8.285480492602875779e-01 2.098486064065118242e-02
8.282719586074185347e-01 2.099376960183964649e-02
8.279959599541003579e-01 2.098230624632919927e-02
8.277200532696770141e-01 2.100144558458277161e-02
8.274442385235024622e-01 2.097992338704507409e-02
8.271685156849407639e-01 2.097450079271961920e-02
8.268928847233663060e-01 2.096380894612894299e-02
8.266173456081634674e-01 2.098988561750445014e-02
8.263418983087272851e-01 2.100366381860440182e-02
8.260665427944623440e-01 2.095439141959257873e-02
8.257912790347839982e-01 2.099230152834022367e-02
8.255161069991177047e-01 2.097987315203955760e-02
8.252410266568985797e-01 2.096965571534931475e-02
8.249660379775727304e-01 2.098828693633179171e-02
8.246911409305957008e-01 2.100021977495212730e-02
8.244163354854338044e-01 2.102240739932004221e-02
8.241416216115632354e-01 2.101322666530126490e-02
8.238669992784704021e-01 2.105148401803387179e-02
8.235924684556518161e-01 2.103088512889098732e-02
8.233180291126142025e-01 2.110082087724340222e-02
8.230436812188745010e-01 2.117291217003920006e-02
8.227694247439597541e-01 2.103211230208401616e-02
8.224952596574073294e-01 2.099126532879746695e-02
8.222211859287643643e-01 2.096022377514746363e-02
8.219472035275884325e-01 2.100661664422043273e-02
8.216733124234473218e-01 2.099837966855919863e-02
8.213995125859184787e-01 2.099814480895707824e-02
8.211258039845902301e-01 2.099697628111713357e-02
8.208521865890604507e-01 2.099087525489226960e-02
8.205786603689374514e-01 2.101124728212292944e-02
8.203052252938394240e-01 2.102026951734015103e-02
8.200318813333948853e-01 2.100992582679971077e-02
8.197586284572424553e-01 2.098186431743773867e-02
8.194854666350307459e-01 2.100707845084382255e-02
8.192123958364184722e-01 2.100933407849119028e-02
8.189394160310747850e-01 2.098735302762911453e-02
8.186665271886786055e-01 2.096982151932248392e-02
8.183937292789188467e-01 2.101507684487968763e-02
8.181210222714948577e-01 2.103279009789344595e-02
8.178484061361160906e-01 2.100947957342865630e-02
8.175758808425021007e-01 2.098839033281209646e-02
8.173034463603818800e-01 2.099585511399724991e-02
8.170311026594951898e-01 2.101974970570018308e-02
8.167588497095920053e-01 2.105582857538002006e-02
8.164866874804317387e-01 2.105239605017278706e-02
8.162146159417844604e-01 2.098157279929815586e-02
8.159426350634298997e-01 2.102617183293519626e-02
8.156707448151582218e-01 2.105423058046276830e-02
8.153989451667691402e-01 2.100619514554013731e-02
8.151272360880732482e-01 2.108649596728369782e-02
8.148556175488901321e-01 2.100417311966046655e-02
8.145840895190503694e-01 2.103779195672225016e-02
8.143126519683941966e-01 2.108976690575518551e-02
8.140413048667719531e-01 2.098125981549903499e-02
8.137700481840438593e-01 2.106357930549765389e-02
8.134988818900803498e-01 2.109372452036088405e-02
8.132278059547620730e-01 2.109550119330773008e-02
8.129568203479794475e-01 2.099684802183574006e-02
8.126859250396326617e-01 2.101661511411063651e-02
8.124151199996328954e-01 2.110141636722070307e-02
8.121444051979000989e-01 2.102495349557987475e-02
8.118737806043653249e-01 2.097303053353504615e-02
8.116032461889689520e-01 2.108142625631141687e-02
8.113328019216617948e-01 2.106430629867008658e-02
8.110624477724041048e-01 2.103934654878579502e-02
8.107921837111670138e-01 2.101982007921265883e-02
8.105220097079309793e-01 2.103376444613270363e-02
8.102519257326866731e-01 2.103621361354455349e-02
8.099819317554348697e-01 2.104024984259480688e-02
8.097120277461861138e-01 2.100485523917277123e-02
8.094422136749609420e-01 2.100013005559691823e-02
8.091724895117903271e-01 2.103662984418741902e-02
8.089028552267147898e-01 2.100755840197930310e-02
8.086333107897848427e-01 2.100166457488774480e-02
8.083638561710609904e-01 2.100764234790141252e-02
8.080944913406140628e-01 2.098082115668700037e-02
8.078252162685244375e-01 2.098573014587091015e-02
8.075560309248828172e-01 2.096776286886063018e-02
8.072869352797894527e-01 2.100243237375304731e-02
8.070179293033550305e-01 2.098269001308767853e-02
8.067490129656997855e-01 2.098879682993929144e-02
8.064801862369539442e-01 2.097399615183408172e-02
8.062114490872582806e-01 2.098996175684647927e-02
8.059428014867626722e-01 2.097018860058505116e-02
8.056742434056273217e-01 2.096871651977614756e-02
8.054057748140226458e-01 2.098332491724323040e-02
8.051373956821284983e-01 2.095880646843135964e-02
8.048691059801350578e-01 2.096279459477650570e-02
8.046009056782422730e-01 2.097401501655682052e-02
8.043327947466599737e-01 2.097977110571461537e-02
8.040647731556080924e-01 2.096514068997577113e-02
8.037968408753162208e-01 2.096857662473546741e-02
8.035289978760242757e-01 2.097059656191833932e-02
8.032612441279814997e-01 2.097093197941118231e-02
8.029935796014475713e-01 2.097878666783408244e-02
8.027260042666919393e-01 2.097106151365284860e-02
8.024585180939940443e-01 2.097046251351829607e-02
8.021911210536426529e-01 2.097140711132184504e-02
8.019238131159373006e-01 2.097686738920358229e-02
8.016565942511868492e-01 2.097111246462884243e-02
8.013894644297102632e-01 2.096955099808411188e-02
8.011224236218362771e-01 2.096153042168743402e-02
8.008554717979035065e-01 2.097695512381702806e-02
8.005886089282606699e-01 2.096896557254478155e-02
8.003218349832663669e-01 2.097366932979254778e-02
8.000551499332884120e-01 2.097963048870188710e-02
7.997885537487053886e-01 2.096897107208685329e-02
7.995220463999055394e-01 2.098069298397216287e-02
7.992556278572864326e-01 2.097041235377471863e-02
7.989892980912558507e-01 2.097816201426237412e-02
7.987230570722317902e-01 2.097325768083031436e-02
7.984569047706414624e-01 2.097970772410995277e-02
7.981908411569224038e-01 2.097107969994460586e-02
7.979248662015218096e-01 2.097440200561765181e-02
7.976589798748967564e-01 2.097361545107380432e-02
7.973931821475142012e-01 2.096612499123901019e-02
7.971274729898509825e-01 2.098075394455675702e-02
7.968618523723934866e-01 2.097015993329917269e-02
7.965963202656382025e-01 2.098582573397353435e-02
7.963308766400913896e-01 2.098110834335330244e-02
7.960655214662692991e-01 2.097164357885918096e-02
7.958002547146976191e-01 2.096493591986999666e-02
7.955350763559123628e-01 2.096935540122894792e-02
7.952699863604588693e-01 2.097208738481431967e-02
7.950049846988924696e-01 2.097000075656467455e-02
7.947400713417783757e-01 2.096722489415450003e-02
7.944752462596917919e-01 2.096695247234055606e-02
7.942105094232173590e-01 2.096982583678594358e-02
7.939458608029497100e-01 2.096963934131931828e-02
7.936813003694930257e-01 2.096868584167483826e-02
7.934168280934619233e-01 2.097014778703835958e-02
7.931524439454801234e-01 2.098053471183118981e-02
7.928881478961812279e-01 2.096708955077850392e-02
7.926239399162091637e-01 2.097757811490841978e-02
7.923598199762169614e-01 2.097342547474089283e-02
7.920957880468679768e-01 2.097302627898986818e-02
7.918318440988348916e-01 2.097416521898798000e-02
7.915679881028007125e-01 2.097277715976437681e-02
7.913042200294574391e-01 2.097699910909314736e-02
7.910405398495076179e-01 2.098107970839701089e-02
7.907769475336630105e-01 2.097585616394048377e-02
7.905134430526452594e-01 2.098616072612661393e-02
7.902500263771862210e-01 2.097825948567859367e-02
7.899866974780268558e-01 2.097639646393056195e-02
7.897234563259181161e-01 2.098546391604115199e-02
7.894603028916209464e-01 2.098571385390186547e-02
7.891972371459055058e-01 2.098167016047243136e-02
7.889342590595522786e-01 2.098720889002619883e-02
7.886713686033511861e-01 2.097889404599667315e-02
7.884085657481016973e-01 2.098842991144817677e-02
7.881458504646133845e-01 2.097926782633847270e-02
7.878832227237055896e-01 2.098773373433922285e-02
7.876206824962067587e-01 2.099099208413241976e-02
7.873582297529556628e-01 2.098582576254519327e-02
7.870958644648007319e-01 2.098695241743059325e-02
7.868335866025997216e-01 2.099776410077978245e-02
7.865713961372207130e-01 2.099380519366762440e-02
7.863092930395407798e-01 2.099634310206330984e-02
7.860472772804472097e-01 2.098547156308015402e-02
7.857853488308369494e-01 2.099643602135673262e-02
7.855235076616163825e-01 2.099062643638411815e-02
7.852617537437016626e-01 2.099095857569403464e-02
7.850000870480190462e-01 2.099133133016181652e-02
7.847385075455037828e-01 2.099663030347973663e-02
7.844770152071013358e-01 2.099067087400570061e-02
7.842156100037667166e-01 2.099864434669832317e-02
7.839542919064644844e-01 2.099716666378424745e-02
7.836930608861690795e-01 2.099466236518852599e-02
7.834319169138643790e-01 2.099547150919663097e-02
7.831708599605441412e-01 2.099725104577679358e-02
7.829098899972116721e-01 2.099556364963045194e-02
7.826490069948800476e-01 2.099752262797128718e-02
7.823882109245716698e-01 2.099773590650143990e-02
7.821275017573192656e-01 2.100107644459204420e-02
7.818668794641645547e-01 2.100289157901212567e-02
7.816063440161590270e-01 2.100050220439966461e-02
7.813458953843641641e-01 2.100141853999371033e-02
7.810855335398508847e-01 2.100418385065397700e-02
7.808252584536995444e-01 2.100416300278683257e-02
7.805650700970004907e-01 2.100487129186902682e-02
7.803049684408535080e-01 2.100599023206619828e-02
7.800449534563680398e-01 2.100700308744819084e-02
7.797850251146629663e-01 2.100962903834428450e-02
7.795251833868674929e-01 2.100934109101866218e-02
7.792654282441193736e-01 2.101192183718336021e-02
7.790057596575667986e-01 2.101285919188287596e-02
7.787461775983672840e-01 2.101443906050040264e-02
7.784866820376878938e-01 2.101525783342289566e-02
7.782272729467056838e-01 2.101681728729387286e-02
7.779679502966068139e-01 2.101890354406459743e-02
7.777087140585872138e-01 2.102122661329923134e-02
7.774495642038524723e-01 2.102348010978340176e-02
7.771905007036179480e-01 2.102654342522290720e-02
7.769315235291081034e-01 2.102795327455042260e-02
7.766726326515575041e-01 2.102983804291891010e-02
7.764138280422101523e-01 2.103284980115162003e-02
7.761551096723192655e-01 2.103523848558351908e-02
7.758964775131481639e-01 2.103748732326405496e-02
7.756379315359696047e-01 2.104007267598983696e-02
7.753794717120654489e-01 2.104424453791216981e-02
7.751210980127277717e-01 2.104682914691422685e-02
7.748628104092580848e-01 2.105104429854940187e-02
7.746046088729670043e-01 2.105493858182618319e-02
7.743464933751751378e-01 2.105866759785282941e-02
7.740884638872127521e-01 2.106382979711289571e-02
7.738305203804191068e-01 2.107037031449309969e-02
7.735726628261438975e-01 2.107662101823604486e-02
7.733148911957451466e-01 2.108474478807689095e-02
7.730572054605915344e-01 2.109350527468948494e-02
7.727996055920607343e-01 2.110572416229266127e-02
7.725420915615401896e-01 2.111988005280962880e-02
7.722846633404267802e-01 2.113783374803525003e-02
7.720273209001266013e-01 2.116237878651840154e-02
7.717700642120558507e-01 2.119532574237053754e-02
7.715128932476399415e-01 2.124144605489008963e-02
7.712558079783138343e-01 2.130622763753167725e-02
7.709988083755218158e-01 2.140352416682394718e-02
7.707418944107182757e-01 2.155824465786189761e-02
7.704850660553663744e-01 2.184236192200303406e-02
7.702283232809394864e-01 2.253915351761028724e-02
7.699716660589197570e-01 2.246215525997146203e-02
7.697150943607994344e-01 2.182412161659581101e-02
7.694586081580799819e-01 2.156685907932765281e-02
7.692022074222725214e-01 2.144583534877869332e-02
7.689458921248975010e-01 2.138535694234024870e-02
7.686896622374850274e-01 2.135442817790873457e-02
7.684335177315744225e-01 2.135327594040185503e-02
7.681774585787148890e-01 2.139330397388446159e-02
7.679214847504646224e-01 2.147008089016277932e-02
7.676655962183916992e-01 2.158428041176864084e-02
7.674097929540736329e-01 2.175251365930970862e-02
7.671540749290971517e-01 2.202126055489362494e-02
7.668984421150588648e-01 2.251605101260395481e-02
7.666428944835642634e-01 2.288679300044392170e-02
7.663874320062288303e-01 2.224553811183476934e-02
7.661320546546771526e-01 2.188293632388818924e-02
7.658767624005435870e-01 2.166494305879076987e-02
7.656215552154718162e-01 2.152047082934708741e-02
7.653664330711147379e-01 2.141060622297596278e-02
7.651113959391349084e-01 2.132365471344254901e-02
7.648564437912045433e-01 2.125782563893153371e-02
7.646015765990047397e-01 2.120791293251455753e-02
7.643467943342265869e-01 2.116880411452748065e-02
7.640920969685703890e-01 2.114113884478798638e-02
7.638374844737457758e-01 2.111732883607710803e-02
7.635829568214718144e-01 2.110145531978407582e-02
7.633285139834772304e-01 2.108741848379133005e-02
7.630741559315000755e-01 2.107503686973304091e-02
7.628198826372875052e-01 2.106580703900406623e-02
7.625656940725966670e-01 2.105870249886306056e-02
7.623115902091935903e-01 2.105421945419789359e-02
7.620575710188538521e-01 2.104985221265923828e-02
7.618036364733627996e-01 2.104826122995601817e-02
7.615497865445145509e-01 2.104276002411968952e-02
7.612960212041131047e-01 2.104117471298242240e-02
7.610423404239716749e-01 2.103888546998507192e-02
7.607887441759130231e-01 2.103886003575818064e-02
7.605352324317691259e-01 2.103615253190657328e-02
7.602818051633811747e-01 2.103397338675409151e-02
7.600284623426002417e-01 2.103369577093680207e-02
7.597752039412865033e-01 2.103447652144381508e-02
7.595220299313092394e-01 2.103632732938512037e-02
7.592689402845477220e-01 2.103284275752704754e-02
7.590159349728901050e-01 2.103101961055145117e-02
7.587630139682339792e-01 2.103318825614467966e-02
7.585101772424864830e-01 2.102828186054228957e-02
7.582574247675638590e-01 2.102920218664504001e-02
7.580047565153918976e-01 2.102710401940223808e-02
7.577521724579060480e-01 2.102866180471329657e-02
7.574996725670501974e-01 2.102794282316509250e-02
7.572472568147785577e-01 2.102672248381561027e-02
7.569949251730542228e-01 2.102232031530527900e-02
7.567426776138495015e-01 2.102744295007602862e-02
7.564905141091464724e-01 2.102642351703378626e-02
7.562384346309360961e-01 2.102351315445932095e-02
7.559864391512189918e-01 2.102198767230109913e-02
7.557345276420048830e-01 2.102262431361324319e-02
7.554827000753130406e-01 2.102422338885756581e-02
7.552309564231719508e-01 2.102089712440532998e-02
7.549792966576193143e-01 2.102152509045507323e-02
7.547277207507023800e-01 2.102030195894043219e-02
7.544762286744775004e-01 2.102362573054196784e-02
7.542248204010104651e-01 2.101615400765932326e-02
7.539734959023762784e-01 2.102007105645763499e-02
7.537222551506593815e-01 2.101961482331423520e-02
7.534710981179534306e-01 2.101635333992607838e-02
7.532200247763610745e-01 2.102167526183721172e-02
7.529690350979950653e-01 2.101640995972869908e-02
7.527181290549767034e-01 2.102152019509826580e-02
7.524673066194368376e-01 2.102766031633001437e-02
7.522165677635156422e-01 2.101437695918340065e-02
7.519659124593625066e-01 2.101748852878182125e-02
7.517153406791360348e-01 2.101967014983169985e-02
7.514648523950043790e-01 2.102065405510857368e-02
7.512144475791445730e-01 2.101043374754217943e-02
7.509641262037433096e-01 2.101180376846302489e-02
7.507138882409961633e-01 2.102730626449570220e-02
7.504637336631084787e-01 2.101606565039234459e-02
7.502136624422943711e-01 2.102955752442750570e-02
7.499636745507773927e-01 2.101325263904543425e-02
7.497137699607904215e-01 2.102039539413942323e-02
7.494639486445754395e-01 2.100978519954960905e-02
7.492142105743839764e-01 2.102110651135256567e-02
7.489645557224764438e-01 2.101931936640710763e-02
7.487149840611225793e-01 2.102083550891838820e-02
7.484654955626017792e-01 2.101915680515048859e-02
7.482160901992019886e-01 2.103625216215371935e-02
7.479667679432208116e-01 2.102299266640115030e-02
7.477175287669651782e-01 2.101653584031227748e-02
7.474683726427507890e-01 2.100623083284376691e-02
7.472192995429032258e-01 2.102527979675009734e-02
7.469703094397565080e-01 2.101669947242229552e-02
7.467214023056545358e-01 2.101341806305801960e-02
7.464725781129502025e-01 2.102570835055595985e-02
7.462238368340055050e-01 2.102112097792849590e-02
7.459751784411917663e-01 2.103221556135993070e-02
7.457266029068893021e-01 2.103667490529552778e-02
7.454781102034881979e-01 2.102430804270582695e-02
7.452297003033869771e-01 2.100708526300495288e-02
7.449813731789938220e-01 2.101383359157586381e-02
7.447331288027263518e-01 2.102057156217704281e-02
7.444849671470106234e-01 2.103301628702076986e-02
7.442368881842824635e-01 2.104504971294737445e-02
7.439888918869868029e-01 2.104833267639110925e-02
7.437409782275774539e-01 2.103193813514715044e-02
7.434931471785178880e-01 2.101243132760175977e-02
7.432453987122803474e-01 2.101067395094453547e-02
7.429977328013466220e-01 2.101379229180426467e-02
7.427501494182071617e-01 2.105416988374225751e-02
7.425026485353619643e-01 2.103002112085756645e-02
7.422552301253201312e-01 2.104199891126138158e-02
7.420078941605998679e-01 2.101423771084762193e-02
7.417606406137285946e-01 2.104435651424805750e-02
7.415134694572428353e-01 2.101466923225999914e-02
7.412663806636882180e-01 2.103961023512423284e-02
7.410193742056195854e-01 2.102765968755478457e-02
7.407724500556009950e-01 2.103564302114673684e-02
7.405256081862056083e-01 2.102695854539840536e-02
7.402788485700154686e-01 2.104277907660599689e-02
7.400321711796222779e-01 2.104149417901263197e-02
7.397855759876263981e-01 2.102343493360413901e-02
7.395390629666374060e-01 2.102688239921489746e-02
7.392926320892742043e-01 2.104292301432187512e-02
7.390462833281649102e-01 2.104837483004285900e-02
7.388000166559461901e-01 2.101547824849337234e-02
7.385538320452642580e-01 2.108726764417795385e-02
7.383077294687747649e-01 2.102977075465754103e-02
7.380617088991415775e-01 2.102660678439654054e-02
7.378157703090386654e-01 2.103037011623696412e-02
7.375699136711481030e-01 2.104178565279291035e-02
7.373241389581620675e-01 2.104339052797326790e-02
7.370784461427809520e-01 2.104220897696760725e-02
7.368328351977150303e-01 2.108182419429888502e-02
7.365873060956831253e-01 2.103742832524738149e-02
7.363418588094132744e-01 2.105107273274327631e-02
7.360964933116426190e-01 2.103238097445752491e-02
7.358512095751176263e-01 2.102053243098918334e-02
7.356060075725934233e-01 2.104617374508913064e-02
7.353608872768343518e-01 2.100873114009481693e-02
7.351158486606140796e-01 2.108545571358938844e-02
7.348708916967152671e-01 2.102242680627370436e-02
7.346260163579291236e-01 2.104487312171626073e-02
7.343812226170567392e-01 2.103158625659050027e-02
7.341365104469077529e-01 2.101472725943154610e-02
7.338918798203009075e-01 2.102183387926697192e-02
7.336473307100641605e-01 2.105568575525740629e-02
7.334028630890344624e-01 2.106327092981735358e-02
7.331584769300577564e-01 2.101724805617051842e-02
7.329141722059890895e-01 2.107500890930544268e-02
7.326699488896923906e-01 2.101078542714633970e-02
7.324258069540410254e-01 2.102951092985931580e-02
7.321817463719170194e-01 2.103912323025498160e-02
7.319377671162116128e-01 2.108920589532098031e-02
7.316938691598248168e-01 2.104416525412407257e-02
7.314500524756663014e-01 2.106379494646020215e-02
7.312063170366540632e-01 2.110177345599102000e-02
7.309626628157153139e-01 2.102296690261021284e-02
7.307190897857867018e-01 2.108998398654254522e-02
7.304755979198134241e-01 2.106137760134774509e-02
7.302321871907497819e-01 2.110101134746611776e-02
7.299888575715591799e-01 2.100433018967932594e-02
7.297456090352141267e-01 2.108163076579228426e-02
7.295024415546957908e-01 2.105626929233900269e-02
7.292593551029947774e-01 2.106496465412237631e-02
7.290163496531103515e-01 2.103946976877001454e-02
7.287734251780508821e-01 2.099305914816558885e-02
7.285305816508339527e-01 2.102221218515370332e-02
7.282878190444858069e-01 2.102461955420507206e-02
7.280451373320416808e-01 2.104339622896220230e-02
7.278025364865461366e-01 2.107229066111360530e-02
7.275600164810523962e-01 2.104211358500659990e-02
7.273175772886227852e-01 2.103161898879219588e-02
7.270752188823286222e-01 2.103459459274088783e-02
7.268329412352501073e-01 2.103464067540197768e-02
7.265907443204766558e-01 2.105322998331966150e-02
7.263486281111062315e-01 2.108567741954812599e-02
7.261065925802461241e-01 2.105109768147209875e-02
7.258646377010122830e-01 2.104529634718600717e-02
7.256227634465300946e-01 2.107024153632761423e-02
7.253809697899333830e-01 2.107817215813273179e-02
7.251392567043652981e-01 2.102981380025528008e-02
7.248976241629775386e-01 2.105501350095100033e-02
7.246560721389311288e-01 2.107469375294609287e-02
7.244146006053959752e-01 2.100696363699680949e-02
7.241732095355508658e-01 2.107596165462719690e-02
7.239318989025832485e-01 2.104698061916142338e-02
7.236906686796898969e-01 2.106237349719546417e-02
7.234495188400765775e-01 2.104177258117189211e-02
7.232084493569574946e-01 2.104109421397876156e-02
7.229674602035562891e-01 2.105497776366203888e-02
7.227265513531052621e-01 2.102957833565270024e-02
7.224857227788455960e-01 2.104115560817419739e-02
7.222449744540274663e-01 2.102648661075978004e-02
7.220043063519101523e-01 2.106011767503394513e-02
7.217637184457614818e-01 2.103199500110275802e-02
7.215232107088584979e-01 2.103005227660509346e-02
7.212827831144869029e-01 2.104822034068170797e-02
7.210424356359416143e-01 2.104809636419049945e-02
7.208021682465259872e-01 2.106742527777140384e-02
7.205619809195528136e-01 2.106031250178427849e-02
7.203218736283433232e-01 2.108829593691718962e-02
7.200818463462278496e-01 2.103950264961935990e-02
7.198418990465456080e-01 2.102791054077851607e-02
7.196020317026446955e-01 2.108137970855440343e-02
7.193622442878819800e-01 2.104422806549482647e-02
7.191225367756234332e-01 2.102076877292255105e-02
7.188829091392436865e-01 2.109342392072865655e-02
7.186433613521261421e-01 2.107752133033175337e-02
7.184038933876636390e-01 2.104511843071220356e-02
7.181645052192571210e-01 2.103113002690540009e-02
7.179251968203169687e-01 2.109944647377853810e-02
7.176859681642622224e-01 2.105110196142118834e-02
7.174468192245205822e-01 2.109306715105807931e-02
7.172077499745290741e-01 2.108075373931358673e-02
7.169687603877330506e-01 2.111573753560991654e-02
7.167298504375871904e-01 2.116660387053720394e-02
7.164910200975546095e-01 2.108359809140608956e-02
7.162522693411075281e-01 2.102056105552402646e-02
7.160135981417269369e-01 2.105723984588355607e-02
7.157750064729025974e-01 2.102885873933418512e-02
7.155364943081331530e-01 2.099762556546459422e-02
7.152980616209261289e-01 2.101998201221212670e-02
7.150597083847978208e-01 2.101154670056581270e-02
7.148214345732734065e-01 2.100462581840280979e-02
7.145832401598867234e-01 2.100101644864975706e-02
7.143451251181804906e-01 2.102069319238288742e-02
7.141070894217065312e-01 2.100023031744352106e-02
7.138691330440251059e-01 2.099775028543817215e-02
7.136312559587055793e-01 2.100134660604232803e-02
7.133934581393257535e-01 2.100270311795606262e-02
7.131557395594725346e-01 2.101535420576542551e-02
7.129181001927415995e-01 2.099766895927097574e-02
7.126805400127373957e-01 2.102793931403223321e-02
7.124430589930729196e-01 2.100147345947453448e-02
7.122056571073703823e-01 2.100856326575384000e-02
7.119683343292605437e-01 2.099927978316971228e-02
7.117310906323830455e-01 2.100452533484626488e-02
7.114939259903861890e-01 2.098907529664380267e-02
7.112568403769271574e-01 2.100450554987438878e-02
7.110198337656719048e-01 2.101371965589184099e-02
7.107829061302951557e-01 2.100437369130262952e-02
7.105460574444802946e-01 2.098931216353217347e-02
7.103092876819195878e-01 2.100211488065647364e-02
7.100725968163140722e-01 2.100075398549157424e-02
7.098359848213735557e-01 2.099238578384973741e-02
7.095994516708166167e-01 2.101903470069566709e-02
7.093629973383703824e-01 2.100087515439229280e-02
7.091266217977711950e-01 2.101149044569452021e-02
7.088903250227635011e-01 2.099382072281887751e-02
7.086541069871010734e-01 2.098569447434759858e-02
7.084179676645461221e-01 2.098863481115255739e-02
7.081819070288698503e-01 2.102599628185258807e-02
7.079459250538518988e-01 2.099337746120686146e-02
7.077100217132806792e-01 2.099712860517474397e-02
7.074741969809537068e-01 2.101823021427801780e-02
7.072384508306768236e-01 2.099140135888421729e-02
7.070027832362646425e-01 2.098773394449424123e-02
7.067671941715406581e-01 2.102701819252370333e-02
7.065316836103372466e-01 2.099477576156677863e-02
7.062962515264950003e-01 2.100008405357999680e-02
7.060608978938637259e-01 2.099921035824699883e-02
7.058256226863015570e-01 2.099761338140014588e-02
7.055904258776756199e-01 2.099630171137374657e-02
7.053553074418615898e-01 2.102009404392566130e-02
7.051202673527439124e-01 2.100134811177030089e-02
7.048853055842158044e-01 2.099749452449697212e-02
7.046504221101790311e-01 2.101096784904186651e-02
7.044156169045442395e-01 2.099385147863530240e-02
7.041808899412304035e-01 2.101021136097318970e-02
7.039462411941656006e-01 2.100008880119748345e-02
7.037116706372864572e-01 2.099606698759265422e-02
7.034771782445382593e-01 2.098561467351756082e-02
7.032427639898749527e-01 2.100479377239762233e-02
7.030084278472590320e-01 2.101298836629489353e-02
7.027741697906622065e-01 2.101319318504918723e-02
7.025399897940640681e-01 2.099814540150339581e-02
7.023058878314535347e-01 2.099759584522927283e-02
7.020718638768278508e-01 2.099470067430378797e-02
7.018379179041931426e-01 2.101606398697472219e-02
7.016040498875639742e-01 2.098890020317025276e-02
7.013702598009635691e-01 2.102075033767836568e-02
7.011365476184239220e-01 2.098957573852316266e-02
7.009029133139860201e-01 2.099416677235477202e-02
7.006693568616987333e-01 2.101072191287403634e-02
7.004358782356201463e-01 2.099130406600964796e-02
7.002024774098167814e-01 2.100337664987910954e-02
6.999691543583639319e-01 2.100537272873048006e-02
6.997359090553455507e-01 2.098854925634642196e-02
6.995027414748538064e-01 2.100019583214632335e-02
6.992696515909900823e-01 2.099493258558600764e-02
6.990366393778640886e-01 2.100217995010160085e-02
6.988037048095941950e-01 2.100094209531889328e-02
6.985708478603073202e-01 2.098556973615875107e-02
6.983380685041392644e-01 2.099198845417418746e-02
6.981053667152341546e-01 2.098460823455901292e-02
6.978727424677447777e-01 2.099276351518119393e-02
6.976401957358329131e-01 2.098904363142226059e-02
6.974077264936683340e-01 2.098750074554378564e-02
6.971753347154296954e-01 2.099345237121468324e-02
6.969430203753046449e-01 2.098340200841197420e-02
6.967107834474888239e-01 2.099180785445144831e-02
6.964786239061866446e-01 2.099193502219458274e-02
6.962465417256114009e-01 2.100655893375665689e-02
6.960145368799847132e-01 2.099773288439934354e-02
6.957826093435367509e-01 2.101298912814685699e-02
6.955507590905065651e-01 2.099275998976858626e-02
6.953189860951415335e-01 2.100519613489358270e-02
6.950872903316974716e-01 2.100058691918774145e-02
6.948556717744392985e-01 2.100974665245726111e-02
6.946241303976400383e-01 2.100566181218341266e-02
6.943926661755814855e-01 2.102420961016334550e-02
6.941612790825538726e-01 2.102045842988155624e-02
6.939299690928563136e-01 2.100757984659109082e-02
6.936987361807959163e-01 2.099658053999480314e-02
6.934675803206890032e-01 2.103547611788389796e-02
6.932365014868600017e-01 2.103881130243968542e-02
6.930054996536421097e-01 2.100989100981067934e-02
6.927745747953768518e-01 2.101047669661583114e-02
6.925437268864147455e-01 2.106705750069962427e-02
6.923129559011143019e-01 2.106695183835508023e-02
6.920822618138429139e-01 2.103803929960923469e-02
6.918516445989765229e-01 2.101179986659617790e-02
6.916211042308996193e-01 2.100602867647263436e-02
6.913906406840047980e-01 2.099485550151950278e-02
6.911602539326939798e-01 2.098409918601967794e-02
6.909299439513767460e-01 2.098945844406803832e-02
6.906997107144718928e-01 2.097975538613648314e-02
6.904695541964063210e-01 2.099459629889809109e-02
6.902394743716157022e-01 2.098259443610163075e-02
6.900094712145442566e-01 2.097724932667935360e-02
6.897795446996443092e-01 2.097644334033000810e-02
6.895496948013771776e-01 2.097810116961055724e-02
6.893199214942123954e-01 2.097688838694230368e-02
6.890902247526280444e-01 2.097403598315904921e-02
6.888606045511109777e-01 2.097459838651503927e-02
6.886310608641562636e-01 2.097376741822190582e-02
6.884015936662674084e-01 2.097337294722795287e-02
6.881722029319568001e-01 2.097314103705657379e-02
6.879428886357448203e-01 2.097710795061043937e-02
6.877136507521607323e-01 2.098214805598383123e-02
6.874844892557421261e-01 2.096960391086473072e-02
6.872554041210350295e-01 2.096960146724348786e-02
6.870263953225941300e-01 2.097004001011913352e-02
6.867974628349823307e-01 2.097093895735900604e-02
6.865686066327714165e-01 2.096836244854926451e-02
6.863398266905411660e-01 2.097070697518384208e-02
6.861111229828802394e-01 2.096687386775922257e-02
6.858824954843852906e-01 2.096787488088510884e-02
6.856539441696620774e-01 2.096658162441404627e-02
6.854254690133242400e-01 2.096669682500475890e-02
6.851970699899943007e-01 2.096579634608140841e-02
6.849687470743027751e-01 2.096705619266298060e-02
6.847405002408890606e-01 2.096789137188381433e-02
6.845123294644008816e-01 2.096607426876741925e-02
6.842842347194943997e-01 2.096527533137759400e-02
6.840562159808339926e-01 2.096719418481001948e-02
6.838282732230929195e-01 2.096551857034787900e-02
6.836004064209525444e-01 2.096528888258860496e-02
6.833726155491028909e-01 2.096362462399952928e-02
6.831449005822419762e-01 2.096562834885506640e-02
6.829172614950770326e-01 2.096579981906135023e-02
6.826896982623228416e-01 2.096394356116659113e-02
6.824622108587031777e-01 2.096425982857010040e-02
6.822347992589502530e-01 2.096505754263890131e-02
6.820074634378041623e-01 2.096493034382262283e-02
6.817802033700141040e-01 2.096757942627343677e-02
6.815530190303372704e-01 2.096449436798043103e-02
6.813259103935394023e-01 2.096359147764267558e-02
6.810988774343945673e-01 2.096369943570407235e-02
6.808719201276852706e-01 2.096487302765025554e-02
6.806450384482025662e-01 2.096404448232469866e-02
6.804182323707455016e-01 2.096268188641470243e-02
6.801915018701221172e-01 2.096437402295433725e-02
6.799648469211483359e-01 2.096480437021109797e-02
6.797382674986488516e-01 2.096304116914825613e-02
6.795117635774562403e-01 2.096455345651696001e-02
6.792853351324121824e-01 2.096358400422219936e-02
6.790589821383659075e-01 2.096437867381800713e-02
6.788327045701757489e-01 2.096453925808761803e-02
6.786065024027081449e-01 2.096349745388628033e-02
6.783803756108378602e-01 2.096455811732348198e-02
6.781543241694479862e-01 2.096377627850166611e-02
6.779283480534301631e-01 2.096472844900050536e-02
6.777024472376842468e-01 2.096517120233145140e-02
6.774766216971185306e-01 2.096453769005105633e-02
6.772508714066495239e-01 2.096464340177272428e-02
6.770251963412023954e-01 2.096460540695019303e-02
6.767995964757105298e-01 2.096476872916839401e-02
6.765740717851154162e-01 2.096421120621905568e-02
6.763486222443672036e-01 2.096475101480891126e-02
6.761232478284243674e-01 2.096508772921061234e-02
6.758979485122535991e-01 2.096489046478839866e-02
6.756727242708299164e-01 2.096531567253832884e-02
6.754475750791368860e-01 2.096551162134722285e-02
6.752225009121660682e-01 2.096446563408905020e-02
6.749975017449176828e-01 2.096446128054497288e-02
6.747725775524002767e-01 2.096675009653240287e-02
6.745477283096302790e-01 2.096617198961052420e-02
6.743229539916330006e-01 2.096606023755380119e-02
6.740982545734418574e-01 2.096813852510600457e-02
6.738736300300984805e-01 2.096793342178496916e-02
6.736490803366528279e-01 2.096739141330422954e-02
6.734246054681635174e-01 2.096597076548581060e-02
6.732002053996968272e-01 2.096865595200889457e-02
6.729758801063279172e-01 2.096886469022267788e-02
6.727516295631401633e-01 2.096875760846301021e-02
6.725274537452250456e-01 2.096751970031025467e-02
6.723033526276824823e-01 2.096813546313292670e-02
6.720793261856206069e-01 2.096973083855923140e-02
6.718553743941557688e-01 2.096856915133440621e-02
6.716314972284129770e-01 2.096870385235397732e-02
6.714076946635250120e-01 2.096859960389511196e-02
6.711839666746335364e-01 2.097118540068611259e-02
6.709603132368877620e-01 2.097060889806753523e-02
6.707367343254460046e-01 2.096850543393199290e-02
6.705132299154741293e-01 2.097394313075279584e-02
6.702897999821466613e-01 2.097105178109401682e-02
6.700664445006464520e-01 2.097081147362112041e-02
6.698431634461642359e-01 2.097175477118554815e-02
6.696199567938996289e-01 2.097386636542260957e-02
6.693968245190599076e-01 2.097170357420872003e-02
6.691737665968608972e-01 2.097510704001386700e-02
6.689507830025266388e-01 2.097505833426159538e-02
6.687278737112896110e-01 2.097209415622478326e-02
6.685050386983900639e-01 2.097147261520866668e-02
6.682822779390769075e-01 2.097651516379775427e-02
6.680595914086073783e-01 2.097636752691994788e-02
6.678369790822465957e-01 2.097655631570327292e-02
6.676144409352681164e-01 2.097199893965476236e-02
6.673919769429538240e-01 2.097931434296514824e-02
6.671695870805934847e-01 2.097404226419214562e-02
6.669472713234856354e-01 2.097768673112714380e-02
6.667250296469365844e-01 2.097753600774025090e-02
6.665028620262610781e-01 2.097750673672028540e-02
6.662807684367821892e-01 2.098056768665093955e-02
6.660587488538308731e-01 2.097542136003824678e-02
6.658368032527465230e-01 2.098027559993172544e-02
6.656149316088768586e-01 2.098087764231804792e-02
6.653931338975777043e-01 2.097786862374002165e-02
6.651714100942128782e-01 2.097832751323815484e-02
6.649497601741547470e-01 2.097816043007651177e-02
6.647281841127837820e-01 2.098174680466768569e-02
6.645066818854886703e-01 2.097699788115256134e-02
6.642852534676659815e-01 2.098737788228775131e-02
6.640638988347210558e-01 2.098088769231733208e-02
6.638426179620670053e-01 2.098061750727690106e-02
6.636214108251252686e-01 2.097957305937046477e-02
6.634002773993253887e-01 2.098681619155189082e-02
6.631792176601052358e-01 2.098355755532039027e-02
6.629582315829110062e-01 2.098491360863531663e-02
6.627373191431965571e-01 2.098634142684734777e-02
6.625164803164244054e-01 2.098314493770554734e-02
6.622957150780649505e-01 2.098209061801060288e-02
6.620750234035970294e-01 2.098382346358682385e-02
6.618544052685074730e-01 2.098524553150503749e-02
6.616338606482913276e-01 2.098264478169867275e-02
6.614133895184518552e-01 2.099318624589887813e-02
6.611929918545003115e-01 2.098910051537259194e-02
6.609726676319562788e-01 2.098213524997216695e-02
6.607524168263474440e-01 2.098820315741482812e-02
6.605322394132097097e-01 2.098180753560643930e-02
6.603121353680868610e-01 2.099293164411775506e-02
6.600921046665313430e-01 2.099177222980277979e-02
6.598721472841032609e-01 2.099184221605316855e-02
6.596522631963710470e-01 2.098729431431555284e-02
6.594324523789114600e-01 2.098595517109972525e-02
6.592127148073089193e-01 2.098528615073765036e-02
6.589930504571565040e-01 2.098673640538492244e-02
6.587734593040550646e-01 2.099973120188546732e-02
6.585539413236138895e-01 2.099525617798683394e-02
6.583344964914500386e-01 2.099311958832360964e-02
6.581151247831888984e-01 2.098671288450315586e-02
6.578958261744640712e-01 2.098736363723361503e-02
6.576766006409170418e-01 2.100368489729590241e-02
6.574574481581976215e-01 2.100283411704736980e-02
6.572383687019635046e-01 2.099322016498531701e-02
6.570193622478808226e-01 2.099628044635117735e-02
6.568004287716235901e-01 2.099351657895354856e-02
6.565815682488740368e-01 2.099798046173211030e-02
6.563627806553221644e-01 2.099286464598680568e-02
6.561440659666665232e-01 2.099102111241756691e-02
6.559254241586136569e-01 2.099841040032392886e-02
6.557068552068779921e-01 2.099378927993088978e-02
6.554883590871821708e-01 2.100008375847777289e-02
6.552699357752570508e-01 2.099097067642907710e-02
6.550515852468414835e-01 2.099576339958466112e-02
6.548333074776822027e-01 2.099028638795681634e-02
6.546151024435341581e-01 2.099634083090278630e-02
6.543969701201608480e-01 2.099335638870351156e-02
6.541789104833329871e-01 2.098904999145267264e-02
6.539609235088300609e-01 2.099444772109335805e-02
6.537430091724391046e-01 2.099517782061988483e-02
6.535251674499558128e-01 2.099606302860176910e-02
6.533073983171833188e-01 2.099115622662844211e-02
6.530897017499333046e-01 2.099288700148760345e-02
6.528720777240252238e-01 2.099516682275864160e-02
6.526545262152868565e-01 2.099800566156025464e-02
6.524370471995536436e-01 2.100341257123534977e-02
6.522196406526693524e-01 2.100636361878331637e-02
6.520023065504857440e-01 2.101798273388436750e-02
6.517850448688627951e-01 2.101454231963159960e-02
6.515678555836681429e-01 2.100707764079965539e-02
6.513507386707778624e-01 2.099710254980122898e-02
6.511336941060757999e-01 2.099530999471140372e-02
6.509167218654539067e-01 2.099258005579589942e-02
6.506998219248123494e-01 2.099307729412875495e-02
6.504829942600589554e-01 2.099895988062827276e-02
6.502662388471098787e-01 2.099421834658642474e-02
6.500495556618891557e-01 2.099586960110597783e-02
6.498329446803290388e-01 2.100222192374526578e-02
6.496164058783695516e-01 2.099597205310770390e-02
6.493999392319588226e-01 2.100373306199071477e-02
6.491835447170529738e-01 2.100471591643048724e-02
6.489672223096164538e-01 2.100262196610270041e-02
6.487509719856212609e-01 2.100288337734495733e-02
6.485347937210474978e-01 2.101190203595230607e-02
6.483186874918834830e-01 2.100112668827463711e-02
6.481026532741254176e-01 2.101023710399101824e-02
6.478866910437773852e-01 2.100514535767272414e-02
6.476708007768517961e-01 2.102095048900683508e-02
6.474549824493686101e-01 2.101338826465214485e-02
6.472392360373561138e-01 2.100647268142512292e-02
6.470235615168504761e-01 2.101647083730493956e-02
6.468079588638957489e-01 2.102256836855225658e-02
6.465924280545443104e-01 2.102975646814670210e-02
6.463769690648558663e-01 2.099988566256066891e-02
6.461615818708988934e-01 2.101973885186876959e-02
6.459462664487493067e-01 2.101304889246551066e-02
6.457310227744910147e-01 2.100469877443763081e-02
6.455158508242163640e-01 2.101925677716849974e-02
6.453007505740249172e-01 2.100580950062214472e-02
6.450857220000248970e-01 2.100580700299242362e-02
6.448707650783320755e-01 2.100246477562770983e-02
6.446558797850702183e-01 2.100886806292140765e-02
6.444410660963714177e-01 2.100785695006727322e-02
6.442263239883753156e-01 2.100737377370754874e-02
6.440116534372294366e-01 2.100550308256781198e-02
6.437970544190897426e-01 2.100021063542321237e-02
6.435825269101196344e-01 2.100490627161247931e-02
6.433680708864908393e-01 2.100687255928092995e-02
6.431536863243826341e-01 2.100143245780008994e-02
6.429393731999826223e-01 2.100096140846850062e-02
6.427251314894860679e-01 2.100493488856027685e-02
6.425109611690963396e-01 2.100217315265999474e-02
6.422968622150245777e-01 2.100327504792150191e-02
6.420828346034901379e-01 2.100391012163653481e-02
6.418688783107198148e-01 2.100368162836762156e-02
6.416549933129487293e-01 2.100350135151932834e-02
6.414411795864198851e-01 2.100362101680060961e-02
6.412274371073840573e-01 2.100276780698788481e-02
6.410137658521000148e-01 2.100663786220311260e-02
6.408001657968342979e-01 2.100429802472457419e-02
6.405866369178616626e-01 2.100428392903056288e-02
6.403731791914645255e-01 2.100391859693469948e-02
6.401597925939331857e-01 2.100567225977162736e-02
6.399464771015658249e-01 2.100443027338426069e-02
6.397332326906689515e-01 2.100532981668979185e-02
6.395200593375564013e-01 2.100743369407434558e-02
6.393069570185502259e-01 2.100622702496549379e-02
6.390939257099801374e-01 2.100633794699722015e-02
6.388809653881840633e-01 2.100660594777377377e-02
6.386680760295074810e-01 2.100745469567023849e-02
6.384552576103039723e-01 2.100939530747999995e-02
6.382425101069350015e-01 2.100776381876784393e-02
6.380298334957696937e-01 2.100892322720917041e-02
6.378172277531852785e-01 2.100670534452974553e-02
6.376046928555667570e-01 2.100762238261624781e-02
6.373922287793069019e-01 2.101115253999688570e-02
6.371798355008065906e-01 2.100789692038108891e-02
6.369675129964743610e-01 2.100874305557180396e-02
6.367552612427268555e-01 2.100756405277448904e-02
6.365430802159880441e-01 2.100813472283259362e-02
6.363309698926904456e-01 2.100979798941242371e-02
6.361189302492740172e-01 2.100933687012955520e-02
6.359069612621864875e-01 2.100910998398547794e-02
6.356950629078839121e-01 2.100949081032344942e-02
6.354832351628295628e-01 2.100992561714637788e-02
6.352714780034950381e-01 2.101071988870181068e-02
6.350597914063595972e-01 2.100977652243545338e-02
6.348481753479101597e-01 2.101191378958698966e-02
6.346366298046419718e-01 2.101102546695675019e-02
6.344251547530576074e-01 2.101203624697113581e-02
6.342137501696675228e-01 2.101186115559438780e-02
6.340024160309905010e-01 2.101271448454125959e-02
6.337911523135526526e-01 2.101274217773647576e-02
6.335799589938879706e-01 2.101387466900943302e-02
6.333688360485384417e-01 2.101474526573200025e-02
6.331577834540537131e-01 2.101321859478182466e-02
6.329468011869913147e-01 2.101478443618616174e-02
6.327358892239166588e-01 2.101467033441686491e-02
6.325250475414028184e-01 2.101674202075273779e-02
6.323142761160307490e-01 2.101552230277572639e-02
6.321035749243891777e-01 2.101581592489623965e-02
6.318929439430748252e-01 2.101661960868861367e-02
6.316823831486918506e-01 2.101542896432620836e-02
6.314718925178526288e-01 2.101622986495316897e-02
6.312614720271768620e-01 2.101563293610992852e-02
6.310511216532923573e-01 2.101615742582865765e-02
6.308408413728348041e-01 2.101638917591472366e-02
6.306306311624472194e-01 2.101687004875917378e-02
6.304204909987808358e-01 2.101682307579027381e-02
6.302104208584947687e-01 2.101704148066198263e-02
6.300004207182552385e-01 2.101822740568387582e-02
6.297904905547370147e-01 2.101772302369349019e-02
6.295806303446220831e-01 2.101900539887940553e-02
6.293708400646004231e-01 2.101905868736363495e-02
6.291611196913698967e-01 2.101926049614685071e-02
6.289514692016360264e-01 2.101931982581869973e-02
6.287418885721118844e-01 2.102078476925726969e-02
6.285323777795186473e-01 2.102033806365252028e-02
6.283229368005851523e-01 2.102182305400599263e-02
6.281135656120477861e-01 2.102005314152139565e-02
6.279042641906508182e-01 2.102537178528015097e-02
6.276950325131464004e-01 2.102279622751149907e-02
6.274858705562942340e-01 2.102411338256641310e-02
6.272767782968619033e-01 2.102438191409307724e-02
6.270677557116246525e-01 2.102382957086824586e-02
6.268588027773654980e-01 2.102815358646642485e-02
6.266499194708751164e-01 2.102495386125012231e-02
6.264411057689520668e-01 2.102435083091084775e-02
6.262323616484026800e-01 2.102530405610580563e-02
6.260236870860406144e-01 2.102654889269287355e-02
6.258150820586877439e-01 2.102651118960970414e-02
6.256065465431732697e-01 2.102528645749528538e-02
6.253980805163343870e-01 2.102519614750591667e-02
6.251896839550160623e-01 2.102595725360686951e-02
6.249813568360705895e-01 2.102666724329019243e-02
6.247730991363584785e-01 2.102699618712841959e-02
6.245649108327474552e-01 2.102635858712988831e-02
6.243567919021134616e-01 2.102662189243918386e-02
6.241487423213395447e-01 2.102716720929702007e-02
6.239407620673171895e-01 2.102750690612296622e-02
6.237328511169447642e-01 2.102788007269059192e-02
6.235250094471289639e-01 2.102782991030429510e-02
6.233172370347840330e-01 2.102835694682995277e-02
6.231095338568317654e-01 2.102856898619567816e-02
6.229018998902016158e-01 2.102917431732581957e-02
6.226943351118310321e-01 2.102947831058195327e-02
6.224868394986646791e-01 2.102988919910652246e-02
6.222794130276554370e-01 2.103024002304283019e-02
6.220720556757635133e-01 2.103048870358599151e-02
6.218647674199567765e-01 2.103097684285873056e-02
6.216575482372109773e-01 2.103114049408584887e-02
6.214503981045095271e-01 2.103168497980227591e-02
6.212433169988431647e-01 2.103197539670802196e-02
6.210363048972107336e-01 2.103248379711350480e-02
6.208293617766185157e-01 2.103274463120836241e-02
6.206224876140803426e-01 2.103349114253760463e-02
6.204156823866181503e-01 2.103384723112590102e-02
6.202089460712610913e-01 2.103407066390688279e-02
6.200022786450458678e-01 2.103469873556141484e-02
6.197956800850176196e-01 2.103494395339797901e-02
6.195891503682281476e-01 2.103534201503334811e-02
6.193826894717374687e-01 2.103571386721536998e-02
6.191762973726132602e-01 2.103616114857660702e-02
6.189699740479305268e-01 2.103659138785608090e-02
6.187637194747722669e-01 2.103687043848617017e-02
6.185575336302289173e-01 2.103758932424723560e-02
6.183514164913983535e-01 2.103829003480259599e-02
6.181453680353865554e-01 2.103831134850158227e-02
6.179393882393067194e-01 2.103881968986042947e-02
6.177334770802799246e-01 2.103930800715493599e-02
6.175276345354346885e-01 2.103970027861541345e-02
6.173218605819074112e-01 2.104016685450699198e-02
6.171161551968417092e-01 2.104062827027897847e-02
6.169105183573891926e-01 2.104128169986965377e-02
6.167049500407089102e-01 2.104169056805039323e-02
6.164994502239675711e-01 2.104202397084963677e-02
6.162940188843394340e-01 2.104260053443265943e-02
6.160886559990064182e-01 2.104276447511696513e-02
6.158833615451579924e-01 2.104325479004523838e-02
6.156781354999911748e-01 2.104390610786292456e-02
6.154729778407109775e-01 2.104459472345949350e-02
6.152678885445294066e-01 2.104475717291334064e-02
6.150628675886664620e-01 2.104569665947312804e-02
6.148579149503496932e-01 2.104634088524915542e-02
6.146530306068139771e-01 2.104664974546341036e-02
6.144482145353021840e-01 2.104696083618139146e-02
6.142434667130645121e-01 2.104756972241929661e-02
6.140387871173585976e-01 2.104786808937849155e-02
6.138341757254500708e-01 2.104829856814143321e-02
6.136296325146118891e-01 2.104916986196631035e-02
6.134251574621244485e-01 2.104965581746902695e-02
6.132207505452760277e-01 2.105026281371644853e-02
6.130164117413621216e-01 2.105043279441049311e-02
6.128121410276862191e-01 2.105153774189598426e-02
6.126079383815590251e-01 2.105173058353782337e-02
6.124038037802987944e-01 2.105229801981593762e-02
6.121997372012316641e-01 2.105295307276956740e-02
6.119957386216910988e-01 2.105355778740322648e-02
6.117918080190181129e-01 2.105445239673402885e-02
6.115879453705611590e-01 2.105510137298215526e-02
6.113841506536765724e-01 2.105553912189155052e-02
6.111804238457280158e-01 2.105565805887643638e-02
6.109767649240865905e-01 2.105647377677936916e-02
6.107731738661311693e-01 2.105778770473334602e-02
6.105696506492480635e-01 2.105804489819229283e-02
6.103661952508311339e-01 2.105808275134556096e-02
6.101628076482815688e-01 2.105851514799429031e-02
6.099594878190085501e-01 2.106019108811506280e-02
6.097562357404283651e-01 2.106150872103097760e-02
6.095530513899649616e-01 2.106142192783993020e-02
6.093499347450499481e-01 2.106224547482880849e-02
6.091468857831222605e-01 2.106317723736673281e-02
6.089439044816282731e-01 2.106277223379698221e-02
6.087409908180222429e-01 2.106371270854905456e-02
6.085381447697656432e-01 2.106574241505365652e-02
6.083353663143274970e-01 2.106526317236114693e-02
6.081326554291843767e-01 2.106582322954070677e-02
6.079300120918204042e-01 2.106668922659700113e-02
6.077274362797270291e-01 2.106869094774935919e-02
6.075249279704035832e-01 2.106907062922025106e-02
6.073224871413563930e-01 2.106880066336418514e-02
6.071201137700996675e-01 2.107077611478479218e-02
6.069178078341550542e-01 2.107186681620861618e-02
6.067155693110511949e-01 2.107122018805038244e-02
6.065133981783250583e-01 2.107303067993190893e-02
6.063112944135204962e-01 2.107436472516200851e-02
6.061092579941890213e-01 2.107369998674252232e-02
6.059072888978896954e-01 2.107534682455476302e-02
6.057053871021890190e-01 2.107935044293029678e-02
6.055035525846607092e-01 2.107531453828928245e-02
6.053017853228864764e-01 2.107808290258235059e-02
6.051000852944548036e-01 2.107868085456460552e-02
6.048984524769623894e-01 2.107965001586901629e-02
6.046968868480130377e-01 2.108134289069771641e-02
6.044953883852178800e-01 2.108552846299980438e-02
6.042939570661958193e-01 2.108256875631480537e-02
6.040925928685729751e-01 2.108543524207923126e-02
6.038912957699830164e-01 2.108287929895121329e-02
6.036900657480668286e-01 2.108625891939747143e-02
6.034889027804734019e-01 2.108616211927936968e-02
6.032878068448583875e-01 2.109080167567340541e-02
6.030867779188854305e-01 2.108834652437154011e-02
6.028858159802251704e-01 2.109247495312593229e-02
6.026849210065563511e-01 2.109137533616627092e-02
6.024840929755643781e-01 2.109298014329779800e-02
6.022833318649428724e-01 2.109411213180658468e-02
6.020826376523918944e-01 2.109645431498423027e-02
6.018820103156199419e-01 2.109360924495859435e-02
6.016814498323425076e-01 2.110476825192848446e-02
6.014809561802823001e-01 2.109885321128143407e-02
6.012805293371699111e-01 2.109985435709233956e-02
6.010801692807430374e-01 2.110238565719408516e-02
6.008798759887465923e-01 2.110324826068804560e-02
6.006796494389337049e-01 2.110468606870255504e-02
6.004794896090638323e-01 2.110692080338847157e-02
6.002793964769050916e-01 2.110644544998098449e-02
6.000793700202314840e-01 2.111113471818873086e-02
5.998794102168258924e-01 2.111109318588644604e-02
5.996795170444776391e-01 2.111412758970403203e-02
5.994796904809839289e-01 2.111323493274899765e-02
5.992799305041491831e-01 2.111747797032633572e-02
5.990802370917852615e-01 2.112050130075948315e-02
5.988806102217113514e-01 2.111754499116468703e-02
5.986810498717540785e-01 2.111981222324153806e-02
5.984815560197473960e-01 2.112003352125621514e-02
5.982821286435328068e-01 2.112408296263041524e-02
5.980827677209591409e-01 2.112338738423908541e-02
5.978834732298824450e-01 2.113204353784757517e-02
5.976842451481663154e-01 2.112962214420798304e-02
5.974850834536818978e-01 2.113126824750780758e-02
5.972859881243069990e-01 2.113217665578346130e-02
5.970869591379276420e-01 2.113975365703002832e-02
5.968879964724367326e-01 2.113894720235032221e-02
5.966891001057348376e-01 2.114060124292476556e-02
5.964902700157296289e-01 2.114435722245484178e-02
5.962915061803359951e-01 2.114275085793480141e-02
5.960928085774769292e-01 2.114913165611073328e-02
5.958941771850817526e-01 2.115189173164763042e-02
5.956956119810880024e-01 2.115135444446257854e-02
5.954971129434402100e-01 2.115477607079513378e-02
5.952986800500902342e-01 2.115988500584551832e-02
5.951003132789970396e-01 2.116556772802160452e-02
5.949020126081275839e-01 2.117152178202617516e-02
5.947037780154557085e-01 2.117577798106062142e-02
5.945056094789628043e-01 2.117838025964444842e-02
5.943075069766371454e-01 2.118095262891779573e-02
5.941094704864751108e-01 2.118079509024472368e-02
5.939114999864794076e-01 2.118614552901195922e-02
5.937135954546611805e-01 2.119134936655418799e-02
5.935157568690382357e-01 2.119726607641964425e-02
5.933179842076354849e-01 2.120408293522128146e-02
5.931202774484860551e-01 2.121195804153563555e-02
5.929226365696294021e-01 2.122073812453420527e-02
5.927250615491130858e-01 2.123131076350057850e-02
5.925275523649913278e-01 2.124458005764446114e-02
5.923301089953262322e-01 2.125492026950872443e-02
5.921327314181867862e-01 2.127291181498205258e-02
5.919354196116495270e-01 2.129490584917377929e-02
5.917381735537982079e-01 2.131849831531168124e-02
5.915409932227239098e-01 2.134735113825276392e-02
5.913438785965250410e-01 2.138459516128614693e-02
5.911468296533072264e-01 2.143100835744414512e-02
5.909498463711833072e-01 2.147971684039347642e-02
5.907529287282740071e-01 2.154689647515890469e-02
5.905560767027063784e-01 2.163523917304878072e-02
5.903592902726154668e-01 2.173665402488290585e-02
5.901625694161434232e-01 2.190928270464025801e-02
5.899659141114395045e-01 2.226975793940448242e-02
5.897693243366606275e-01 2.284772430726768333e-02
5.895728000699705929e-01 2.239073052106165668e-02
5.893763412895407505e-01 2.247838677927767315e-02
5.891799479735494449e-01 2.295362530190836470e-02
5.889836201001826810e-01 2.256882224246048452e-02
5.887873576476334581e-01 2.213297289858062733e-02
5.885911605941021030e-01 2.187967776270174219e-02
5.883950289177960480e-01 2.174803026747072765e-02
5.881989625969303859e-01 2.163208134063865362e-02
5.880029616097270928e-01 2.153518041000800076e-02
5.878070259344155835e-01 2.146352164419719141e-02
5.876111555492323779e-01 2.141039132056664698e-02
5.874153504324216568e-01 2.136673359311796680e-02
5.872196105622341511e-01 2.133470219859071731e-02
5.870239359169285853e-01 2.130726417432135533e-02
5.868283264747701233e-01 2.128707104080275817e-02
5.866327822140321446e-01 2.126992090992121942e-02
5.864373031129944680e-01 2.125509655339161141e-02
5.862418891499444618e-01 2.124360210147689665e-02
5.860465403031767107e-01 2.123408809100209294e-02
5.858512565509929049e-01 2.122412790872101745e-02
5.856560378717023951e-01 2.121553178133278941e-02
5.854608842436210825e-01 2.120865979891767977e-02
5.852657956450727506e-01 2.120187641165485748e-02
5.850707720543878443e-01 2.119591475742436254e-02
5.848758134499045802e-01 2.119103362969384369e-02
5.846809198099679472e-01 2.118748540528345159e-02
5.844860911129302616e-01 2.118416385688497508e-02
5.842913273371509453e-01 2.118118334672702482e-02
5.840966284609974135e-01 2.117983972080096991e-02
5.839019944628429659e-01 2.117597714850178239e-02
5.837074253210693398e-01 2.117328425223179503e-02
5.835129210140646006e-01 2.117026168253772350e-02
5.833184815202244744e-01 2.116811365936170294e-02
5.831241068179517928e-01 2.116608785414866509e-02
5.829297968856566037e-01 2.116475147672582449e-02
5.827355517017559494e-01 2.116232080408961269e-02
5.825413712446743109e-01 2.115966670856265011e-02
5.823472554928433853e-01 2.115749745445308708e-02
5.821532044247017534e-01 2.115524504795615254e-02
5.819592180186954344e-01 2.115324098340557596e-02
5.817652962532777750e-01 2.115386994519230512e-02
5.815714391069086719e-01 2.114988914974934991e-02
5.813776465580559050e-01 2.114875941037001536e-02
5.811839185851941370e-01 2.114723719866147891e-02
5.809902551668052473e-01 2.114441479940603469e-02
5.807966562813781097e-01 2.114370483425350930e-02
5.806031219074089256e-01 2.114508553275133360e-02
5.804096520234010015e-01 2.114087831929590752e-02
5.802162466078649716e-01 2.113850789546250011e-02
5.800229056393185756e-01 2.113829326490839627e-02
5.798296290962864363e-01 2.113520584002240646e-02
5.796364169573005043e-01 2.113546481343490241e-02
5.794432692009001684e-01 2.113629083725027114e-02
5.792501858056317010e-01 2.113165148519154102e-02
5.790571667500482578e-01 2.112989146217584754e-02
5.788642120127106550e-01 2.113055001237860303e-02
5.786713215721865922e-01 2.112784725489360096e-02
5.784784954070508745e-01 2.112905920874113760e-02
5.782857334958855233e-01 2.112782928291487630e-02
5.780930358172796657e-01 2.112681913374415618e-02
5.779004023498297560e-01 2.112360531188391816e-02
5.777078330721390209e-01 2.112349155925465766e-02
5.775153279628180147e-01 2.112376209594591173e-02
5.773228870004845081e-01 2.112370492407122588e-02
5.771305101637631552e-01 2.112103523341014519e-02
5.769381974312860484e-01 2.112005616403920746e-02
5.767459487816921637e-01 2.111756003571003265e-02
5.765537641936275826e-01 2.111926636957845230e-02
5.763616436457456027e-01 2.111829774116649044e-02
5.761695871167065164e-01 2.111587157522568092e-02
5.759775945851781653e-01 2.111592514500941486e-02
5.757856660298349416e-01 2.111384098069644596e-02
5.755938014293583427e-01 2.111579542462715259e-02
5.754020007624376376e-01 2.111509772259573606e-02
5.752102640077683127e-01 2.111188605378836250e-02
5.750185911440535147e-01 2.111195059259555681e-02
5.748269821500036070e-01 2.111382386753460697e-02
5.746354370043353921e-01 2.111271410831911874e-02
5.744439556857733331e-01 2.111020852318374469e-02
5.742525381730489986e-01 2.110835037193424177e-02
5.740611844449006185e-01 2.110884423386142836e-02
5.738698944800740831e-01 2.110897097457678159e-02
5.736786682573215002e-01 2.110852567491515799e-02
5.734875057554029709e-01 2.110656404373638384e-02
5.732964069530852580e-01 2.110482813022348386e-02
5.731053718291420074e-01 2.110911350068019054e-02
5.729144003623546366e-01 2.110655162866671014e-02
5.727234925315106695e-01 2.110301088571303607e-02
5.725326483154055124e-01 2.110369392189643048e-02
5.723418676928412330e-01 2.110329475997977863e-02
5.721511506426271154e-01 2.110435367607414736e-02
5.719604971435791052e-01 2.110317959313485342e-02
5.717699071745209194e-01 2.110091341079657276e-02
5.715793807142829364e-01 2.110059472288869017e-02
5.713889177417021958e-01 2.110088470869343064e-02
5.711985182356236201e-01 2.109942213756860196e-02
5.710081821748985709e-01 2.109899047277339831e-02
5.708179095383857371e-01 2.109856910260799259e-02
5.706277003049506913e-01 2.109829278926200410e-02
5.704375544534662223e-01 2.109796083774098663e-02
5.702474719628118915e-01 2.109834467934783644e-02
5.700574528118746986e-01 2.110135081208165328e-02
5.698674969795480827e-01 2.109780360965037710e-02
5.696776044447330323e-01 2.109727610944667556e-02
5.694877751863376414e-01 2.110087619049292110e-02
5.692980091832764433e-01 2.109719000598139077e-02
5.691083064144715209e-01 2.110195745484183191e-02
5.689186668588520623e-01 2.110022889602794841e-02
5.687290904953534731e-01 2.109908844309680426e-02
5.685395773029191524e-01 2.110384369063049437e-02
5.683501272604989385e-01 2.110351481006259716e-02
5.681607403470498863e-01 2.111017804623843697e-02
5.679714165415359339e-01 2.109474615458366634e-02
5.677821558229283472e-01 2.109455123772634513e-02
5.675929581702048310e-01 2.109613398784352875e-02
5.674038235623506399e-01 2.109239452178763782e-02
5.672147519783579117e-01 2.109191098953914698e-02
5.670257433972255567e-01 2.109158770627645244e-02
5.668367977979593686e-01 2.109232309324639287e-02
5.666479151595728014e-01 2.109025309863722317e-02
5.664590954610857487e-01 2.109071766001642187e-02
5.662703386815253204e-01 2.108970927391611017e-02
5.660816447999251766e-01 2.108929910604622968e-02
5.658930137953266382e-01 2.108906372932990714e-02
5.657044456467776872e-01 2.108893807121145492e-02
5.655159403333333001e-01 2.108834247535436648e-02
5.653274978340553369e-01 2.108792525770688750e-02
5.651391181280125409e-01 2.108789369312063372e-02
5.649508011942810937e-01 2.108748277311151692e-02
5.647625470119436164e-01 2.108715399747775748e-02
5.645743555600902797e-01 2.108694040759686791e-02
5.643862268178176933e-01 2.108681916679156637e-02
5.641981607642295726e-01 2.108667840196162824e-02
5.640101573784367384e-01 2.108641782342618454e-02
5.638222166395567836e-01 2.108600100229850866e-02
5.636343385267145178e-01 2.108588468463358165e-02
5.634465230190415230e-01 2.108561292532206560e-02
5.632587700956762644e-01 2.108543770683645943e-02
5.630710797357643127e-01 2.108527423481900559e-02
5.628834519184580110e-01 2.108497042363909404e-02
5.626958866229171408e-01 2.108480567618272947e-02
5.625083838283075899e-01 2.108480119111865933e-02
5.623209435138029066e-01 2.108460729318770849e-02
5.621335656585834117e-01 2.108427498665760638e-02
5.619462502418360872e-01 2.108401966471386974e-02
5.617589972427550205e-01 2.108375486356155529e-02
5.615718066405416264e-01 2.108361136484309881e-02
5.613846784144034263e-01 2.108337811770213607e-02
5.611976125435554907e-01 2.108338548216568201e-02
5.610106090072197738e-01 2.108291062647228015e-02
5.608236677846248908e-01 2.108290888050758788e-02
5.606367888550064515e-01 2.108267237536822630e-02
5.604499721976070603e-01 2.108253030882966186e-02
5.602632177916765377e-01 2.108235290232779099e-02
5.600765256164711436e-01 2.108224369708622953e-02
5.598898956512540215e-01 2.108201791363282368e-02
5.597033278752955310e-01 2.108180752608989836e-02
5.595168222678729153e-01 2.108161438994086631e-02
5.593303788082700789e-01 2.108156567816246371e-02
5.591439974757781428e-01 2.108129268877160026e-02
5.589576782496948892e-01 2.108123237049230880e-02
5.587714211093249839e-01 2.108089643069018318e-02
5.585852260339801978e-01 2.108096695620990946e-02
5.583990930029794075e-01 2.108076881222043994e-02
5.582130219956473738e-01 2.108058996649079045e-02
5.580270129913168509e-01 2.108048687112219072e-02
5.578410659693270324e-01 2.108041351818671152e-02
5.576551809090239953e-01 2.108013537710667906e-02
5.574693577897607000e-01 2.108026804307967447e-02
5.572835965908971012e-01 2.108014629038419685e-02
5.570978972917997041e-01 2.108019216375965968e-02
5.569122598718423411e-01 2.107968071713976072e-02
5.567266843104056173e-01 2.107951737341368093e-02
5.565411705868765768e-01 2.107954506256320276e-02
5.563557186806497024e-01 2.107936880894785078e-02
5.561703285711259159e-01 2.107905102798231234e-02
5.559850002377132450e-01 2.107899762005378472e-02
5.557997336598267113e-01 2.107889029217322255e-02
5.556145288168876650e-01 2.107914142453631498e-02
5.554293856883248948e-01 2.107867515871829009e-02
5.552443042535735174e-01 2.107859941992816510e-02
5.550592844920761992e-01 2.107859790016957530e-02
5.548743263832818240e-01 2.107848821877162174e-02
5.546894299066461587e-01 2.107876098663843609e-02
5.545045950416321867e-01 2.107842354722789732e-02
5.543198217677097750e-01 2.107791313073029832e-02
5.541351100643547856e-01 2.107806565980595639e-02
5.539504599110510741e-01 2.107799524141370021e-02
5.537658712872886024e-01 2.107798185240038549e-02
5.535813441725645490e-01 2.107841372868849913e-02
5.533968785463823092e-01 2.107769820778420539e-02
5.532124743882528284e-01 2.107753771332729689e-02
5.530281316776936018e-01 2.107771129338251170e-02
5.528438503942287863e-01 2.107700877764159125e-02
5.526596305173896440e-01 2.107795354292002835e-02
5.524754720267139874e-01 2.107783799609324812e-02
5.522913749017467344e-01 2.107685664794460914e-02
5.521073391220392423e-01 2.107696266620788517e-02
5.519233646671501958e-01 2.107658959164370252e-02
5.517394515166447189e-01 2.107714361200627856e-02
5.515555996500945968e-01 2.107735631566189788e-02
5.513718090470788313e-01 2.107696509110539365e-02
5.511880796871830857e-01 2.107659935550714597e-02
5.510044115499997952e-01 2.107657670982427192e-02
5.508208046151280568e-01 2.107652109500172954e-02
5.506372588621739617e-01 2.107640672834668744e-02
5.504537742707503734e-01 2.107697237999605136e-02
5.502703508204768168e-01 2.107666668061480841e-02
5.500869884909798113e-01 2.107628927296954086e-02
5.499036872618923155e-01 2.107597739435574866e-02
5.497204471128547265e-01 2.107640273056757274e-02
5.495372680235136587e-01 2.107664099728491849e-02
5.493541499735223876e-01 2.107604981562680516e-02
5.491710929425415166e-01 2.107579569833964439e-02
5.489880969102380881e-01 2.107571712477492726e-02
5.488051618562858058e-01 2.107638385735931263e-02
5.486222877603657011e-01 2.107554053380949338e-02
5.484394746021649114e-01 2.107561721156829201e-02
5.482567223613777907e-01 2.107517693416084345e-02
5.480740310177051322e-01 2.107551441925907543e-02
5.478914005508548346e-01 2.107706453397819105e-02
5.477088309405413469e-01 2.107474174359181066e-02
5.475263221664858904e-01 2.107559900044863460e-02
5.473438742084162367e-01 2.107465905105137052e-02
5.471614870460674851e-01 2.107558203156476365e-02
5.469791606591810629e-01 2.107512988447209426e-02
5.467968950275052809e-01 2.107522084640225946e-02
5.466146901307948891e-01 2.107650384516331077e-02
5.464325459488118542e-01 2.107598146196211150e-02
5.462504624613246929e-01 2.107454900026832847e-02
5.460684396481088054e-01 2.107551994209475726e-02
5.458864774889458094e-01 2.107543795227585434e-02
5.457045759636245386e-01 2.107425778542565756e-02
5.455227350519403773e-01 2.107364740107884812e-02
5.453409547336958152e-01 2.107403170928759395e-02
5.451592349886995592e-01 2.107394120797426162e-02
5.449775757967673107e-01 2.107431298804269063e-02
5.447959771377213212e-01 2.107443478535455175e-02
5.446144389913908368e-01 2.107374456819441008e-02
5.444329613376115429e-01 2.107539318203222739e-02
5.442515441562261191e-01 2.107419466035143421e-02
5.440701874270837957e-01 2.107382107923128772e-02
5.438888911300404638e-01 2.107465857745214471e-02
5.437076552449586764e-01 2.107511625542519626e-02
5.435264797517080915e-01 2.107424218443601158e-02
5.433453646301646955e-01 2.107355642045506336e-02
5.431643098602113584e-01 2.107396264098004152e-02
5.429833154217372782e-01 2.107417630517254697e-02
5.428023812946390914e-01 2.107348488820586299e-02
5.426215074588193188e-01 2.107388181266799804e-02
5.424406938941879197e-01 2.107405080628740185e-02
5.422599405806609596e-01 2.107369138106901865e-02
5.420792474981616094e-01 2.107381620322533802e-02
5.418986146266193682e-01 2.107340623414897043e-02
5.417180419459707297e-01 2.107367614035779782e-02
5.415375294361586267e-01 2.107440187015101676e-02
5.413570770771327645e-01 2.107408609772384520e-02
5.411766848488498427e-01 2.107324692530437166e-02
5.409963527312727782e-01 2.107429494829168165e-02
5.408160807043712603e-01 2.107455332388394331e-02
5.406358687481218617e-01 2.107297928401296108e-02
5.404557168425075941e-01 2.107458572099699459e-02
5.402756249675183531e-01 2.107444221995826220e-02
5.400955931031506951e-01 2.107319110351902822e-02
5.399156212294075052e-01 2.107272679182222233e-02
5.397357093262987737e-01 2.107287600909589151e-02
5.395558573738408192e-01 2.107254656262588788e-02
5.393760653520566217e-01 2.107258947748240005e-02
5.391963332409762666e-01 2.107217988120051178e-02
5.390166610206360565e-01 2.107217617406446572e-02
5.388370486710789553e-01 2.107202200004224327e-02
5.386574961723549215e-01 2.107180165684849338e-02
5.384780035045200197e-01 2.107170151106223244e-02
5.382985706476374199e-01 2.107162196573173982e-02
5.381191975817767315e-01 2.107140051964126112e-02
5.379398842870143360e-01 2.107160883981313085e-02
5.377606307434331656e-01 2.107169767448154041e-02
5.375814369311227026e-01 2.107142567135359204e-02
5.374023028301793126e-01 2.107133312721260962e-02
5.372232284207056896e-01 2.107143348597277990e-02
5.370442136828114110e-01 2.107133963213302097e-02
5.368652585966124935e-01 2.107127997839341668e-02
5.366863631422317260e-01 2.107128737402542626e-02
5.365075272997985589e-01 2.107116793188206286e-02
5.363287510494485488e-01 2.107128806580317246e-02
5.361500343713246908e-01 2.107104651544553300e-02
5.359713772455761971e-01 2.107101593644602339e-02
5.357927796523586084e-01 2.107099802310008485e-02
5.356142415718347927e-01 2.107094702960564045e-02
5.354357629841733912e-01 2.107094649737769124e-02
5.352573438695501507e-01 2.107095401897570233e-02
5.350789842081473680e-01 2.107083528390757757e-02
5.349006839801540014e-01 2.107076704978743178e-02
5.347224431657653376e-01 2.107088409481401581e-02
5.345442617451835465e-01 2.107071797034385657e-02
5.343661396986173484e-01 2.107066127626400220e-02
5.341880770062819028e-01 2.107065684924094850e-02
5.340100736483990307e-01 2.107061547301349730e-02
5.338321296051971032e-01 2.107059246853046006e-02
5.336542448569115971e-01 2.107060994136235668e-02
5.334764193837836510e-01 2.107064954010897523e-02
5.332986531660616203e-01 2.107055381693686072e-02
5.331209461840001884e-01 2.107050973723565562e-02
5.329432984178608113e-01 2.107047446371258792e-02
5.327657098479114950e-01 2.107050434901416164e-02
5.325881804544266851e-01 2.107067499640503938e-02
5.324107102176873774e-01 2.107065684106033607e-02
5.322332991179814510e-01 2.107034445958257465e-02
5.320559471356027803e-01 2.107051792183887648e-02
5.318786542508524562e-01 2.107030450959868073e-02
5.317014204440377867e-01 2.107036589098781193e-02
5.315242456954726302e-01 2.107020696789239228e-02
5.313471299854773955e-01 2.107032723324998164e-02
5.311700732943792636e-01 2.107031155640621406e-02
5.309930756025117438e-01 2.107013913292224774e-02
5.308161368902148958e-01 2.107033007120101206e-02
5.306392571378356626e-01 2.107042431412135819e-02
5.304624363257269826e-01 2.107039100719212271e-02
5.302856744342487882e-01 2.107004636938313372e-02
5.301089714437675626e-01 2.107000483339320149e-02
5.299323273346560059e-01 2.107025022290905797e-02
5.297557420872935907e-01 2.106997081395436608e-02
5.295792156820661178e-01 2.107000583828919429e-02
5.294027480993662715e-01 2.106987540613593224e-02
5.292263393195930643e-01 2.107008185267221848e-02
5.290499893231519479e-01 2.106973153122318823e-02
5.288736980904552576e-01 2.106995280979094207e-02
5.286974656019212127e-01 2.106982328069413254e-02
5.285212918379751379e-01 2.106982781439344088e-02
5.283451767790486864e-01 2.106970486540632112e-02
5.281691204055801725e-01 2.106976394170087877e-02
5.279931226980141279e-01 2.106966376455856813e-02
5.278171836368017455e-01 2.106991163917720788e-02
5.276413032024009908e-01 2.106974284205031384e-02
5.274654813752759352e-01 2.106986246815362174e-02
5.272897181358972007e-01 2.107004893399783488e-02
5.271140134647422926e-01 2.106992476692253966e-02
5.269383673422948222e-01 2.106953636768199925e-02
5.267627797490449515e-01 2.106972623278597842e-02
5.265872506654898366e-01 2.106949543787724893e-02
5.264117800721325180e-01 2.106947894071900529e-02
5.262363679494826973e-01 2.106938301441840453e-02
5.260610142780565157e-01 2.106948820138885431e-02
5.258857190383769975e-01 2.106933710840177415e-02
5.257104822109732734e-01 2.106937812096289914e-02
5.255353037763812463e-01 2.106946457477769374e-02
5.253601837151428144e-01 2.106941648207141110e-02
5.251851220078068705e-01 2.106953673083934372e-02
5.250101186349284133e-01 2.106935635258425782e-02
5.248351735770694360e-01 2.106945083592709836e-02
5.246602868147977050e-01 2.106947347486250177e-02
5.244854583286880922e-01 2.106952279785307552e-02
5.243106880993216867e-01 2.106940713477445035e-02
5.241359761072859058e-01 2.107006525947702213e-02
5.239613223331748282e-01 2.106967689438642502e-02
5.237867267575888608e-01 2.106966278302434270e-02
5.236121893611351830e-01 2.106996334511116245e-02
5.234377101244269692e-01 2.106938074038225070e-02
5.232632890280842775e-01 2.106985181681295463e-02
5.230889260527332718e-01 2.106929543881272057e-02
5.229146211790069998e-01 2.106911096208240186e-02
5.227403743875443931e-01 2.106926599847360262e-02
5.225661856589913778e-01 2.106916813004697936e-02
5.223920549739999863e-01 2.106927483548617572e-02
5.222179823132289123e-01 2.106903876629021358e-02
5.220439676573430665e-01 2.106912405669660732e-02
5.218700109870140214e-01 2.106905922840614231e-02
5.216961122829196773e-01 2.106908003798439039e-02
5.215222715257443742e-01 2.106898690668473906e-02
5.213484886961788911e-01 2.106904732806707745e-02
5.211747637749206685e-01 2.106896412779212316e-02
5.210010967426730311e-01 2.106900816176222879e-02
5.208274875801462978e-01 2.106897534208594311e-02
5.206539362680568939e-01 2.106895741617771309e-02
5.204804427871277950e-01 2.106897569241746385e-02
5.203070071180884160e-01 2.106899994412572003e-02
5.201336292416745000e-01 2.106893467688967375e-02
5.199603091386282294e-01 2.106891466877177863e-02
5.197870467896982261e-01 2.106889712717220295e-02
5.196138421756397729e-01 2.106889311253357794e-02
5.194406952772139263e-01 2.106904860282025199e-02
5.192676060751888478e-01 2.106899657206251150e-02
5.190945745503386943e-01 2.106891781479819023e-02
5.189216006834441730e-01 2.106894450922007500e-02
5.187486844552924303e-01 2.106897697377753398e-02
5.185758258466768300e-01 2.106890751870555897e-02
5.184030248383973971e-01 2.106898308323088345e-02
5.182302814112602629e-01 2.106899005725506452e-02
5.180575955460781090e-01 2.106904857339554626e-02
5.178849672236701673e-01 2.106896387877667254e-02
5.177123964248618870e-01 2.106913441731026598e-02
5.175398831304849345e-01 2.106907717493018001e-02
5.173674273213778596e-01 2.106903471337629591e-02
5.171950289783850963e-01 2.106909414055388452e-02
5.170226880823575177e-01 2.106932341159436020e-02
5.168504046141527697e-01 2.106917422615505603e-02
5.166781785546344929e-01 2.106910602076261796e-02
5.165060098846729897e-01 2.106916935674529173e-02
5.163338985851444463e-01 2.106922490302264375e-02
5.161618446369322655e-01 2.106924956423099696e-02
5.159898480209251792e-01 2.106920896182414016e-02
5.158179087180191358e-01 2.106926805177680717e-02
5.156460267091160787e-01 2.106938655850193812e-02
5.154742019751243909e-01 2.106939344329213093e-02
5.153024344969586723e-01 2.106946729067338958e-02
5.151307242555401844e-01 2.106927353233190719e-02
5.149590712317961838e-01 2.106951020699537533e-02
5.147874754066604774e-01 2.106938904411198230e-02
5.146159367610734225e-01 2.106981718150539862e-02
5.144444552759813716e-01 2.106937325025788968e-02
5.142730309323373383e-01 2.106964316416510066e-02
5.141016637111002208e-01 2.106942373309978953e-02
5.139303535932358002e-01 2.106984693396289979e-02
5.137591005597158533e-01 2.106958175688013191e-02
5.135879045915187069e-01 2.106976295817760206e-02
5.134167656696287940e-01 2.106977261155731224e-02
5.132456837750370982e-01 2.106977076536190388e-02
5.130746588887408199e-01 2.106961020317520486e-02
5.129036909917433773e-01 2.107018340792767702e-02
5.127327800650550715e-01 2.106991770057741603e-02
5.125619260896917551e-01 2.106962800951497558e-02
5.123911290466762747e-01 2.106992913729510350e-02
5.122203889170372504e-01 2.107006472945388911e-02
5.120497056818098525e-01 2.106981204339112082e-02
5.118790793220358015e-01 2.107016260224969795e-02
5.117085098187629244e-01 2.107048433154769251e-02
5.115379971530451542e-01 2.106948137006660685e-02
5.113675413059430852e-01 2.107056994053893226e-02
5.111971422585236402e-01 2.106989332870912168e-02
5.110267999918596260e-01 2.107029115243023304e-02
5.108565144870306218e-01 2.107034734336274764e-02
5.106862857251220911e-01 2.106993406014224385e-02
5.105161136872263805e-01 2.107002392209835970e-02
5.103459983544414991e-01 2.107056912561739229e-02
5.101759397078722280e-01 2.106999785038258036e-02
5.100059377286293438e-01 2.107039775324965475e-02
5.098359923978299513e-01 2.107053081009940820e-02
5.096661036965978164e-01 2.107041000283752311e-02
5.094962716060622565e-01 2.107026191410457314e-02
5.093264961073599162e-01 2.107139894000400679e-02
5.091567771816326582e-01 2.106981369254632905e-02
5.089871148100293397e-01 2.107002230062427622e-02
5.088175089737045909e-01 2.107075030118223113e-02
5.086479596538200365e-01 2.107052114764269499e-02
5.084784668315428524e-01 2.107065003228807132e-02
5.083090304880467647e-01 2.107088955759618340e-02
5.081396506045118278e-01 2.107049293712270899e-02
5.079703271621244243e-01 2.107077714497125956e-02
5.078010601420770431e-01 2.107096781051152196e-02
5.076318495255685015e-01 2.107063022934334978e-02
5.074626952938039448e-01 2.107080776658553506e-02
5.072935974279945137e-01 2.107117262526495005e-02
5.071245559093580102e-01 2.107044643586804614e-02
5.069555707191183425e-01 2.107094573873377272e-02
5.067866418385054139e-01 2.107180600544949350e-02
5.066177692487559003e-01 2.107037538015085407e-02
5.064489529311120286e-01 2.107012205833396629e-02
5.062801928668231310e-01 2.107057001451280789e-02
5.061114890371440911e-01 2.107068323961487286e-02
5.059428414233362314e-01 2.107115203414250404e-02
5.057742500066673141e-01 2.107084140205159675e-02
5.056057147684112074e-01 2.107045873113472939e-02
5.054372356898477747e-01 2.107027053146245249e-02
5.052688127522637629e-01 2.107027934012974807e-02
5.051004459369513588e-01 2.107002621886638893e-02
5.049321352252095219e-01 2.107018729353273001e-02
5.047638805983434285e-01 2.107020549202955409e-02
5.045956820376641394e-01 2.107004252706436501e-02
5.044275395244892657e-01 2.107064349573694803e-02
5.042594530401425246e-01 2.107047172905696791e-02
5.040914225659538506e-01 2.107045562483609094e-02
5.039234480832593954e-01 2.107087319834902508e-02
5.037555295734016392e-01 2.107050529952544937e-02
5.035876670177289460e-01 2.107120702228132761e-02
5.034198603975963415e-01 2.107074731617969432e-02
5.032521096943648464e-01 2.106929720390229160e-02
5.030844148894016987e-01 2.107062632671149668e-02
5.029167759640803537e-01 2.107027175109880968e-02
5.027491928997803727e-01 2.106946056923052202e-02
5.025816656778877567e-01 2.106953310514460970e-02
5.024141942797943905e-01 2.107007161438652354e-02
5.022467786868988204e-01 2.106878168912705226e-02
5.020794188806052549e-01 2.106823975138160873e-02
5.019121148423243417e-01 2.106764828626012803e-02
5.017448665534731678e-01 2.106726994739573436e-02
5.015776739954747043e-01 2.106692209075526970e-02
5.014105371497580288e-01 2.106644431504741191e-02
5.012434559977587689e-01 2.106641699540010709e-02
5.010764305209184366e-01 2.106592038632816577e-02
5.009094607006847610e-01 2.106563973100050377e-02
5.007425465185119107e-01 2.106544085249341738e-02
5.005756879558600492e-01 2.106527618967161258e-02
5.004088849941952244e-01 2.106500252394896688e-02
5.002421376149901455e-01 2.106457964678313741e-02
