9.089826947564526582e-01 2.095443493093501405e-02
9.086798014892895070e-01 2.096385069427549042e-02
9.083770091529053126e-01 2.096410851988662546e-02
9.080743177136673117e-01 2.095893358508181883e-02
9.077717271379546204e-01 2.096999928136006677e-02
9.074692373921571242e-01 2.094956527331930107e-02
9.071668484426761436e-01 2.097300113512193948e-02
9.068645602559242125e-01 2.092299810686641670e-02
9.065623727983247448e-01 2.097939992801289150e-02
9.062602860363124790e-01 2.095047174283178049e-02
9.059582999363336997e-01 2.093929649132354395e-02
9.056564144648452386e-01 2.096651181635967448e-02
9.053546295883158068e-01 2.094347351749745526e-02
9.050529452732245517e-01 2.094625887904049549e-02
9.047513614860624998e-01 2.093283918507498134e-02
9.044498781933312248e-01 2.096935179766753338e-02
9.041484953615441800e-01 2.095033185973056711e-02
9.038472129572250324e-01 2.092710217515447724e-02
9.035460309469092177e-01 2.092759299518721569e-02
9.032449492971436067e-01 2.098761577820971308e-02
9.029439679744852842e-01 2.094265668803117417e-02
9.026430869455034367e-01 2.099535733149807126e-02
9.023423061767776865e-01 2.091832877211577055e-02
9.020416256348993134e-01 2.102154794449481029e-02
9.017410452864704773e-01 2.097393969099206265e-02
9.014405650981044404e-01 2.097005901572508019e-02
9.011401850364256783e-01 2.100620728552783298e-02
9.008399050680695463e-01 2.100060484035130154e-02
9.005397251596829467e-01 2.096444454758939271e-02
9.002396452779235503e-01 2.106877904318615879e-02
8.999396653894603526e-01 2.092235151003245253e-02
8.996397854609731182e-01 2.094811399309554761e-02
8.993400054591534909e-01 2.107864827696319387e-02
8.990403253507032177e-01 2.110822576364760478e-02
8.987407451023357030e-01 2.097010180228341819e-02
8.984412646807754532e-01 2.101051093738351416e-02
8.981418840527576331e-01 2.093956041649259678e-02
8.978426031850293976e-01 2.095292214600415551e-02
8.975434220443477829e-01 2.106877349080926026e-02
8.972443405974819264e-01 2.104034089659275603e-02
8.969453588112115128e-01 2.096104398391925375e-02
8.966464766523272178e-01 2.103587562817555920e-02
8.963476940876312637e-01 2.098476001162332544e-02
8.960490110839365308e-01 2.097620051454713794e-02
8.957504276080671124e-01 2.103585582197389781e-02
8.954519436268580934e-01 2.100950661745022707e-02
8.951535591071557718e-01 2.095442694089108548e-02
8.948552740158169927e-01 2.100225507578572584e-02
8.945570883197104806e-01 2.097386339213284587e-02
8.942590019857152850e-01 2.103145292717123124e-02
8.939610149807215578e-01 2.094232758517246967e-02
8.936631272716307750e-01 2.101320518248123506e-02
8.933653388253557370e-01 2.100984944222193673e-02
8.930676496088194583e-01 2.102538074363473689e-02
8.927700595889563884e-01 2.101030593949507544e-02
8.924725687327120793e-01 2.102678168663509733e-02
8.921751770070429632e-01 2.103185852945293338e-02
8.918778843789167965e-01 2.103559954540975760e-02
8.915806908153114385e-01 2.098811791224326068e-02
8.912835962832170722e-01 2.099151685276726478e-02
8.909866007496337614e-01 2.097213455224759479e-02
8.906897041815731164e-01 2.093359232573153983e-02
8.903929065460577386e-01 2.092397798692109331e-02
8.900962078101209984e-01 2.091131039328785954e-02
8.897996079408073689e-01 2.093513621560604346e-02
8.895031069051723138e-01 2.089147512733708842e-02
8.892067046702820665e-01 2.088856058629053047e-02
8.889104012032142954e-01 2.092804677414679057e-02
8.886141964710571051e-01 2.091669318093550972e-02
8.883180904409100354e-01 2.091481344946951107e-02
8.880220830798833953e-01 2.089238375239619444e-02
8.877261743550982631e-01 2.089652754674094226e-02
8.874303642336870412e-01 2.089258990249638973e-02
8.871346526827927903e-01 2.090171604353230350e-02
8.868390396695696731e-01 2.090007555650816654e-02
8.865435251611823997e-01 2.089577807087658959e-02
8.862481091248074483e-01 2.089634828509517525e-02
8.859527915276315113e-01 2.089843160464523869e-02
8.856575723368524944e-01 2.088631533477770807e-02
8.853624515196791833e-01 2.089458460605480086e-02
8.850674290433312441e-01 2.088787114844811027e-02
8.847725048750396670e-01 2.089543743205371853e-02
8.844776789820454344e-01 2.088355607028493863e-02
8.841829513316015188e-01 2.088846574796598618e-02
8.838883218909712181e-01 2.089379998041839340e-02
8.835937906274285991e-01 2.088977141697499762e-02
8.832993575082592752e-01 2.090040166134537677e-02
8.830050225007588516e-01 2.089481913113240552e-02
8.827107855722347018e-01 2.089039390672301280e-02
8.824166466900046357e-01 2.089606858254825991e-02
8.821226058213974541e-01 2.090641096207369529e-02
8.818286629337528382e-01 2.088652984776656618e-02
8.815348179944212381e-01 2.090243712653783864e-02
8.812410709707643175e-01 2.089137391648906300e-02
8.809474218301542869e-01 2.089444947298742597e-02
8.806538705399741263e-01 2.089577754511668869e-02
8.803604170676182505e-01 2.089780431822434517e-02
8.800670613804912890e-01 2.089231081045542227e-02
8.797738034460093060e-01 2.088935615362984624e-02
8.794806432315986910e-01 2.089778096337954749e-02
8.791875807046970470e-01 2.089223519353635913e-02
8.788946158327528568e-01 2.089902087132510314e-02
8.786017485832249285e-01 2.090238409766515329e-02
8.783089789235837275e-01 2.089852382694205868e-02
8.780163068213099331e-01 2.090056686258509253e-02
8.777237322438952161e-01 2.089268798554335532e-02
8.774312551588423492e-01 2.089215437618179363e-02
8.771388755336643195e-01 2.090004717109110455e-02
8.768465933358855491e-01 2.090036758987227905e-02
8.765544085330412294e-01 2.089271626171147062e-02
8.762623210926768769e-01 2.090227585045474623e-02
8.759703309823493322e-01 2.090599031452087392e-02
8.756784381696260944e-01 2.089429018106359059e-02
8.753866426220853203e-01 2.090164182278002325e-02
8.750949443073162692e-01 2.090195989825766043e-02
8.748033431929185255e-01 2.089602756066196582e-02
8.745118392465028867e-01 2.090164599846381505e-02
8.742204324356910305e-01 2.089571060249161352e-02
8.739291227281148489e-01 2.090348730802791752e-02
8.736379100914176687e-01 2.090145547167756787e-02
8.733467944932532534e-01 2.090073068461172773e-02
8.730557759012860242e-01 2.089788514706947611e-02
8.727648542831916156e-01 2.090288664025117399e-02
8.724740296066559875e-01 2.089969329542293655e-02
8.721833018393762016e-01 2.089873499147282612e-02
8.718926709490596449e-01 2.089866514092760322e-02
8.716021369034252508e-01 2.090211731619786781e-02
8.713116996702017225e-01 2.090979475140962440e-02
8.710213592171293095e-01 2.090688145374402368e-02
8.707311155119585866e-01 2.089992974440813348e-02
8.704409685224511195e-01 2.089974663275613251e-02
8.701509182163787992e-01 2.090160590616715192e-02
8.698609645615250630e-01 2.090623373141492838e-02
8.695711075256831180e-01 2.090609926542674052e-02
8.692813470766574957e-01 2.090065988708692327e-02
8.689916831822632748e-01 2.090032090046513996e-02
8.687021158103264140e-01 2.090055666881519142e-02
8.684126449286834193e-01 2.090313755508736715e-02
8.681232705051816767e-01 2.091050104895650699e-02
8.678339925076791195e-01 2.090477640528319581e-02
8.675448109040443390e-01 2.090333231487442184e-02
8.672557256621569177e-01 2.090492648311115947e-02
8.669667367499069854e-01 2.090105417719235678e-02
8.666778441351951079e-01 2.090400695142233256e-02
8.663890477859329531e-01 2.090361741931262562e-02
8.661003476700429582e-01 2.090501692991204863e-02
8.658117437554576634e-01 2.090324089122527068e-02
8.655232360101210443e-01 2.090468758836501462e-02
8.652348244019868462e-01 2.091082475054206052e-02
8.649465088990204720e-01 2.090435054072750654e-02
8.646582894691974275e-01 2.090381034228923698e-02
8.643701660805038767e-01 2.090987699269166583e-02
8.640821387009368637e-01 2.090462899092971824e-02
8.637942072985039799e-01 2.090547613609736524e-02
8.635063718412234746e-01 2.090998866498607750e-02
8.632186322971243664e-01 2.090891374814487710e-02
8.629309886342463320e-01 2.091003143753952798e-02
8.626434408206392623e-01 2.091433944596031436e-02
8.623559888243644833e-01 2.091678336692075896e-02
8.620686326134932020e-01 2.091611323366182953e-02
8.617813721561078388e-01 2.090655128531739362e-02
8.614942074203010280e-01 2.091106011804447565e-02
8.612071383741761732e-01 2.091665349300370416e-02
8.609201649858474470e-01 2.091305758865175113e-02
8.606332872234395692e-01 2.090911143513452669e-02
8.603465050550879178e-01 2.091731969064891672e-02
8.600598184489381959e-01 2.092198642110953966e-02
8.597732273731469865e-01 2.091014276878996186e-02
8.594867317958817532e-01 2.091286873471185151e-02
8.592003316853199513e-01 2.092256330458691291e-02
8.589140270096499163e-01 2.091682277092948156e-02
8.586278177370708642e-01 2.091294266102355914e-02
8.583417038357923357e-01 2.091975804972265665e-02
8.580556852740341967e-01 2.090584327236747961e-02
8.577697620200274153e-01 2.092965671707954292e-02
8.574839340420133960e-01 2.092149987181263909e-02
8.571982013082438678e-01 2.091908218013441983e-02
8.569125637869815515e-01 2.091291453020696287e-02
8.566270214464992705e-01 2.093372382458337858e-02
8.563415742550808396e-01 2.092109653195385263e-02
8.560562221810205097e-01 2.092091133124852551e-02
8.557709651926229677e-01 2.093785133749540006e-02
8.554858032582034477e-01 2.093050104224918051e-02
8.552007363460880640e-01 2.093523104709195046e-02
8.549157644246131449e-01 2.093082293061998556e-02
8.546308874621255658e-01 2.092138304315759728e-02
8.543461054269833044e-01 2.092284688579277782e-02
8.540614182875541083e-01 2.094573685495397519e-02
8.537768260122164943e-01 2.093498940000290340e-02
8.534923285693600814e-01 2.092505274366214182e-02
8.532079259273842586e-01 2.093937707797800807e-02
8.529236180546991841e-01 2.093816371536625504e-02
8.526394049197258962e-01 2.093342734202269240e-02
8.523552864908955362e-01 2.093115657121799936e-02
8.520712627366499037e-01 2.093572038149960415e-02
8.517873336254415673e-01 2.094143790050853951e-02
8.515034991257328656e-01 2.093604808351447188e-02
8.512197592059974616e-01 2.095150835656147195e-02
8.509361138347192322e-01 2.095568830085554196e-02
8.506525629803922683e-01 2.093220624950687878e-02
8.503691066115216524e-01 2.094590321081097120e-02
8.500857446966227915e-01 2.096249095152115730e-02
8.498024772042213071e-01 2.093965647811931244e-02
8.495193041028535896e-01 2.094878969311288544e-02
8.492362253610665768e-01 2.093441870322335779e-02
8.489532409474173091e-01 2.095619055821166740e-02
8.486703508304737076e-01 2.096595346736699478e-02
8.483875549788141290e-01 2.092967572567412671e-02
8.481048533610270335e-01 2.095039862146838919e-02
8.478222459457117610e-01 2.095327146443874688e-02
8.475397327014777549e-01 2.096131757694727829e-02
8.472573135969454494e-01 2.096732259101336676e-02
8.469749886007451600e-01 2.094505140220277381e-02
8.466927576815179712e-01 2.096461450887606576e-02
8.464106208079152927e-01 2.097756379360524517e-02
8.461285779485990810e-01 2.092517369000737246e-02
8.458466290722416181e-01 2.095247108276241874e-02
8.455647741475256218e-01 2.098869093233976524e-02
8.452830131431445793e-01 2.097321455820179426e-02
8.450013460278019695e-01 2.097166769554694582e-02
8.447197727702118186e-01 2.094672631829662401e-02
8.444382933390987001e-01 2.098043558110141218e-02
8.441569077031975121e-01 2.095302131888064287e-02
8.438756158312538114e-01 2.095004620236441684e-02
8.435944176920230353e-01 2.098877916141116129e-02
8.433133132542715016e-01 2.095389134712014739e-02
8.430323024867758530e-01 2.100501109637029420e-02
8.427513853583230574e-01 2.094086426159201542e-02
8.424705618377104077e-01 2.095705144362982816e-02
8.421898318937458550e-01 2.100959848274514680e-02
8.419091954952473422e-01 2.097875406066151624e-02
8.416286526110435817e-01 2.097176474603637888e-02
8.413482032099734997e-01 2.094344985572724194e-02
8.410678472608865697e-01 2.097292044176801706e-02
8.407875847326422569e-01 2.101382250461803630e-02
8.405074155941107961e-01 2.098227369621085900e-02
8.402273398141727467e-01 2.097748564193347917e-02
8.399473573617188826e-01 2.100460609909537285e-02
8.396674682056501915e-01 2.097730892339168610e-02
8.393876723148785413e-01 2.094409050942545869e-02
8.391079696583255698e-01 2.095421680123667890e-02
8.388283602049239063e-01 2.104444811953580519e-02
8.385488439236159497e-01 2.098136872946169962e-02
8.382694207833547573e-01 2.098000846663074584e-02
8.379900907531037113e-01 2.099720550818878415e-02
8.377108538018362971e-01 2.099244110032470398e-02
8.374317098985368801e-01 2.097027473172903902e-02
8.371526590121994849e-01 2.096886311011937273e-02
8.368737011118287938e-01 2.099710300169325972e-02
8.365948361664399258e-01 2.099200308688713504e-02
8.363160641450582133e-01 2.099703941899799461e-02
8.360373850167190923e-01 2.100557770376910299e-02
8.357587987504688787e-01 2.098267962071815804e-02
8.354803053153637693e-01 2.101352450689113541e-02
8.352019046804702862e-01 2.100689049146277701e-02
8.349235968148652764e-01 2.096333785989028600e-02
8.346453816876360232e-01 2.096785719369276615e-02
8.343672592678799127e-01 2.098359215468224154e-02
8.340892295247049892e-01 2.102592011645028000e-02
8.338112924272291782e-01 2.098516159100549672e-02
8.335334479445809519e-01 2.101896341196178228e-02
8.332556960458989970e-01 2.099733838685650250e-02
8.329780367003321029e-01 2.096962962712011977e-02
8.327004698770397173e-01 2.095619162364590823e-02
8.324229955451912799e-01 2.101992652805118392e-02
8.321456136739664444e-01 2.098150826009013287e-02
8.318683242325555227e-01 2.098831114930488004e-02
8.315911271901589297e-01 2.096226785013844546e-02
8.313140225159867391e-01 2.102031578971269229e-02
8.310370101792602382e-01 2.098187471856451450e-02
8.307600901492105949e-01 2.101112875187532633e-02
8.304832623950788584e-01 2.096148451390109427e-02
8.302065268861166247e-01 2.103457819767776127e-02
8.299298835915860373e-01 2.100980850693562677e-02
8.296533324807590093e-01 2.105951155509007411e-02
8.293768735229181122e-01 2.099214541170041706e-02
8.291005066873555762e-01 2.104408578974575894e-02
8.288242319433744010e-01 2.098332246059363138e-02
8.285480492602875779e-01 2.098914138007312510e-02
8.282719586074185347e-01 2.099807530905053662e-02
8.279959599541003579e-01 2.098641493920251275e-02
8.277200532696770141e-01 2.100539827836387513e-02
8.274442385235024622e-01 2.098433787617547813e-02
8.271685156849407639e-01 2.097887936689827801e-02
8.268928847233663060e-01 2.096846512734434204e-02
8.266173456081634674e-01 2.099423163507212198e-02
8.263418983087272851e-01 2.100770089516499836e-02
8.260665427944623440e-01 2.095906495720220933e-02
8.257912790347839982e-01 2.099647221059423516e-02
8.255161069991177047e-01 2.098438709242056791e-02
8.252410266568985797e-01 2.097392873095787341e-02
8.249660379775727304e-01 2.099235280797459927e-02
8.246911409305957008e-01 2.100421779117589427e-02
8.244163354854338044e-01 2.102644083380026882e-02
8.241416216115632354e-01 2.101752941999265531e-02
8.238669992784704021e-01 2.105561769628177052e-02
8.235924684556518161e-01 2.103523268906957316e-02
8.233180291126142025e-01 2.110474374835941483e-02
8.230436812188745010e-01 2.117682671828377897e-02
8.227694247439597541e-01 2.103632507187275236e-02
8.224952596574073294e-01 2.099573253130085707e-02
8.222211859287643643e-01 2.096490708555602545e-02
8.219472035275884325e-01 2.101088578957872183e-02
8.216733124234473218e-01 2.100256522309578919e-02
8.213995125859184787e-01 2.100235028594064218e-02
8.211258039845902301e-01 2.100129455492984881e-02
8.208521865890604507e-01 2.099558851341573953e-02
8.205786603689374514e-01 2.101561475408129931e-02
8.203052252938394240e-01 2.102427561450080987e-02
8.200318813333948853e-01 2.101452311811166304e-02
8.197586284572424553e-01 2.098637590230700498e-02
8.194854666350307459e-01 2.101166558027219716e-02
8.192123958364184722e-01 2.101390940044882763e-02
8.189394160310747850e-01 2.099198797519728071e-02
8.186665271886786055e-01 2.097445052786965636e-02
8.183937292789188467e-01 2.101951505288853286e-02
8.181210222714948577e-01 2.103718604765244388e-02
8.178484061361160906e-01 2.101428211012466504e-02
8.175758808425021007e-01 2.099290409295560822e-02
8.173034463603818800e-01 2.100082486767312559e-02
8.170311026594951898e-01 2.102418468645229910e-02
8.167588497095920053e-01 2.105989760911362862e-02
8.164866874804317387e-01 2.105695675209761850e-02
8.162146159417844604e-01 2.098623539917630204e-02
8.159426350634298997e-01 2.103049135248538648e-02
8.156707448151582218e-01 2.105864982919626247e-02
8.153989451667691402e-01 2.101079530642343401e-02
8.151272360880732482e-01 2.109066956834790632e-02
8.148556175488901321e-01 2.100906242494993137e-02
8.145840895190503694e-01 2.104213165385133977e-02
8.143126519683941966e-01 2.109452256339406501e-02
8.140413048667719531e-01 2.098623710869390938e-02
8.137700481840438593e-01 2.106821846579626928e-02
8.134988818900803498e-01 2.109818248024859788e-02
8.132278059547620730e-01 2.109996137341919181e-02
8.129568203479794475e-01 2.100181664644738128e-02
8.126859250396326617e-01 2.102151140020406400e-02
8.124151199996328954e-01 2.110569996719614122e-02
8.121444051979000989e-01 2.102952383466598352e-02
8.118737806043653249e-01 2.097836905660783319e-02
8.116032461889689520e-01 2.108601314941799254e-02
8.113328019216617948e-01 2.106900427015598321e-02
8.110624477724041048e-01 2.104429440269612109e-02
8.107921837111670138e-01 2.102479260516705584e-02
8.105220097079309793e-01 2.103837473838637145e-02
8.102519257326866731e-01 2.104104250508850860e-02
8.099819317554348697e-01 2.104486661693647301e-02
8.097120277461861138e-01 2.100987231616489523e-02
8.094422136749609420e-01 2.100512087058205302e-02
8.091724895117903271e-01 2.104154917310389547e-02
8.089028552267147898e-01 2.101287303107008883e-02
8.086333107897848427e-01 2.100691050684589181e-02
8.083638561710609904e-01 2.101284822127683777e-02
8.080944913406140628e-01 2.098659525120151817e-02
8.078252162685244375e-01 2.099139297850723812e-02
8.075560309248828172e-01 2.097377960980552000e-02
8.072869352797894527e-01 2.100779719173897012e-02
8.070179293033550305e-01 2.098858870617668904e-02
8.067490129656997855e-01 2.099445844526806604e-02
8.064801862369539442e-01 2.098002064870203853e-02
8.062114490872582806e-01 2.099583319918501070e-02
8.059428014867626722e-01 2.097636324186716653e-02
8.056742434056273217e-01 2.097486609735263463e-02
8.054057748140226458e-01 2.098927725309895909e-02
8.051373956821284983e-01 2.096528900057718220e-02
8.048691059801350578e-01 2.096922922557521718e-02
8.046009056782422730e-01 2.098026595407558384e-02
8.043327947466599737e-01 2.098580876111791338e-02
8.040647731556080924e-01 2.097172121359063002e-02
8.037968408753162208e-01 2.097506012918086415e-02
8.035289978760242757e-01 2.097709990826020915e-02
8.032612441279814997e-01 2.097746893038528529e-02
8.029935796014475713e-01 2.098516953485769776e-02
8.027260042666919393e-01 2.097759213951394530e-02
8.024585180939940443e-01 2.097708368156185610e-02
8.021911210536426529e-01 2.097805684585527658e-02
8.019238131159373006e-01 2.098349068755258132e-02
8.016565942511868492e-01 2.097787174433353441e-02
8.013894644297102632e-01 2.097647284500727197e-02
8.011224236218362771e-01 2.096866245580564225e-02
8.008554717979035065e-01 2.098369996554233854e-02
8.005886089282606699e-01 2.097600956089651358e-02
8.003218349832663669e-01 2.098064516232344551e-02
8.000551499332884120e-01 2.098638351280003589e-02
7.997885537487053886e-01 2.097619286765323859e-02
7.995220463999055394e-01 2.098756547831623007e-02
7.992556278572864326e-01 2.097761144944618530e-02
7.989892980912558507e-01 2.098524914204535560e-02
7.987230570722317902e-01 2.098052523283286744e-02
7.984569047706414624e-01 2.098690180655423537e-02
7.981908411569224038e-01 2.097857693206887572e-02
7.979248662015218096e-01 2.098182592678870736e-02
7.976589798748967564e-01 2.098111084616335539e-02
7.973931821475142012e-01 2.097391021087477783e-02
7.971274729898509825e-01 2.098818711132175233e-02
7.968618523723934866e-01 2.097790290519940815e-02
7.965963202656382025e-01 2.099326355362554977e-02
7.963308766400913896e-01 2.098866871898551201e-02
7.960655214662692991e-01 2.097961822453822331e-02
7.958002547146976191e-01 2.097316249390360557e-02
7.955350763559123628e-01 2.097748200559424250e-02
7.952699863604588693e-01 2.098023722668762234e-02
7.950049846988924696e-01 2.097826639181520417e-02
7.947400713417783757e-01 2.097565364685041386e-02
7.944752462596917919e-01 2.097546840717949557e-02
7.942105094232173590e-01 2.097832706861910146e-02
7.939458608029497100e-01 2.097821539763417703e-02
7.936813003694930257e-01 2.097738735633612045e-02
7.934168280934619233e-01 2.097886690240895885e-02
7.931524439454801234e-01 2.098901132021455465e-02
7.928881478961812279e-01 2.097610655941068922e-02
7.926239399162091637e-01 2.098629126730386374e-02
7.923598199762169614e-01 2.098244179096473566e-02
7.920957880468679768e-01 2.098209321831147334e-02
7.918318440988348916e-01 2.098330606871558202e-02
7.915679881028007125e-01 2.098202693819730541e-02
7.913042200294574391e-01 2.098618933536976899e-02
7.910405398495076179e-01 2.099029237307611234e-02
7.907769475336630105e-01 2.098529073968741568e-02
7.905134430526452594e-01 2.099539497478862191e-02
7.902500263771862210e-01 2.098782904092279938e-02
7.899866974780268558e-01 2.098611055605703601e-02
7.897234563259181161e-01 2.099504568264028842e-02
7.894603028916209464e-01 2.099547018896965808e-02
7.891972371459055058e-01 2.099155475493972439e-02
7.889342590595522786e-01 2.099704697965788444e-02
7.886713686033511861e-01 2.098910016797641415e-02
7.884085657481016973e-01 2.099846283075899184e-02
7.881458504646133845e-01 2.098969780817847713e-02
7.878832227237055896e-01 2.099803652278172533e-02
7.876206824962067587e-01 2.100134319102932648e-02
7.873582297529556628e-01 2.099645158487425944e-02
7.870958644648007319e-01 2.099762249782212431e-02
7.868335866025997216e-01 2.100822615098488222e-02
7.865713961372207130e-01 2.100450579456117003e-02
7.863092930395407798e-01 2.100709516225819293e-02
7.860472772804472097e-01 2.099673684861129083e-02
7.857853488308369494e-01 2.100744551916749678e-02
7.855235076616163825e-01 2.100200154677868761e-02
7.852617537437016626e-01 2.100249175339564608e-02
7.850000870480190462e-01 2.100299956651542621e-02
7.847385075455037828e-01 2.100828926948888897e-02
7.844770152071013358e-01 2.100270371035932102e-02
7.842156100037667166e-01 2.101056329804472378e-02
7.839542919064644844e-01 2.100929994037294829e-02
7.836930608861690795e-01 2.100707316466612559e-02
7.834319169138643790e-01 2.100803509235753611e-02
7.831708599605441412e-01 2.100995322914719216e-02
7.829098899972116721e-01 2.100854283322395669e-02
7.826490069948800476e-01 2.101062455354990241e-02
7.823882109245716698e-01 2.101104383349637270e-02
7.821275017573192656e-01 2.101446372819609429e-02
7.818668794641645547e-01 2.101642589191340255e-02
7.816063440161590270e-01 2.101437380084018175e-02
7.813458953843641641e-01 2.101549504303734661e-02
7.810855335398508847e-01 2.101837047400673467e-02
7.808252584536995444e-01 2.101860960518994736e-02
7.805650700970004907e-01 2.101955031931842729e-02
7.803049684408535080e-01 2.102089113298746467e-02
7.800449534563680398e-01 2.102214373664326036e-02
7.797850251146629663e-01 2.102493368805602447e-02
7.795251833868674929e-01 2.102497462959156821e-02
7.792654282441193736e-01 2.102775702087882059e-02
7.790057596575667986e-01 2.102899733015636818e-02
7.787461775983672840e-01 2.103086894411106827e-02
7.784866820376878938e-01 2.103203283821149586e-02
7.782272729467056838e-01 2.103395079949834517e-02
7.779679502966068139e-01 2.103638770554654494e-02
7.777087140585872138e-01 2.103910663728533748e-02
7.774495642038524723e-01 2.104178896547665573e-02
7.771905007036179480e-01 2.104523550004896645e-02
7.769315235291081034e-01 2.104708783874496489e-02
7.766726326515575041e-01 2.104941125081956702e-02
7.764138280422101523e-01 2.105283702247127617e-02
7.761551096723192655e-01 2.105569693183406352e-02
7.758964775131481639e-01 2.105846431809403271e-02
7.756379315359696047e-01 2.106157904143418982e-02
7.753794717120654489e-01 2.106624139912297716e-02
7.751210980127277717e-01 2.106947572908905372e-02
7.748628104092580848e-01 2.107430013727809234e-02
7.746046088729670043e-01 2.107894507275273610e-02
7.743464933751751378e-01 2.108350143820065040e-02
7.740884638872127521e-01 2.108960466050865262e-02
7.738305203804191068e-01 2.109709943980040206e-02
7.735726628261438975e-01 2.110460117799528579e-02
7.733148911957451466e-01 2.111414302111105576e-02
7.730572054605915344e-01 2.112456522017106680e-02
7.727996055920607343e-01 2.113890159270871011e-02
7.725420915615401896e-01 2.115533441590144309e-02
7.722846633404267802e-01 2.117625342605898922e-02
7.720273209001266013e-01 2.120453390221999426e-02
7.717700642120558507e-01 2.124228067573219123e-02
7.715128932476399415e-01 2.129441083383758898e-02
7.712558079783138343e-01 2.136687075480088460e-02
7.709988083755218158e-01 2.147303225968099846e-02
7.707418944107182757e-01 2.163793323011678482e-02
7.704850660553663744e-01 2.193038823955753905e-02
7.702283232809394864e-01 2.260484200719446723e-02
7.699716660589197570e-01 2.253514672464725782e-02
7.697150943607994344e-01 2.191200909235659772e-02
7.694586081580799819e-01 2.164702791287990286e-02
7.692022074222725214e-01 2.151857805610546057e-02
7.689458921248975010e-01 2.145310971592638560e-02
7.686896622374850274e-01 2.141925049492678437e-02
7.684335177315744225e-01 2.141822111736986847e-02
7.681774585787148890e-01 2.146205810517801127e-02
7.679214847504646224e-01 2.154456611969296151e-02
7.676655962183916992e-01 2.166534864068396862e-02
7.674097929540736329e-01 2.183950087817785463e-02
7.671540749290971517e-01 2.210980215088366799e-02
7.668984421150588648e-01 2.259125093816927859e-02
7.666428944835642634e-01 2.292426967185362888e-02
7.663874320062288303e-01 2.233087692519158257e-02
7.661320546546771526e-01 2.197163083943096812e-02
7.658767624005435870e-01 2.174934696941960288e-02
7.656215552154718162e-01 2.159815977144284929e-02
7.653664330711147379e-01 2.148080777647895859e-02
7.651113959391349084e-01 2.138609825357555907e-02
7.648564437912045433e-01 2.131281220884336317e-02
7.646015765990047397e-01 2.125647619616774162e-02
7.643467943342265869e-01 2.121194511534189517e-02
7.640920969685703890e-01 2.117984118101788604e-02
7.638374844737457758e-01 2.115204018908083128e-02
7.635829568214718144e-01 2.113298996940490837e-02
7.633285139834772304e-01 2.111637431587272754e-02
7.630741559315000755e-01 2.110204206602507224e-02
7.628198826372875052e-01 2.109126724832740066e-02
7.625656940725966670e-01 2.108272873739675674e-02
7.623115902091935903e-01 2.107719610519298223e-02
7.620575710188538521e-01 2.107186853543909291e-02
7.618036364733627996e-01 2.106945628019994687e-02
7.615497865445145509e-01 2.106349152495528426e-02
7.612960212041131047e-01 2.106135244669642831e-02
7.610423404239716749e-01 2.105868420353531126e-02
7.607887441759130231e-01 2.105818560152513536e-02
7.605352324317691259e-01 2.105527590852871236e-02
7.602818051633811747e-01 2.105288365727010433e-02
7.600284623426002417e-01 2.105233611642903443e-02
7.597752039412865033e-01 2.105280615127411159e-02
7.595220299313092394e-01 2.105428569715224116e-02
7.592689402845477220e-01 2.105074792769768763e-02
7.590159349728901050e-01 2.104878022820604391e-02
7.587630139682339792e-01 2.105059421752806734e-02
7.585101772424864830e-01 2.104570109473264880e-02
7.582574247675638590e-01 2.104633482764368610e-02
7.580047565153918976e-01 2.104410604227590492e-02
7.577521724579060480e-01 2.104533270642640341e-02
7.574996725670501974e-01 2.104440125948351184e-02
7.572472568147785577e-01 2.104298298318108343e-02
7.569949251730542228e-01 2.103855099712127752e-02
7.567426776138495015e-01 2.104315288098674783e-02
7.564905141091464724e-01 2.104192242973709423e-02
7.562384346309360961e-01 2.103889591256212152e-02
7.559864391512189918e-01 2.103720158887507560e-02
7.557345276420048830e-01 2.103755323707098140e-02
7.554827000753130406e-01 2.103883628628968813e-02
7.552309564231719508e-01 2.103545762103085220e-02
7.549792966576193143e-01 2.103580890459567573e-02
7.547277207507023800e-01 2.103443972568735942e-02
7.544762286744775004e-01 2.103741705784492252e-02
7.542248204010104651e-01 2.103005579195760949e-02
7.539734959023762784e-01 2.103361003073080798e-02
7.537222551506593815e-01 2.103301521121973133e-02
7.534710981179534306e-01 2.102968212155880215e-02
7.532200247763610745e-01 2.103462638645505617e-02
7.529690350979950653e-01 2.102937330135237759e-02
7.527181290549767034e-01 2.103414031474008100e-02
7.524673066194368376e-01 2.103991069513903509e-02
7.522165677635156422e-01 2.102695700635318771e-02
7.519659124593625066e-01 2.102980146777658210e-02
7.517153406791360348e-01 2.103182643076835848e-02
7.514648523950043790e-01 2.103261364777433626e-02
7.512144475791445730e-01 2.102259407019152482e-02
7.509641262037433096e-01 2.102380897957514816e-02
7.507138882409961633e-01 2.103866459502354638e-02
7.504637336631084787e-01 2.102761988893804557e-02
7.502136624422943711e-01 2.104051323688472044e-02
7.499636745507773927e-01 2.102466793268492617e-02
7.497137699607904215e-01 2.103156921929937376e-02
7.494639486445754395e-01 2.102111422957081421e-02
7.492142105743839764e-01 2.103194733446815332e-02
7.489645557224764438e-01 2.103013951653592839e-02
7.487149840611225793e-01 2.103158566239590743e-02
7.484654955626017792e-01 2.102970141023121839e-02
7.482160901992019886e-01 2.104627860741164688e-02
7.479667679432208116e-01 2.103322176632930682e-02
7.477175287669651782e-01 2.102689179260319036e-02
7.474683726427507890e-01 2.101685037549960028e-02
7.472192995429032258e-01 2.103526453108418154e-02
7.469703094397565080e-01 2.102691179697500565e-02
7.467214023056545358e-01 2.102352554148131936e-02
7.464725781129502025e-01 2.103536221873686385e-02
7.462238368340055050e-01 2.103085235174385892e-02
7.459751784411917663e-01 2.104173800409608192e-02
7.457266029068893021e-01 2.104597124928686905e-02
7.454781102034881979e-01 2.103380502572099742e-02
7.452297003033869771e-01 2.101690817297864958e-02
7.449813731789938220e-01 2.102335025526286261e-02
7.447331288027263518e-01 2.102987028420964452e-02
7.444849671470106234e-01 2.104191059541072120e-02
7.442368881842824635e-01 2.105384121503750885e-02
7.439888918869868029e-01 2.105677627178730027e-02
7.437409782275774539e-01 2.104068173925720264e-02
7.434931471785178880e-01 2.102162669823497490e-02
7.432453987122803474e-01 2.101981794384331567e-02
7.429977328013466220e-01 2.102272666326122572e-02
7.427501494182071617e-01 2.106245998373607042e-02
7.425026485353619643e-01 2.103855445303100258e-02
7.422552301253201312e-01 2.105033737330924345e-02
7.420078941605998679e-01 2.102293935182545856e-02
7.417606406137285946e-01 2.105257429915223175e-02
7.415134694572428353e-01 2.102330943855896389e-02
7.412663806636882180e-01 2.104767909438825038e-02
7.410193742056195854e-01 2.103584877759820393e-02
7.407724500556009950e-01 2.104367245421000232e-02
7.405256081862056083e-01 2.103501006508440643e-02
7.402788485700154686e-01 2.105076234095389076e-02
7.400321711796222779e-01 2.104933636622568355e-02
7.397855759876263981e-01 2.103161372797855005e-02
7.395390629666374060e-01 2.103474345566998249e-02
7.392926320892742043e-01 2.105062829993096379e-02
7.390462833281649102e-01 2.105587698415038039e-02
7.388000166559461901e-01 2.102349260720664040e-02
7.385538320452642580e-01 2.109415140609499292e-02
7.383077294687747649e-01 2.103746221463572916e-02
7.380617088991415775e-01 2.103417207008885167e-02
7.378157703090386654e-01 2.103766700970764736e-02
7.375699136711481030e-01 2.104884253004036046e-02
7.373241389581620675e-01 2.105053085551816805e-02
7.370784461427809520e-01 2.104942940188447853e-02
7.368328351977150303e-01 2.108851464561932107e-02
7.365873060956831253e-01 2.104470425885206566e-02
7.363418588094132744e-01 2.105799675650496874e-02
7.360964933116426190e-01 2.103949426359014857e-02
7.358512095751176263e-01 2.102791897754295244e-02
7.356060075725934233e-01 2.105307008128834770e-02
7.353608872768343518e-01 2.101619029974324121e-02
7.351158486606140796e-01 2.109200040565126916e-02
7.348708916967152671e-01 2.102948798434793945e-02
7.346260163579291236e-01 2.105177894109792891e-02
7.343812226170567392e-01 2.103863399506181869e-02
7.341365104469077529e-01 2.102185727934710591e-02
7.338918798203009075e-01 2.102871873956137228e-02
7.336473307100641605e-01 2.106239990249371072e-02
7.334028630890344624e-01 2.106960852163196687e-02
7.331584769300577564e-01 2.102415499845619248e-02
7.329141722059890895e-01 2.108093138994141663e-02
7.326699488896923906e-01 2.101787025427897387e-02
7.324258069540410254e-01 2.103613363912898784e-02
7.321817463719170194e-01 2.104585141982782612e-02
7.319377671162116128e-01 2.109520043470018355e-02
7.316938691598248168e-01 2.105047161975586237e-02
7.314500524756663014e-01 2.106977882640880331e-02
7.312063170366540632e-01 2.110755416523930547e-02
7.309626628157153139e-01 2.102954036198205479e-02
7.307190897857867018e-01 2.109580833380572326e-02
7.304755979198134241e-01 2.106754715097880828e-02
7.302321871907497819e-01 2.110665022187022469e-02
7.299888575715591799e-01 2.101106216994415299e-02
7.297456090352141267e-01 2.108759525047629660e-02
7.295024415546957908e-01 2.106225500838743159e-02
7.292593551029947774e-01 2.107077018924697481e-02
7.290163496531103515e-01 2.104562973537555878e-02
7.287734251780508821e-01 2.099985970480088698e-02
7.285305816508339527e-01 2.102849938516574216e-02
7.282878190444858069e-01 2.103072617766357788e-02
7.280451373320416808e-01 2.104927152719970884e-02
7.278025364865461366e-01 2.107772570820171804e-02
7.275600164810523962e-01 2.104787855771825950e-02
7.273175772886227852e-01 2.103759416075462116e-02
7.270752188823286222e-01 2.104039441772963953e-02
7.268329412352501073e-01 2.104052580527237051e-02
7.265907443204766558e-01 2.105876688196650637e-02
7.263486281111062315e-01 2.109091630380117988e-02
7.261065925802461241e-01 2.105654881034343950e-02
7.258646377010122830e-01 2.105088658959255316e-02
7.256227634465300946e-01 2.107556624292735922e-02
7.253809697899333830e-01 2.108334044599507323e-02
7.251392567043652981e-01 2.103544682847781691e-02
7.248976241629775386e-01 2.106033342684086179e-02
7.246560721389311288e-01 2.107990107414976083e-02
7.244146006053959752e-01 2.101288285869448019e-02
7.241732095355508658e-01 2.108110227120088206e-02
7.239318989025832485e-01 2.105221792258420502e-02
7.236906686796898969e-01 2.106752465956436907e-02
7.234495188400765775e-01 2.104706496639630053e-02
7.232084493569574946e-01 2.104621225304088850e-02
7.229674602035562891e-01 2.105994421960314181e-02
7.227265513531052621e-01 2.103502292168392407e-02
7.224857227788455960e-01 2.104638109087848125e-02
7.222449744540274663e-01 2.103176640842078712e-02
7.220043063519101523e-01 2.106504802275998428e-02
7.217637184457614818e-01 2.103715342791239590e-02
7.215232107088584979e-01 2.103517428235595135e-02
7.212827831144869029e-01 2.105312651426329007e-02
7.210424356359416143e-01 2.105302737087381276e-02
7.208021682465259872e-01 2.107198881841230997e-02
7.205619809195528136e-01 2.106493242166312951e-02
7.203218736283433232e-01 2.109277748215169709e-02
7.200818463462278496e-01 2.104454570752561232e-02
7.198418990465456080e-01 2.103310255334065945e-02
7.196020317026446955e-01 2.108586005400155464e-02
7.193622442878819800e-01 2.104945160118325276e-02
7.191225367756234332e-01 2.102606142231869951e-02
7.188829091392436865e-01 2.109827786463456742e-02
7.186433613521261421e-01 2.108230736115232137e-02
7.184038933876636390e-01 2.105022108371178494e-02
7.181645052192571210e-01 2.103613603393669068e-02
7.179251968203169687e-01 2.110406715831441085e-02
7.176859681642622224e-01 2.105601299991958358e-02
7.174468192245205822e-01 2.109766851218816686e-02
7.172077499745290741e-01 2.108546198312124739e-02
7.169687603877330506e-01 2.112011267131102404e-02
7.167298504375871904e-01 2.117046717238647499e-02
7.164910200975546095e-01 2.108828393346630012e-02
7.162522693411075281e-01 2.102556109687235553e-02
7.160135981417269369e-01 2.106191168761037402e-02
7.157750064729025974e-01 2.103411990098841625e-02
7.155364943081331530e-01 2.100305483360806816e-02
7.152980616209261289e-01 2.102496638714502000e-02
7.150597083847978208e-01 2.101676008796233425e-02
7.148214345732734065e-01 2.100984538603657692e-02
7.145832401598867234e-01 2.100642427455706035e-02
7.143451251181804906e-01 2.102563764563675219e-02
7.141070894217065312e-01 2.100555295224297916e-02
7.138691330440251059e-01 2.100303310689299874e-02
7.136312559587055793e-01 2.100656530088169244e-02
7.133934581393257535e-01 2.100794059239579833e-02
7.131557395594725346e-01 2.102032580796104125e-02
7.129181001927415995e-01 2.100296413332049597e-02
7.126805400127373957e-01 2.103263733588703333e-02
7.124430589930729196e-01 2.100676439907789295e-02
7.122056571073703823e-01 2.101357393865456794e-02
7.119683343292605437e-01 2.100455645600600094e-02
7.117310906323830455e-01 2.100964014883265757e-02
7.114939259903861890e-01 2.099458034355339286e-02
7.112568403769271574e-01 2.100968090311942579e-02
7.110198337656719048e-01 2.101889552570082240e-02
7.107829061302951557e-01 2.100949665324223711e-02
7.105460574444802946e-01 2.099482050367756578e-02
7.103092876819195878e-01 2.100721981262513791e-02
7.100725968163140722e-01 2.100589303371464683e-02
7.098359848213735557e-01 2.099770163376608531e-02
7.095994516708166167e-01 2.102425277236312506e-02
7.093629973383703824e-01 2.100593304696459288e-02
7.091266217977711950e-01 2.101659648243968392e-02
7.088903250227635011e-01 2.099914620177309107e-02
7.086541069871010734e-01 2.099118910530976476e-02
7.084179676645461221e-01 2.099407140931281585e-02
7.081819070288698503e-01 2.103086193534870613e-02
7.079459250538518988e-01 2.099867927777477813e-02
7.077100217132806792e-01 2.100227086291966624e-02
7.074741969809537068e-01 2.102294513246856858e-02
7.072384508306768236e-01 2.099674444005978843e-02
7.070027832362646425e-01 2.099317365245238418e-02
7.067671941715406581e-01 2.103178344138597125e-02
7.065316836103372466e-01 2.100016703449100394e-02
7.062962515264950003e-01 2.100539589785219846e-02
7.060608978938637259e-01 2.100434706866989229e-02
7.058256226863015570e-01 2.100292540935218624e-02
7.055904258776756199e-01 2.100165864307120336e-02
7.053553074418615898e-01 2.102508004759773286e-02
7.051202673527439124e-01 2.100651518023518780e-02
7.048853055842158044e-01 2.100267056217965111e-02
7.046504221101790311e-01 2.101592814833209283e-02
7.044156169045442395e-01 2.099908063439314201e-02
7.041808899412304035e-01 2.101533753378314814e-02
7.039462411941656006e-01 2.100532458624179005e-02
7.037116706372864572e-01 2.100127907444857348e-02
7.034771782445382593e-01 2.099101930362575613e-02
7.032427639898749527e-01 2.100984608896259986e-02
7.030084278472590320e-01 2.101794492752781518e-02
7.027741697906622065e-01 2.101826480086572274e-02
7.025399897940640681e-01 2.100336118183242576e-02
7.023058878314535347e-01 2.100260188016761162e-02
7.020718638768278508e-01 2.099992726578624527e-02
7.018379179041931426e-01 2.102095822974237374e-02
7.016040498875639742e-01 2.099419909192427533e-02
7.013702598009635691e-01 2.102559761669711008e-02
7.011365476184239220e-01 2.099475624207427019e-02
7.009029133139860201e-01 2.099915547139671879e-02
7.006693568616987333e-01 2.101549155454060513e-02
7.004358782356201463e-01 2.099641580157103615e-02
7.002024774098167814e-01 2.100835507502334457e-02
6.999691543583639319e-01 2.101021892434871280e-02
6.997359090553455507e-01 2.099360294006793332e-02
6.995027414748538064e-01 2.100517329142172207e-02
6.992696515909900823e-01 2.099987543879454008e-02
6.990366393778640886e-01 2.100707433142873226e-02
6.988037048095941950e-01 2.100582128980680446e-02
6.985708478603073202e-01 2.099066501863055059e-02
6.983380685041392644e-01 2.099687376998183100e-02
6.981053667152341546e-01 2.098971696320500041e-02
6.978727424677447777e-01 2.099759632004770393e-02
6.976401957358329131e-01 2.099390905120813652e-02
6.974077264936683340e-01 2.099238717085757586e-02
6.971753347154296954e-01 2.099809292884229767e-02
6.969430203753046449e-01 2.098839208590378563e-02
6.967107834474888239e-01 2.099657482126986857e-02
6.964786239061866446e-01 2.099655520874482359e-02
6.962465417256114009e-01 2.101103400084508577e-02
6.960145368799847132e-01 2.100211528280338316e-02
6.957826093435367509e-01 2.101729054367920332e-02
6.955507590905065651e-01 2.099737675987513666e-02
6.953189860951415335e-01 2.100957333562215867e-02
6.950872903316974716e-01 2.100499679751894472e-02
6.948556717744392985e-01 2.101410367523332337e-02
6.946241303976400383e-01 2.100999998406781130e-02
6.943926661755814855e-01 2.102835603806620449e-02
6.941612790825538726e-01 2.102443466681679432e-02
6.939299690928563136e-01 2.101189154517296709e-02
6.936987361807959163e-01 2.100083044538459537e-02
6.934675803206890032e-01 2.103931961478956378e-02
6.932365014868600017e-01 2.104262738412305753e-02
6.930054996536421097e-01 2.101389120317163559e-02
6.927745747953768518e-01 2.101460300928919417e-02
6.925437268864147455e-01 2.107043625403816345e-02
6.923129559011143019e-01 2.107034643922522932e-02
6.920822618138429139e-01 2.104134922976451730e-02
6.918516445989765229e-01 2.101550915505477971e-02
6.916211042308996193e-01 2.100987273525574059e-02
6.913906406840047980e-01 2.099879263447231026e-02
6.911602539326939798e-01 2.098817229434877391e-02
6.909299439513767460e-01 2.099343080571481820e-02
6.906997107144718928e-01 2.098391998389501426e-02
6.904695541964063210e-01 2.099841217561708440e-02
6.902394743716157022e-01 2.098652668684155426e-02
6.900094712145442566e-01 2.098127956412774997e-02
6.897795446996443092e-01 2.098046101097298874e-02
6.895496948013771776e-01 2.098202627702653103e-02
6.893199214942123954e-01 2.098074830174479280e-02
6.890902247526280444e-01 2.097795712081889155e-02
6.888606045511109777e-01 2.097843788702315887e-02
6.886310608641562636e-01 2.097753911373298474e-02
6.884015936662674084e-01 2.097711001617617865e-02
6.881722029319568001e-01 2.097684527716364364e-02
6.879428886357448203e-01 2.098064802266839945e-02
6.877136507521607323e-01 2.098558548623927211e-02
6.874844892557421261e-01 2.097325860276318468e-02
6.872554041210350295e-01 2.097318568437941261e-02
6.870263953225941300e-01 2.097355669091085714e-02
6.867974628349823307e-01 2.097435871516509925e-02
6.865686066327714165e-01 2.097180425782966054e-02
6.863398266905411660e-01 2.097400057356344980e-02
6.861111229828802394e-01 2.097022003770711990e-02
6.858824954843852906e-01 2.097111634310152087e-02
6.856539441696620774e-01 2.096981552628494200e-02
6.854254690133242400e-01 2.096984677662325561e-02
6.851970699899943007e-01 2.096890530537869751e-02
6.849687470743027751e-01 2.097005613665657228e-02
6.847405002408890606e-01 2.097080784385605204e-02
6.845123294644008816e-01 2.096896504633220804e-02
6.842842347194943997e-01 2.096812884399686105e-02
6.840562159808339926e-01 2.096990680397294027e-02
6.838282732230929195e-01 2.096821590526462900e-02
6.836004064209525444e-01 2.096792063842450177e-02
6.833726155491028909e-01 2.096623696592631730e-02
6.831449005822419762e-01 2.096811975041190310e-02
6.829172614950770326e-01 2.096822024777945936e-02
6.826896982623228416e-01 2.096633786108006992e-02
6.824622108587031777e-01 2.096657828020141376e-02
6.822347992589502530e-01 2.096728326354788813e-02
6.820074634378041623e-01 2.096710172907726571e-02
6.817802033700141040e-01 2.096962003885170095e-02
6.815530190303372704e-01 2.096655068980247255e-02
6.813259103935394023e-01 2.096560678465462027e-02
6.810988774343945673e-01 2.096565514038783648e-02
6.808719201276852706e-01 2.096674976555166353e-02
6.806450384482025662e-01 2.096587851537292171e-02
6.804182323707455016e-01 2.096449115276884101e-02
6.801915018701221172e-01 2.096609580260032357e-02
6.799648469211483359e-01 2.096645522625693175e-02
6.797382674986488516e-01 2.096468342521993697e-02
6.795117635774562403e-01 2.096611328156039109e-02
6.792853351324121824e-01 2.096511615107707685e-02
6.790589821383659075e-01 2.096585426650853304e-02
6.788327045701757489e-01 2.096596991539608629e-02
6.786065024027081449e-01 2.096490004038286184e-02
6.783803756108378602e-01 2.096590271160034269e-02
6.781543241694479862e-01 2.096509373547186111e-02
6.779283480534301631e-01 2.096599616899056870e-02
6.777024472376842468e-01 2.096639719124081258e-02
6.774766216971185306e-01 2.096573797412693355e-02
6.772508714066495239e-01 2.096581188299935158e-02
6.770251963412023954e-01 2.096574162039020056e-02
6.767995964757105298e-01 2.096587245824317949e-02
6.765740717851154162e-01 2.096528882216281905e-02
6.763486222443672036e-01 2.096579585810522811e-02
6.761232478284243674e-01 2.096610204858240581e-02
6.758979485122535991e-01 2.096588006068525467e-02
6.756727242708299164e-01 2.096627852156623603e-02
6.754475750791368860e-01 2.096644825498176004e-02
6.752225009121660682e-01 2.096538724020372696e-02
6.749975017449176828e-01 2.096536057570134656e-02
6.747725775524002767e-01 2.096762119310393788e-02
6.745477283096302790e-01 2.096702757954630250e-02
6.743229539916330006e-01 2.096689344335352090e-02
6.740982545734418574e-01 2.096895371102789826e-02
6.738736300300984805e-01 2.096872558312304000e-02
6.736490803366528279e-01 2.096816697285958445e-02
6.734246054681635174e-01 2.096672587833580195e-02
6.732002053996968272e-01 2.096939146091989642e-02
6.729758801063279172e-01 2.096958711478956461e-02
6.727516295631401633e-01 2.096945722887882946e-02
6.725274537452250456e-01 2.096820440638838198e-02
6.723033526276824823e-01 2.096880585890522133e-02
6.720793261856206069e-01 2.097039075886953166e-02
6.718553743941557688e-01 2.096920954022161998e-02
6.716314972284129770e-01 2.096933175093763924e-02
6.714076946635250120e-01 2.096921286135803447e-02
6.711839666746335364e-01 2.097179674676766942e-02
6.709603132368877620e-01 2.097120756721555096e-02
6.707367343254460046e-01 2.096908310911702392e-02
6.705132299154741293e-01 2.097453482892677398e-02
6.702897999821466613e-01 2.097161291233613778e-02
6.700664445006464520e-01 2.097135741744650742e-02
6.698431634461642359e-01 2.097229817272077204e-02
6.696199567938996289e-01 2.097441782686852024e-02
6.693968245190599076e-01 2.097222921865751419e-02
6.691737665968608972e-01 2.097564465572454573e-02
6.689507830025266388e-01 2.097558985822607289e-02
6.687278737112896110e-01 2.097261411772933723e-02
6.685050386983900639e-01 2.097198148667742817e-02
6.682822779390769075e-01 2.097705281788176876e-02
6.680595914086073783e-01 2.097689913435580450e-02
6.678369790822465957e-01 2.097708399914924998e-02
6.676144409352681164e-01 2.097250733280594040e-02
6.673919769429538240e-01 2.097984688161931913e-02
6.671695870805934847e-01 2.097455460517038198e-02
6.669472713234856354e-01 2.097822217633480216e-02
6.667250296469365844e-01 2.097806244575099385e-02
6.665028620262610781e-01 2.097803427883911456e-02
6.662807684367821892e-01 2.098110626813486784e-02
6.660587488538308731e-01 2.097593777978563542e-02
6.658368032527465230e-01 2.098080805933441942e-02
6.656149316088768586e-01 2.098141397156432983e-02
6.653931338975777043e-01 2.097839462388696036e-02
6.651714100942128782e-01 2.097885047092915012e-02
6.649497601741547470e-01 2.097868113643373139e-02
6.647281841127837820e-01 2.098228438618777655e-02
6.645066818854886703e-01 2.097750732828568623e-02
6.642852534676659815e-01 2.098792575178284187e-02
6.640638988347210558e-01 2.098142240967236158e-02
6.638426179620670053e-01 2.098114713215563226e-02
6.636214108251252686e-01 2.098009729543241775e-02
6.634002773993253887e-01 2.098736796796334125e-02
6.631792176601052358e-01 2.098409412340563121e-02
6.629582315829110062e-01 2.098545776595037160e-02
6.627373191431965571e-01 2.098688559505288570e-02
6.625164803164244054e-01 2.098367820778243228e-02
6.622957150780649505e-01 2.098261576684447294e-02
6.620750234035970294e-01 2.098435642366969917e-02
6.618544052685074730e-01 2.098577896229478906e-02
6.616338606482913276e-01 2.098316416163241785e-02
6.614133895184518552e-01 2.099374121995346495e-02
6.611929918545003115e-01 2.098964348637583077e-02
6.609726676319562788e-01 2.098266365269107342e-02
6.607524168263474440e-01 2.098873595441168652e-02
6.605322394132097097e-01 2.098233070091573213e-02
6.603121353680868610e-01 2.099347909486839678e-02
6.600921046665313430e-01 2.099231394445465540e-02
6.598721472841032609e-01 2.099239441663665676e-02
6.596522631963710470e-01 2.098782611101968759e-02
6.594324523789114600e-01 2.098648797058851739e-02
6.592127148073089193e-01 2.098581473428463504e-02
6.589930504571565040e-01 2.098726483116738345e-02
6.587734593040550646e-01 2.100028961266485472e-02
6.585539413236138895e-01 2.099580624136370560e-02
6.583344964914500386e-01 2.099366212774822493e-02
6.581151247831888984e-01 2.098724905098255100e-02
6.578958261744640712e-01 2.098789383266179073e-02
6.576766006409170418e-01 2.100425429418250473e-02
6.574574481581976215e-01 2.100340504147213752e-02
6.572383687019635046e-01 2.099375647633203862e-02
6.570193622478808226e-01 2.099682374829453177e-02
6.568004287716235901e-01 2.099407191531278694e-02
6.565815682488740368e-01 2.099852338614128025e-02
6.563627806553221644e-01 2.099340449272125292e-02
6.561440659666665232e-01 2.099155725770921258e-02
6.559254241586136569e-01 2.099896156387483573e-02
6.557068552068779921e-01 2.099433364982149566e-02
6.554883590871821708e-01 2.100062953253105727e-02
6.552699357752570508e-01 2.099150764976552910e-02
6.550515852468414835e-01 2.099629037467625955e-02
6.548333074776822027e-01 2.099081881260372526e-02
6.546151024435341581e-01 2.099688467104489017e-02
6.543969701201608480e-01 2.099389455543753530e-02
6.541789104833329871e-01 2.098958143320257125e-02
6.539609235088300609e-01 2.099499007984378940e-02
6.537430091724391046e-01 2.099572396467554170e-02
6.535251674499558128e-01 2.099659725789316395e-02
6.533073983171833188e-01 2.099169558037017325e-02
6.530897017499333046e-01 2.099343743491062508e-02
6.528720777240252238e-01 2.099571788458725816e-02
6.526545262152868565e-01 2.099855309026064931e-02
6.524370471995536436e-01 2.100398424642637915e-02
6.522196406526693524e-01 2.100694035814530333e-02
6.520023065504857440e-01 2.101857548265952461e-02
6.517850448688627951e-01 2.101511728298250878e-02
6.515678555836681429e-01 2.100765216037120409e-02
6.513507386707778624e-01 2.099764797930618251e-02
6.511336941060757999e-01 2.099584916142220245e-02
6.509167218654539067e-01 2.099312124128380197e-02
6.506998219248123494e-01 2.099361665039581326e-02
6.504829942600589554e-01 2.099951356659601059e-02
6.502662388471098787e-01 2.099475617929785418e-02
6.500495556618891557e-01 2.099641673959063565e-02
6.498329446803290388e-01 2.100276916969985586e-02
6.496164058783695516e-01 2.099651600933113288e-02
6.493999392319588226e-01 2.100429836004301387e-02
6.491835447170529738e-01 2.100527606628614305e-02
6.489672223096164538e-01 2.100318259584232905e-02
6.487509719856212609e-01 2.100345165002878711e-02
6.485347937210474978e-01 2.101247367485753123e-02
6.483186874918834830e-01 2.100168834965075379e-02
6.481026532741254176e-01 2.101080393986000383e-02
6.478866910437773852e-01 2.100570412084814403e-02
6.476708007768517961e-01 2.102153832128299954e-02
6.474549824493686101e-01 2.101396788694823159e-02
6.472392360373561138e-01 2.100704875877747527e-02
6.470235615168504761e-01 2.101703591956663106e-02
6.468079588638957489e-01 2.102318408520926357e-02
6.465924280545443104e-01 2.103039545471977953e-02
6.463769690648558663e-01 2.100043525943913469e-02
6.461615818708988934e-01 2.102032033349387000e-02
6.459462664487493067e-01 2.101362558873250824e-02
6.457310227744910147e-01 2.100526126336882751e-02
6.455158508242163640e-01 2.101987172296151257e-02
6.453007505740249172e-01 2.100638218177794045e-02
6.450857220000248970e-01 2.100637434353790078e-02
6.448707650783320755e-01 2.100301634195455777e-02
6.446558797850702183e-01 2.100944003640511232e-02
6.444410660963714177e-01 2.100843381736483897e-02
6.442263239883753156e-01 2.100795048413019520e-02
6.440116534372294366e-01 2.100606904081940909e-02
6.437970544190897426e-01 2.100076078905474541e-02
6.435825269101196344e-01 2.100547118425153195e-02
6.433680708864908393e-01 2.100743764805818037e-02
6.431536863243826341e-01 2.100198403148942350e-02
6.429393731999826223e-01 2.100151148162820655e-02
6.427251314894860679e-01 2.100548981617633010e-02
6.425109611690963396e-01 2.100272519614945071e-02
6.422968622150245777e-01 2.100383320337928517e-02
6.420828346034901379e-01 2.100446437658432322e-02
6.418688783107198148e-01 2.100423335581797987e-02
6.416549933129487293e-01 2.100405380520656284e-02
6.414411795864198851e-01 2.100417090640420426e-02
6.412274371073840573e-01 2.100331701042982072e-02
6.410137658521000148e-01 2.100719395219357785e-02
6.408001657968342979e-01 2.100484985586250838e-02
6.405866369178616626e-01 2.100483583113005315e-02
6.403731791914645255e-01 2.100446896977685440e-02
6.401597925939331857e-01 2.100622265469669417e-02
6.399464771015658249e-01 2.100497931540292601e-02
6.397332326906689515e-01 2.100588536829147909e-02
6.395200593375564013e-01 2.100798858841026323e-02
6.393069570185502259e-01 2.100677944328325011e-02
6.390939257099801374e-01 2.100689167956027587e-02
6.388809653881840633e-01 2.100716218061297533e-02
6.386680760295074810e-01 2.100801201788370792e-02
6.384552576103039723e-01 2.100995563683170919e-02
6.382425101069350015e-01 2.100832361181409827e-02
6.380298334957696937e-01 2.100948728601309198e-02
6.378172277531852785e-01 2.100726242325157839e-02
6.376046928555667570e-01 2.100817809726850463e-02
6.373922287793069019e-01 2.101171516900726330e-02
6.371798355008065906e-01 2.100845309499471333e-02
6.369675129964743610e-01 2.100929703259355255e-02
6.367552612427268555e-01 2.100811996898594228e-02
6.365430802159880441e-01 2.100869026412570048e-02
6.363309698926904456e-01 2.101035587090353124e-02
6.361189302492740172e-01 2.100989326810884933e-02
6.359069612621864875e-01 2.100966744495414915e-02
6.356950629078839121e-01 2.101004735562004774e-02
6.354832351628295628e-01 2.101048629092130277e-02
6.352714780034950381e-01 2.101127928170476444e-02
6.350597914063595972e-01 2.101033493691020076e-02
6.348481753479101597e-01 2.101247577311455422e-02
6.346366298046419718e-01 2.101158794438392347e-02
6.344251547530576074e-01 2.101259902915396036e-02
6.342137501696675228e-01 2.101242634914133808e-02
6.340024160309905010e-01 2.101328169428117940e-02
6.337911523135526526e-01 2.101330822171787807e-02
6.335799589938879706e-01 2.101444247465458423e-02
6.333688360485384417e-01 2.101531605243430606e-02
6.331577834540537131e-01 2.101378590057396620e-02
6.329468011869913147e-01 2.101535463061168091e-02
6.327358892239166588e-01 2.101523861489789508e-02
6.325250475414028184e-01 2.101731704658988190e-02
6.323142761160307490e-01 2.101609302141538294e-02
6.321035749243891777e-01 2.101638438673434153e-02
6.318929439430748252e-01 2.101719177132327018e-02
6.316823831486918506e-01 2.101600301967514531e-02
6.314718925178526288e-01 2.101680766925554528e-02
6.312614720271768620e-01 2.101620701222011237e-02
6.310511216532923573e-01 2.101673287049400304e-02
6.308408413728348041e-01 2.101696422708374673e-02
6.306306311624472194e-01 2.101744824778318393e-02
6.304204909987808358e-01 2.101740137736980360e-02
6.302104208584947687e-01 2.101761964101053759e-02
6.300004207182552385e-01 2.101880330718839882e-02
6.297904905547370147e-01 2.101830249196935674e-02
6.295806303446220831e-01 2.101958918281166683e-02
6.293708400646004231e-01 2.101963773427636961e-02
6.291611196913698967e-01 2.101983895175562819e-02
6.289514692016360264e-01 2.101990253989157592e-02
6.287418885721118844e-01 2.102136633844416819e-02
6.285323777795186473e-01 2.102092518826279011e-02
6.283229368005851523e-01 2.102240774661641790e-02
6.281135656120477861e-01 2.102063728519644806e-02
6.279042641906508182e-01 2.102595876951920267e-02
6.276950325131464004e-01 2.102338560790565844e-02
6.274858705562942340e-01 2.102470455526159535e-02
6.272767782968619033e-01 2.102497637435527325e-02
6.270677557116246525e-01 2.102442198569330969e-02
6.268588027773654980e-01 2.102875995699465816e-02
6.266499194708751164e-01 2.102555047557951376e-02
6.264411057689520668e-01 2.102494353639419722e-02
6.262323616484026800e-01 2.102590143291201141e-02
6.260236870860406144e-01 2.102715027794112290e-02
6.258150820586877439e-01 2.102711762284977665e-02
6.256065465431732697e-01 2.102588562361800209e-02
6.253980805163343870e-01 2.102579191367460673e-02
6.251896839550160623e-01 2.102655352832693766e-02
6.249813568360705895e-01 2.102726864613372812e-02
6.247730991363584785e-01 2.102759875471466727e-02
6.245649108327474552e-01 2.102695766964987265e-02
6.243567919021134616e-01 2.102722251243351742e-02
6.241487423213395447e-01 2.102776853277695673e-02
6.239407620673171895e-01 2.102810904618434770e-02
6.237328511169447642e-01 2.102848309591851331e-02
6.235250094471289639e-01 2.102843166536160283e-02
6.233172370347840330e-01 2.102896029777858236e-02
6.231095338568317654e-01 2.102917239404997543e-02
6.229018998902016158e-01 2.102977928869218319e-02
6.226943351118310321e-01 2.103008366315455707e-02
6.224868394986646791e-01 2.103049583127345953e-02
6.222794130276554370e-01 2.103084849607970291e-02
6.220720556757635133e-01 2.103109722690239478e-02
6.218647674199567765e-01 2.103158680264948302e-02
6.216575482372109773e-01 2.103174933189798715e-02
6.214503981045095271e-01 2.103229700411383615e-02
6.212433169988431647e-01 2.103258690857285132e-02
6.210363048972107336e-01 2.103309722319085182e-02
6.208293617766185157e-01 2.103335772676038010e-02
6.206224876140803426e-01 2.103410834270296251e-02
6.204156823866181503e-01 2.103446595128983382e-02
6.202089460712610913e-01 2.103468807092389800e-02
6.200022786450458678e-01 2.103531911583984490e-02
6.197956800850176196e-01 2.103556458657006301e-02
6.195891503682281476e-01 2.103596264989283579e-02
6.193826894717374687e-01 2.103633524431329851e-02
6.191762973726132602e-01 2.103678413092983229e-02
6.189699740479305268e-01 2.103721506402117525e-02
6.187637194747722669e-01 2.103749363771026046e-02
6.185575336302289173e-01 2.103821598950502900e-02
6.183514164913983535e-01 2.103892102552567395e-02
6.181453680353865554e-01 2.103893910359228361e-02
6.179393882393067194e-01 2.103944943840155984e-02
6.177334770802799246e-01 2.103993968137434639e-02
6.175276345354346885e-01 2.104033269417724880e-02
6.173218605819074112e-01 2.104080096138903622e-02
6.171161551968417092e-01 2.104126325072045237e-02
6.169105183573891926e-01 2.104192006600284076e-02
6.167049500407089102e-01 2.104232817174695944e-02
6.164994502239675711e-01 2.104266240613354710e-02
6.162940188843394340e-01 2.104324247445294241e-02
6.160886559990064182e-01 2.104340354757464407e-02
6.158833615451579924e-01 2.104389569599200704e-02
6.156781354999911748e-01 2.104455069311999063e-02
6.154729778407109775e-01 2.104524273908242246e-02
6.152678885445294066e-01 2.104540210463590882e-02
6.150628675886664620e-01 2.104634669267812369e-02
6.148579149503496932e-01 2.104699542743659543e-02
6.146530306068139771e-01 2.104730312868137096e-02
6.144482145353021840e-01 2.104761390415856720e-02
6.142434667130645121e-01 2.104822512734304957e-02
6.140387871173585976e-01 2.104852209342969460e-02
6.138341757254500708e-01 2.104895369082986425e-02
6.136296325146118891e-01 2.104982938650859156e-02
6.134251574621244485e-01 2.105031537389546667e-02
6.132207505452760277e-01 2.105092602000643159e-02
6.130164117413621216e-01 2.105109348129435148e-02
6.128121410276862191e-01 2.105220450213205960e-02
6.126079383815590251e-01 2.105239605985548268e-02
6.124038037802987944e-01 2.105296623329372396e-02
6.121997372012316641e-01 2.105362298933205478e-02
6.119957386216910988e-01 2.105422959051015189e-02
6.117918080190181129e-01 2.105512817884460514e-02
6.115879453705611590e-01 2.105577938535451929e-02
6.113841506536765724e-01 2.105621729957370125e-02
6.111804238457280158e-01 2.105633471397212395e-02
6.109767649240865905e-01 2.105715407463704461e-02
6.107731738661311693e-01 2.105847488726591762e-02
6.105696506492480635e-01 2.105873263763179820e-02
6.103661952508311339e-01 2.105876636816194150e-02
6.101628076482815688e-01 2.105919875436466568e-02
6.099594878190085501e-01 2.106088351754681343e-02
6.097562357404283651e-01 2.106220738048672145e-02
6.095530513899649616e-01 2.106211946982036037e-02
6.093499347450499481e-01 2.106294512301649935e-02
6.091468857831222605e-01 2.106388083125265015e-02
6.089439044816282731e-01 2.106346930601117259e-02
6.087409908180222429e-01 2.106441470100213487e-02
6.085381447697656432e-01 2.106645573407774086e-02
6.083353663143274970e-01 2.106596975626872162e-02
6.081326554291843767e-01 2.106653101992243121e-02
6.079300120918204042e-01 2.106740018738239781e-02
6.077274362797270291e-01 2.106940930659282826e-02
6.075249279704035832e-01 2.106979065094529563e-02
6.073224871413563930e-01 2.106951598846595886e-02
6.071201137700996675e-01 2.107150001165605802e-02
6.069178078341550542e-01 2.107259573754013612e-02
6.067155693110511949e-01 2.107194400554370309e-02
6.065133981783250583e-01 2.107376074202443189e-02
6.063112944135204962e-01 2.107510149430045013e-02
6.061092579941890213e-01 2.107442841108195242e-02
6.059072888978896954e-01 2.107608264885427185e-02
6.057053871021890190e-01 2.108010223202596428e-02
6.055035525846607092e-01 2.107604627828822685e-02
6.053017853228864764e-01 2.107882574564060377e-02
6.051000852944548036e-01 2.107942505896628210e-02
6.048984524769623894e-01 2.108039659253442208e-02
6.046968868480130377e-01 2.108209803742199309e-02
6.044953883852178800e-01 2.108629750204961406e-02
6.042939570661958193e-01 2.108332260729194746e-02
6.040925928685729751e-01 2.108620374461789987e-02
6.038912957699830164e-01 2.108363187802321861e-02
6.036900657480668286e-01 2.108702380794564082e-02
6.034889027804734019e-01 2.108693023228734587e-02
6.032878068448583875e-01 2.109157980399059898e-02
6.030867779188854305e-01 2.108911765833696925e-02
6.028858159802251704e-01 2.109325595857322252e-02
6.026849210065563511e-01 2.109215939471744197e-02
6.024840929755643781e-01 2.109376462321451914e-02
6.022833318649428724e-01 2.109490105820630707e-02
6.020826376523918944e-01 2.109724527254500798e-02
6.018820103156199419e-01 2.109439246843734794e-02
6.016814498323425076e-01 2.110558033399071928e-02
6.014809561802823001e-01 2.109965703356616804e-02
6.012805293371699111e-01 2.110065862675911119e-02
6.010801692807430374e-01 2.110319528322235350e-02
6.008798759887465923e-01 2.110406356625641258e-02
6.006796494389337049e-01 2.110549889506059540e-02
6.004794896090638323e-01 2.110773869572663344e-02
6.002793964769050916e-01 2.110726756568980650e-02
6.000793700202314840e-01 2.111196685154589567e-02
5.998794102168258924e-01 2.111192857044789581e-02
5.996795170444776391e-01 2.111497503824230973e-02
5.994796904809839289e-01 2.111407975713402649e-02
5.992799305041491831e-01 2.111831870779131565e-02
5.990802370917852615e-01 2.112136471213548264e-02
5.988806102217113514e-01 2.111839195353220136e-02
5.986810498717540785e-01 2.112065881805858317e-02
5.984815560197473960e-01 2.112088947869737027e-02
5.982821286435328068e-01 2.112494237479245821e-02
5.980827677209591409e-01 2.112425362431892897e-02
5.978834732298824450e-01 2.113292320182522804e-02
5.976842451481663154e-01 2.113049925945354249e-02
5.974850834536818978e-01 2.113215452379222162e-02
5.972859881243069990e-01 2.113306187664633004e-02
5.970869591379276420e-01 2.114065520017519018e-02
5.968879964724367326e-01 2.113984716646042511e-02
5.966891001057348376e-01 2.114150945320355385e-02
5.964902700157296289e-01 2.114527884323955456e-02
5.962915061803359951e-01 2.114366768877189856e-02
5.960928085774769292e-01 2.115005845563059858e-02
5.958941771850817526e-01 2.115282907897767656e-02
5.956956119810880024e-01 2.115229271296788227e-02
5.954971129434402100e-01 2.115572151389164685e-02
5.952986800500902342e-01 2.116084490691053435e-02
5.951003132789970396e-01 2.116653266496146962e-02
5.949020126081275839e-01 2.117250722738672070e-02
5.947037780154557085e-01 2.117677515377538316e-02
5.945056094789628043e-01 2.117938053313595664e-02
5.943075069766371454e-01 2.118196565024493827e-02
5.941094704864751108e-01 2.118182186090598537e-02
5.939114999864794076e-01 2.118719307149130593e-02
5.937135954546611805e-01 2.119241782349008327e-02
5.935157568690382357e-01 2.119835261292646322e-02
5.933179842076354849e-01 2.120519514894150456e-02
5.931202774484860551e-01 2.121309884704336568e-02
5.929226365696294021e-01 2.122190736938221745e-02
5.927250615491130858e-01 2.123251902015130255e-02
5.925275523649913278e-01 2.124582911482621184e-02
5.923301089953262322e-01 2.125622163688891189e-02
5.921327314181867862e-01 2.127427981366481965e-02
5.919354196116495270e-01 2.129636314980233244e-02
5.917381735537982079e-01 2.132005861352705839e-02
5.915409932227239098e-01 2.134904049319775315e-02
5.913438785965250410e-01 2.138642356723186727e-02
5.911468296533072264e-01 2.143299621628953419e-02
5.909498463711833072e-01 2.148183688420794366e-02
5.907529287282740071e-01 2.154918338758949475e-02
5.905560767027063784e-01 2.163773616374648628e-02
5.903592902726154668e-01 2.173937357956925998e-02
5.901625694161434232e-01 2.191234789646955006e-02
5.899659141114395045e-01 2.227349232205947521e-02
5.897693243366606275e-01 2.285256020063457932e-02
5.895728000699705929e-01 2.239473617525641891e-02
5.893763412895407505e-01 2.248255056492677595e-02
5.891799479735494449e-01 2.295865845668428745e-02
5.889836201001826810e-01 2.257314945593860006e-02
5.887873576476334581e-01 2.213652519501076513e-02
5.885911605941021030e-01 2.188269035138893509e-02
5.883950289177960480e-01 2.175073900590828585e-02
5.881989625969303859e-01 2.163456192014607399e-02
5.880029616097270928e-01 2.153743102258215414e-02
5.878070259344155835e-01 2.146554172674220579e-02
5.876111555492323779e-01 2.141223030885874845e-02
5.874153504324216568e-01 2.136842322801661351e-02
5.872196105622341511e-01 2.133628395146239601e-02
5.870239359169285853e-01 2.130874854557558359e-02
5.868283264747701233e-01 2.128847335783756387e-02
5.866327822140321446e-01 2.127124363418311792e-02
5.864373031129944680e-01 2.125635295136944769e-02
5.862418891499444618e-01 2.124480794775941705e-02
5.860465403031767107e-01 2.123525364335029919e-02
5.858512565509929049e-01 2.122526010069447980e-02
5.856560378717023951e-01 2.121663511772456379e-02
5.854608842436210825e-01 2.120974793504180542e-02
5.852657956450727506e-01 2.120294491670415837e-02
5.850707720543878443e-01 2.119697171495730018e-02
5.848758134499045802e-01 2.119208052235887693e-02
5.846809198099679472e-01 2.118852825821857314e-02
5.844860911129302616e-01 2.118520035572746957e-02
5.842913273371509453e-01 2.118221487135456618e-02
5.840966284609974135e-01 2.118087207489155466e-02
5.839019944628429659e-01 2.117699766433566236e-02
5.837074253210693398e-01 2.117429617532146091e-02
5.835129210140646006e-01 2.117126331110468634e-02
5.833184815202244744e-01 2.116910690872348191e-02
5.831241068179517928e-01 2.116707576638995197e-02
5.829297968856566037e-01 2.116573427841884208e-02
5.827355517017559494e-01 2.116329540660347175e-02
5.825413712446743109e-01 2.116063102147560868e-02
5.823472554928433853e-01 2.115845342948742894e-02
5.821532044247017534e-01 2.115619295584685033e-02
5.819592180186954344e-01 2.115418121568636914e-02
5.817652962532777750e-01 2.115481317322502608e-02
5.815714391069086719e-01 2.115081985197393710e-02
5.813776465580559050e-01 2.114968795276578675e-02
5.811839185851941370e-01 2.114815996943647525e-02
5.809902551668052473e-01 2.114532855939276271e-02
5.807966562813781097e-01 2.114461749029977744e-02
5.806031219074089256e-01 2.114600459224532519e-02
5.804096520234010015e-01 2.114178310876607680e-02
5.802162466078649716e-01 2.113940501735320221e-02
5.800229056393185756e-01 2.113918928289787794e-02
5.798296290962864363e-01 2.113609115765669941e-02
5.796364169573005043e-01 2.113635058166010022e-02
5.794432692009001684e-01 2.113717666545448029e-02
5.792501858056317010e-01 2.113252561758663384e-02
5.790571667500482578e-01 2.113076017237188603e-02
5.788642120127106550e-01 2.113142089479119745e-02
5.786713215721865922e-01 2.112870911632563561e-02
5.784784954070508745e-01 2.112992364628393446e-02
5.782857334958855233e-01 2.112869032857343093e-02
5.780930358172796657e-01 2.112767677868014268e-02
5.779004023498297560e-01 2.112445374606138418e-02
5.777078330721390209e-01 2.112433871770898544e-02
5.775153279628180147e-01 2.112461001699963981e-02
5.773228870004845081e-01 2.112454895083974715e-02
5.771305101637631552e-01 2.112187358601655060e-02
5.769381974312860484e-01 2.112089297080594827e-02
5.767459487816921637e-01 2.111839045360952224e-02
5.765537641936275826e-01 2.112009839033472669e-02
5.763616436457456027e-01 2.111912679614101618e-02
5.761695871167065164e-01 2.111669673227730554e-02
5.759775945851781653e-01 2.111674852432825905e-02
5.757856660298349416e-01 2.111465804849796749e-02
5.755938014293583427e-01 2.111661596300737007e-02
5.754020007624376376e-01 2.111591665016417790e-02
5.752102640077683127e-01 2.111269924159262651e-02
5.750185911440535147e-01 2.111276281131698601e-02
5.748269821500036070e-01 2.111463634628376468e-02
5.746354370043353921e-01 2.111352535516590814e-02
5.744439556857733331e-01 2.111101126693627067e-02
5.742525381730489986e-01 2.110915144301522828e-02
5.740611844449006185e-01 2.110964510034986016e-02
5.738698944800740831e-01 2.110976792697128596e-02
5.736786682573215002e-01 2.110932444179304882e-02
5.734875057554029709e-01 2.110735854380174290e-02
5.732964069530852580e-01 2.110562076436359180e-02
5.731053718291420074e-01 2.110990785251429247e-02
5.729144003623546366e-01 2.110734080076007851e-02
5.727234925315106695e-01 2.110379749041408140e-02
5.725326483154055124e-01 2.110448067663578398e-02
5.723418676928412330e-01 2.110408011796692865e-02
5.721511506426271154e-01 2.110513801782602089e-02
5.719604971435791052e-01 2.110396318305346811e-02
5.717699071745209194e-01 2.110169429601712471e-02
5.715793807142829364e-01 2.110137375542978089e-02
5.713889177417021958e-01 2.110166764359973010e-02
5.711985182356236201e-01 2.110019985858050534e-02
5.710081821748985709e-01 2.109976704066189590e-02
5.708179095383857371e-01 2.109934245373795703e-02
5.706277003049506913e-01 2.109906675400992360e-02
5.704375544534662223e-01 2.109873295780743951e-02
5.702474719628118915e-01 2.109911375848465276e-02
5.700574528118746986e-01 2.110212087598876268e-02
5.698674969795480827e-01 2.109857171782608676e-02
5.696776044447330323e-01 2.109804648500356733e-02
5.694877751863376414e-01 2.110164473379235947e-02
5.692980091832764433e-01 2.109795942804460964e-02
5.691083064144715209e-01 2.110272793195421340e-02
5.689186668588520623e-01 2.110099775402222641e-02
5.687290904953534731e-01 2.109985801312299486e-02
5.685395773029191524e-01 2.110462392469610038e-02
5.683501272604989385e-01 2.110430676340798936e-02
5.681607403470498863e-01 2.111099227123515096e-02
5.679714165415359339e-01 2.109551109261247059e-02
5.677821558229283472e-01 2.109531267825683412e-02
5.675929581702048310e-01 2.109689899559763840e-02
5.674038235623506399e-01 2.109315047906563240e-02
5.672147519783579117e-01 2.109266574387465287e-02
5.670257433972255567e-01 2.109234115338918386e-02
5.668367977979593686e-01 2.109307781592592579e-02
5.666479151595728014e-01 2.109100222904765343e-02
5.664590954610857487e-01 2.109146920708437553e-02
5.662703386815253204e-01 2.109045671465026653e-02
5.660816447999251766e-01 2.109004542143978062e-02
5.658930137953266382e-01 2.108980946434240583e-02
5.657044456467776872e-01 2.108968350502940514e-02
5.655159403333333001e-01 2.108908591558854989e-02
5.653274978340553369e-01 2.108866707800972212e-02
5.651391181280125409e-01 2.108863502719412336e-02
5.649508011942810937e-01 2.108822341123010521e-02
5.647625470119436164e-01 2.108789364467597571e-02
5.645743555600902797e-01 2.108767897006931513e-02
5.643862268178176933e-01 2.108755776500786938e-02
5.641981607642295726e-01 2.108741652389126142e-02
5.640101573784367384e-01 2.108715538636766335e-02
5.638222166395567836e-01 2.108673729248920076e-02
5.636343385267145178e-01 2.108662005248818083e-02
5.634465230190415230e-01 2.108634827466280767e-02
5.632587700956762644e-01 2.108617177425954267e-02
5.630710797357643127e-01 2.108600867800738618e-02
5.628834519184580110e-01 2.108570378873374576e-02
5.626958866229171408e-01 2.108553842784057289e-02
5.625083838283075899e-01 2.108553518197102752e-02
5.623209435138029066e-01 2.108533985746138817e-02
5.621335656585834117e-01 2.108500638303630048e-02
5.619462502418360872e-01 2.108475044748384097e-02
5.617589972427550205e-01 2.108448473872161569e-02
5.615718066405416264e-01 2.108434115348145621e-02
5.613846784144034263e-01 2.108410724511841638e-02
5.611976125435554907e-01 2.108411445799208972e-02
5.610106090072197738e-01 2.108363833073346669e-02
5.608236677846248908e-01 2.108363680307483168e-02
5.606367888550064515e-01 2.108339950568773741e-02
5.604499721976070603e-01 2.108325728831576124e-02
5.602632177916765377e-01 2.108307916887530026e-02
5.600765256164711436e-01 2.108297006352997244e-02
5.598898956512540215e-01 2.108274296963717417e-02
5.597033278752955310e-01 2.108253241415778897e-02
5.595168222678729153e-01 2.108233870111346497e-02
5.593303788082700789e-01 2.108228972827820222e-02
5.591439974757781428e-01 2.108201583832004095e-02
5.589576782496948892e-01 2.108195598926639394e-02
5.587714211093249839e-01 2.108161800138334124e-02
5.585852260339801978e-01 2.108168973800757587e-02
5.583990930029794075e-01 2.108149119694815304e-02
5.582130219956473738e-01 2.108131173581902565e-02
5.580270129913168509e-01 2.108120884146997415e-02
5.578410659693270324e-01 2.108113501983248025e-02
5.576551809090239953e-01 2.108085564878284593e-02
5.574693577897607000e-01 2.108099024999822088e-02
5.572835965908971012e-01 2.108086773833545841e-02
5.570978972917997041e-01 2.108091434414710585e-02
5.569122598718423411e-01 2.108040020545163401e-02
5.567266843104056173e-01 2.108023654234950431e-02
5.565411705868765768e-01 2.108026477186927122e-02
5.563557186806497024e-01 2.108008732133914015e-02
5.561703285711259159e-01 2.107976833890880253e-02
5.559850002377132450e-01 2.107971487432181573e-02
5.557997336598267113e-01 2.107960756657587323e-02
5.556145288168876650e-01 2.107986023695554087e-02
5.554293856883248948e-01 2.107939210588399143e-02
5.552443042535735174e-01 2.107931600284332699e-02
5.550592844920761992e-01 2.107931421548813258e-02
5.548743263832818240e-01 2.107920469077559714e-02
5.546894299066461587e-01 2.107947874430995613e-02
5.545045950416321867e-01 2.107913933640325962e-02
5.543198217677097750e-01 2.107862682741959079e-02
5.541351100643547856e-01 2.107878091506354065e-02
5.539504599110510741e-01 2.107871075218585230e-02
5.537658712872886024e-01 2.107869727112598665e-02
5.535813441725645490e-01 2.107913056072281341e-02
5.533968785463823092e-01 2.107841245287203971e-02
5.532124743882528284e-01 2.107825131810497563e-02
5.530281316776936018e-01 2.107842572376698864e-02
5.528438503942287863e-01 2.107772082094161448e-02
5.526596305173896440e-01 2.107866878154537188e-02
5.524754720267139874e-01 2.107855262361042065e-02
5.522913749017467344e-01 2.107756773384419913e-02
5.521073391220392423e-01 2.107767367645693030e-02
5.519233646671501958e-01 2.107729974570619197e-02
5.517394515166447189e-01 2.107785541375449545e-02
5.515555996500945968e-01 2.107806902285996875e-02
5.513718090470788313e-01 2.107767701561880438e-02
5.511880796871830857e-01 2.107731002842400808e-02
5.510044115499997952e-01 2.107728700094743321e-02
5.508208046151280568e-01 2.107723189935398547e-02
5.506372588621739617e-01 2.107711786343988147e-02
5.504537742707503734e-01 2.107768537679338000e-02
5.502703508204768168e-01 2.107737880896558974e-02
5.500869884909798113e-01 2.107699880058919867e-02
5.499036872618923155e-01 2.107668669163402508e-02
5.497204471128547265e-01 2.107711335554408524e-02
5.495372680235136587e-01 2.107735175015462009e-02
5.493541499735223876e-01 2.107675983892342772e-02
5.491710929425415166e-01 2.107650415445581210e-02
5.489880969102380881e-01 2.107642479368092986e-02
5.488051618562858058e-01 2.107709341023719651e-02
5.486222877603657011e-01 2.107624905757372533e-02
5.484394746021649114e-01 2.107632586266605310e-02
5.482567223613777907e-01 2.107588433084404966e-02
5.480740310177051322e-01 2.107622304766736121e-02
5.478914005508548346e-01 2.107777599785536429e-02
5.477088309405413469e-01 2.107544849547224319e-02
5.475263221664858904e-01 2.107630718467100317e-02
5.473438742084162367e-01 2.107536541279911302e-02
5.471614870460674851e-01 2.107628852686893248e-02
5.469791606591810629e-01 2.107583624081043466e-02
5.467968950275052809e-01 2.107592767691108745e-02
5.466146901307948891e-01 2.107721209716314006e-02
5.464325459488118542e-01 2.107668758381081239e-02
5.462504624613246929e-01 2.107525358073807434e-02
5.460684396481088054e-01 2.107622558515880387e-02
5.458864774889458094e-01 2.107614346792761884e-02
5.457045759636245386e-01 2.107496118913149835e-02
5.455227350519403773e-01 2.107435118203392077e-02
5.453409547336958152e-01 2.107473591132966867e-02
5.451592349886995592e-01 2.107464432587217995e-02
5.449775757967673107e-01 2.107501680970050306e-02
5.447959771377213212e-01 2.107513940219137710e-02
5.446144389913908368e-01 2.107444892356397093e-02
5.444329613376115429e-01 2.107609950186707312e-02
5.442515441562261191e-01 2.107490086389598657e-02
5.440701874270837957e-01 2.107452498365264965e-02
5.438888911300404638e-01 2.107536329474561654e-02
5.437076552449586764e-01 2.107582064456153814e-02
5.435264797517080915e-01 2.107494736806727123e-02
5.433453646301646955e-01 2.107426158847976877e-02
5.431643098602113584e-01 2.107466817712369545e-02
5.429833154217372782e-01 2.107488181695777243e-02
5.428023812946390914e-01 2.107419067405460339e-02
5.426215074588193188e-01 2.107458863654242121e-02
5.424406938941879197e-01 2.107475537354716252e-02
5.422599405806609596e-01 2.107439689352118978e-02
5.420792474981616094e-01 2.107452037621828506e-02
5.418986146266193682e-01 2.107411249472800063e-02
5.417180419459707297e-01 2.107438098853221115e-02
5.415375294361586267e-01 2.107510735494651233e-02
5.413570770771327645e-01 2.107479075943345659e-02
5.411766848488498427e-01 2.107395056584339052e-02
5.409963527312727782e-01 2.107499907190268570e-02
5.408160807043712603e-01 2.107525869310921188e-02
5.406358687481218617e-01 2.107368274645617795e-02
5.404557168425075941e-01 2.107529259583566447e-02
5.402756249675183531e-01 2.107515054239702049e-02
5.400955931031506951e-01 2.107389613801487552e-02
5.399156212294075052e-01 2.107342947128634791e-02
5.397357093262987737e-01 2.107357907846030970e-02
5.395558573738408192e-01 2.107324994351152808e-02
5.393760653520566217e-01 2.107329297687644473e-02
5.391963332409762666e-01 2.107288225301537019e-02
5.390166610206360565e-01 2.107287880516102094e-02
5.388370486710789553e-01 2.107272407873116149e-02
5.386574961723549215e-01 2.107250328759471478e-02
5.384780035045200197e-01 2.107240301122892401e-02
5.382985706476374199e-01 2.107232352035520381e-02
5.381191975817767315e-01 2.107210088267470402e-02
5.379398842870143360e-01 2.107231010693954437e-02
5.377606307434331656e-01 2.107239977282155188e-02
5.375814369311227026e-01 2.107212708613268037e-02
5.374023028301793126e-01 2.107203453351405922e-02
5.372232284207056896e-01 2.107213510271362458e-02
5.370442136828114110e-01 2.107204132726202273e-02
5.368652585966124935e-01 2.107198172431868147e-02
5.366863631422317260e-01 2.107198954143641237e-02
5.365075272997985589e-01 2.107186936597218313e-02
5.363287510494485488e-01 2.107199066684852656e-02
5.361500343713246908e-01 2.107176225601050529e-02
5.359713772455761971e-01 2.107171759090343405e-02
5.357927796523586084e-01 2.107169982581572759e-02
5.356142415718347927e-01 2.107164826525102438e-02
5.354357629841733912e-01 2.107164805550224354e-02
5.352573438695501507e-01 2.107165586418009023e-02
5.350789842081473680e-01 2.107153692831751843e-02
5.349006839801540014e-01 2.107146840541251204e-02
5.347224431657653376e-01 2.107158596486778321e-02
5.345442617451835465e-01 2.107141957076123437e-02
5.343661396986173484e-01 2.107136446668103277e-02
5.341880770062819028e-01 2.107136199374954472e-02
5.340100736483990307e-01 2.107131695951700023e-02
5.338321296051971032e-01 2.107129395825680859e-02
5.336542448569115971e-01 2.107131192152847388e-02
5.334764193837836510e-01 2.107135141954754459e-02
5.332986531660616203e-01 2.107125532845102733e-02
5.331209461840001884e-01 2.107121117167799415e-02
5.329432984178608113e-01 2.107117576202964526e-02
5.327657098479114950e-01 2.107120554678776000e-02
5.325881804544266851e-01 2.107137728880152314e-02
5.324107102176873774e-01 2.107141683152389741e-02
5.322332991179814510e-01 2.107104568901943184e-02
5.320559471356027803e-01 2.107121963422597943e-02
5.318786542508524562e-01 2.107100556809912012e-02
5.317014204440377867e-01 2.107106762565135252e-02
5.315242456954726302e-01 2.107090812749156522e-02
5.313471299854773955e-01 2.107102880995587874e-02
5.311700732943792636e-01 2.107101351414512533e-02
5.309930756025117438e-01 2.107084075390307926e-02
5.308161368902148958e-01 2.107103243893046485e-02
5.306392571378356626e-01 2.107112673776364437e-02
5.304624363257269826e-01 2.107109359490679651e-02
5.302856744342487882e-01 2.107074852721809929e-02
5.301089714437675626e-01 2.107070636890029380e-02
5.299323273346560059e-01 2.107095243096318571e-02
5.297557420872935907e-01 2.107067277691059004e-02
5.295792156820661178e-01 2.107070778551847073e-02
5.294027480993662715e-01 2.107057801997986798e-02
5.292263393195930643e-01 2.107078436409921818e-02
5.290499893231519479e-01 2.107043381289935846e-02
5.288736980904552576e-01 2.107065517773542770e-02
5.286974656019212127e-01 2.107052572041302405e-02
5.285212918379751379e-01 2.107053049041741899e-02
5.283451767790486864e-01 2.107040754010144554e-02
5.281691204055801725e-01 2.107046696701566149e-02
5.279931226980141279e-01 2.107036665958845340e-02
5.278171836368017455e-01 2.107061529786591336e-02
5.276413032024009908e-01 2.107044583224765288e-02
5.274654813752759352e-01 2.107056639655441668e-02
5.272897181358972007e-01 2.107075299096505469e-02
5.271140134647422926e-01 2.107062826717406509e-02
5.269383673422948222e-01 2.107023984651819337e-02
5.267627797490449515e-01 2.107042968288220380e-02
5.265872506654898366e-01 2.107019881275133677e-02
5.264117800721325180e-01 2.107018285064202537e-02
5.262363679494826973e-01 2.107008638676164183e-02
5.260610142780565157e-01 2.107019242728441072e-02
5.258857190383769975e-01 2.107004088849677090e-02
5.257104822109732734e-01 2.107008230303119775e-02
5.255353037763812463e-01 2.107016872111402983e-02
5.253601837151428144e-01 2.107012095318643377e-02
5.251851220078068705e-01 2.107024182856247554e-02
5.250101186349284133e-01 2.107006091615702681e-02
5.248351735770694360e-01 2.107015626980519862e-02
5.246602868147977050e-01 2.107017870316992350e-02
5.244854583286880922e-01 2.107022834457130886e-02
5.243106880993216867e-01 2.107011292140904476e-02
5.241359761072859058e-01 2.107077145666946469e-02
5.239613223331748282e-01 2.107038364116979590e-02
5.237867267575888608e-01 2.107036997487221966e-02
5.236121893611351830e-01 2.107067121691572759e-02
5.234377101244269692e-01 2.107008748149962266e-02
5.232632890280842775e-01 2.107056051239818498e-02
5.230889260527332718e-01 2.107000297012050563e-02
5.229146211790069998e-01 2.106981795915043032e-02
5.227403743875443931e-01 2.106997375601428121e-02
5.225661856589913778e-01 2.106987590634439023e-02
5.223920549739999863e-01 2.106998322983160213e-02
5.222179823132289123e-01 2.106974667613365979e-02
5.220439676573430665e-01 2.106983239003498709e-02
5.218700109870140214e-01 2.106976782577501747e-02
5.216961122829196773e-01 2.106978893892111696e-02
5.215222715257443742e-01 2.106969583109430041e-02
5.213484886961788911e-01 2.106975668363649662e-02
5.211747637749206685e-01 2.106967324594558044e-02
5.210010967426730311e-01 2.106971786922041609e-02
5.208274875801462978e-01 2.106968501049961973e-02
5.206539362680568939e-01 2.106966747352162148e-02
5.204804427871277950e-01 2.106968581438997332e-02
5.203070071180884160e-01 2.106971069709193470e-02
5.201336292416745000e-01 2.106964509873690550e-02
5.199603091386282294e-01 2.106962514435235800e-02
5.197870467896982261e-01 2.106960785630467708e-02
5.196138421756397729e-01 2.106960388901195358e-02
5.194406952772139263e-01 2.106976073267550695e-02
5.192676060751888478e-01 2.106970861751916030e-02
5.190945745503386943e-01 2.106962949545071462e-02
5.189216006834441730e-01 2.106965669397741978e-02
5.187486844552924303e-01 2.106968977384721456e-02
5.185758258466768300e-01 2.106962011315736266e-02
5.184030248383973971e-01 2.106969640169349331e-02
5.182302814112602629e-01 2.106970366666588088e-02
5.180575955460781090e-01 2.106976272813242818e-02
5.178849672236701673e-01 2.106967801705116397e-02
5.177123964248618870e-01 2.106985028246683572e-02
5.175398831304849345e-01 2.106979278949902210e-02
5.173674273213778596e-01 2.106975009426024364e-02
5.171950289783850963e-01 2.106981017047423327e-02
5.170226880823575177e-01 2.107004082631506667e-02
5.168504046141527697e-01 2.106989152976432300e-02
5.166781785546344929e-01 2.106982319188756975e-02
5.165060098846729897e-01 2.106988708746087430e-02
5.163338985851444463e-01 2.106994319518654124e-02
5.161618446369322655e-01 2.106996826545395884e-02
5.159898480209251792e-01 2.106992805940797325e-02
5.158179087180191358e-01 2.106998794839792799e-02
5.156460267091160787e-01 2.107010753413722515e-02
5.154742019751243909e-01 2.107011514362421706e-02
5.153024344969586723e-01 2.107018899398888437e-02
5.151307242555401844e-01 2.106999422981622322e-02
5.149590712317961838e-01 2.107023260681158139e-02
5.147874754066604774e-01 2.107011094192363931e-02
5.146159367610734225e-01 2.107054098823181454e-02
5.144444552759813716e-01 2.107009574514480399e-02
5.142730309323373383e-01 2.107036688886992568e-02
5.141016637111002208e-01 2.107014697928426272e-02
5.139303535932358002e-01 2.107057200829211274e-02
5.137591005597158533e-01 2.107030595764505798e-02
5.135879045915187069e-01 2.107048793709013004e-02
5.134167656696287940e-01 2.107049828986659601e-02
5.132456837750370982e-01 2.107049625792149078e-02
5.130746588887408199e-01 2.107033525836102608e-02
5.129036909917433773e-01 2.107091055202487545e-02
5.127327800650550715e-01 2.107064398300505237e-02
5.125619260896917551e-01 2.107035386773621621e-02
5.123911290466762747e-01 2.107065641174162354e-02
5.122203889170372504e-01 2.107079190282882403e-02
5.120497056818098525e-01 2.107053922026453849e-02
5.118790793220358015e-01 2.107089098135871488e-02
5.117085098187629244e-01 2.107121361183391176e-02
5.115379971530451542e-01 2.107020840850663129e-02
5.113675413059430852e-01 2.107131263281172492e-02
5.111971422585236402e-01 2.107062197073934426e-02
5.110267999918596260e-01 2.107102037429400831e-02
5.108565144870306218e-01 2.107107638971383867e-02
5.106862857251220911e-01 2.107066358900107350e-02
5.105161136872263805e-01 2.107075389847523975e-02
5.103459983544414991e-01 2.107130021500737763e-02
5.101759397078722280e-01 2.107072827470925225e-02
5.100059377286293438e-01 2.107113695417392463e-02
5.098359923978299513e-01 2.107127118734173146e-02
5.096661036965978164e-01 2.107114204214715486e-02
5.094962716060622565e-01 2.107099366383708219e-02
5.093264961073599162e-01 2.107213225674526083e-02
5.091567771816326582e-01 2.107054632014009055e-02
5.089871148100293397e-01 2.107075569473664325e-02
5.088175089737045909e-01 2.107148489508393549e-02
5.086479596538200365e-01 2.107126044121077416e-02
5.084784668315428524e-01 2.107138556311528507e-02
5.083090304880467647e-01 2.107162545231934872e-02
5.081396506045118278e-01 2.107122831374367775e-02
5.079703271621244243e-01 2.107151363180530604e-02
5.078010601420770431e-01 2.107170373955790516e-02
5.076318495255685015e-01 2.107136762681553754e-02
5.074626952938039448e-01 2.107154549025413645e-02
5.072935974279945137e-01 2.107191058157614066e-02
5.071245559093580102e-01 2.107118513607785654e-02
5.069555707191183425e-01 2.107168485512323289e-02
5.067866418385054139e-01 2.107254562033715126e-02
5.066177692487559003e-01 2.107111617588779823e-02
5.064489529311120286e-01 2.107086242622790637e-02
5.062801928668231310e-01 2.107131081903874589e-02
5.061114890371440911e-01 2.107142471263484876e-02
5.059428414233362314e-01 2.107189293282752188e-02
5.057742500066673141e-01 2.107158256107638170e-02
5.056057147684112074e-01 2.107120056719707230e-02
5.054372356898477747e-01 2.107101313444200569e-02
5.052688127522637629e-01 2.107102158420397567e-02
5.051004459369513588e-01 2.107076834648954206e-02
5.049321352252095219e-01 2.107093007927290929e-02
5.047638805983434285e-01 2.107094867242284564e-02
5.045956820376641394e-01 2.107078500021366749e-02
5.044275395244892657e-01 2.107138536688353894e-02
5.042594530401425246e-01 2.107121405009815263e-02
5.040914225659538506e-01 2.107119778407810437e-02
5.039234480832593954e-01 2.107161599027994325e-02
5.037555295734016392e-01 2.107124837916804841e-02
5.035876670177289460e-01 2.107194986469228953e-02
5.034198603975963415e-01 2.107149078437305437e-02
5.032521096943648464e-01 2.107004120501313263e-02
5.030844148894016987e-01 2.107137026977668609e-02
5.029167759640803537e-01 2.107101619308639207e-02
5.027491928997803727e-01 2.107020526220819423e-02
5.025816656778877567e-01 2.107027885538966666e-02
5.024141942797943905e-01 2.107081807254215094e-02
5.022467786868988204e-01 2.106952759665339098e-02
5.020794188806052549e-01 2.106898405684495476e-02
5.019121148423243417e-01 2.106839204151129269e-02
5.017448665534731678e-01 2.106801377753599741e-02
5.015776739954747043e-01 2.106766553929998245e-02
5.014105371497580288e-01 2.106718808449544941e-02
5.012434559977587689e-01 2.106716132527147733e-02
5.010764305209184366e-01 2.106666395489026344e-02
5.009094607006847610e-01 2.106638301019812115e-02
5.007425465185119107e-01 2.106618413308409057e-02
5.005756879558600492e-01 2.106602022272278593e-02
5.004088849941952244e-01 2.106574625225757225e-02
5.002421376149901455e-01 2.106532387671620696e-02
