9.089826947564526582e-01 2.095342938790456869e-02
9.086798014892895070e-01 2.096249954547491426e-02
9.083770091529053126e-01 2.096304429286134988e-02
9.080743177136673117e-01 2.095747074158929232e-02
9.077717271379546204e-01 2.096870082519776760e-02
9.074692373921571242e-01 2.094856067958336676e-02
9.071668484426761436e-01 2.097158765078683401e-02
9.068645602559242125e-01 2.092168981037446918e-02
9.065623727983247448e-01 2.097823655072475826e-02
9.062602860363124790e-01 2.094933065695820870e-02
9.059582999363336997e-01 2.093812876269412343e-02
9.056564144648452386e-01 2.096520355127299076e-02
9.053546295883158068e-01 2.094234326154989848e-02
9.050529452732245517e-01 2.094501025149353435e-02
9.047513614860624998e-01 2.093155161655000512e-02
9.044498781933312248e-01 2.096820925860034754e-02
9.041484953615441800e-01 2.094924282993407272e-02
9.038472129572250324e-01 2.092619036044845310e-02
9.035460309469092177e-01 2.092622736917402332e-02
9.032449492971436067e-01 2.098631434563153625e-02
9.029439679744852842e-01 2.094178593163280658e-02
9.026430869455034367e-01 2.099382049792595725e-02
9.023423061767776865e-01 2.091739393223208954e-02
9.020416256348993134e-01 2.102009979919463104e-02
9.017410452864704773e-01 2.097268148284389330e-02
9.014405650981044404e-01 2.096886659430846969e-02
9.011401850364256783e-01 2.100505595752360719e-02
9.008399050680695463e-01 2.099943254067751855e-02
9.005397251596829467e-01 2.096342111369327646e-02
9.002396452779235503e-01 2.106749197175228350e-02
8.999396653894603526e-01 2.092142532964852766e-02
8.996397854609731182e-01 2.094687992278657790e-02
8.993400054591534909e-01 2.107759905669085929e-02
8.990403253507032177e-01 2.110694628219687494e-02
8.987407451023357030e-01 2.096893182692654775e-02
8.984412646807754532e-01 2.100948401460119713e-02
8.981418840527576331e-01 2.093849988262787287e-02
8.978426031850293976e-01 2.095201043594505097e-02
8.975434220443477829e-01 2.106752779697838168e-02
8.972443405974819264e-01 2.103909711387411119e-02
8.969453588112115128e-01 2.096023227879011130e-02
8.966464766523272178e-01 2.103491653575984000e-02
8.963476940876312637e-01 2.098400824972620343e-02
8.960490110839365308e-01 2.097524533175717729e-02
8.957504276080671124e-01 2.103517793478160494e-02
8.954519436268580934e-01 2.100856296280836574e-02
8.951535591071557718e-01 2.095388641659950979e-02
8.948552740158169927e-01 2.100154252559100973e-02
8.945570883197104806e-01 2.097342079638470774e-02
8.942590019857152850e-01 2.103084605302298071e-02
8.939610149807215578e-01 2.094198163353558004e-02
8.936631272716307750e-01 2.101239539557349725e-02
8.933653388253557370e-01 2.100898354557902831e-02
8.930676496088194583e-01 2.102472366930407260e-02
8.927700595889563884e-01 2.100965641385444879e-02
8.924725687327120793e-01 2.102583872264049067e-02
8.921751770070429632e-01 2.103095459544431292e-02
8.918778843789167965e-01 2.103463927751291623e-02
8.915806908153114385e-01 2.098707961783238471e-02
8.912835962832170722e-01 2.099078877930458942e-02
8.909866007496337614e-01 2.097132897608297575e-02
8.906897041815731164e-01 2.093330574400027733e-02
8.903929065460577386e-01 2.092340766313529471e-02
8.900962078101209984e-01 2.091095920525270352e-02
8.897996079408073689e-01 2.093477181690660618e-02
8.895031069051723138e-01 2.089134599220206223e-02
8.892067046702820665e-01 2.088846310827052397e-02
8.889104012032142954e-01 2.092755825407242518e-02
8.886141964710571051e-01 2.091640940142397084e-02
8.883180904409100354e-01 2.091428277960324239e-02
8.880220830798833953e-01 2.089245230843057508e-02
8.877261743550982631e-01 2.089665374626123798e-02
8.874303642336870412e-01 2.089259901716143328e-02
8.871346526827927903e-01 2.090146328372198548e-02
8.868390396695696731e-01 2.090006928467883288e-02
8.865435251611823997e-01 2.089579822979394097e-02
8.862481091248074483e-01 2.089631219430546777e-02
8.859527915276315113e-01 2.089832018376592410e-02
8.856575723368524944e-01 2.088661399100626842e-02
8.853624515196791833e-01 2.089467648912191750e-02
8.850674290433312441e-01 2.088808207368918202e-02
8.847725048750396670e-01 2.089543086767517086e-02
8.844776789820454344e-01 2.088395193361017657e-02
8.841829513316015188e-01 2.088863991240558216e-02
8.838883218909712181e-01 2.089381999333593878e-02
8.835937906274285991e-01 2.088976005502495709e-02
8.832993575082592752e-01 2.090045063718187768e-02
8.830050225007588516e-01 2.089494820530721220e-02
8.827107855722347018e-01 2.089063519273255329e-02
8.824166466900046357e-01 2.089596104499237550e-02
8.821226058213974541e-01 2.090630304135279727e-02
8.818286629337528382e-01 2.088696902770761574e-02
8.815348179944212381e-01 2.090243555197566702e-02
8.812410709707643175e-01 2.089153145709014836e-02
8.809474218301542869e-01 2.089447395804948024e-02
8.806538705399741263e-01 2.089576871405485897e-02
8.803604170676182505e-01 2.089787843452655183e-02
8.800670613804912890e-01 2.089244445780514756e-02
8.797738034460093060e-01 2.088970061148251109e-02
8.794806432315986910e-01 2.089784952824746966e-02
8.791875807046970470e-01 2.089250116312182937e-02
8.788946158327528568e-01 2.089912324874197355e-02
8.786017485832249285e-01 2.090230448530065732e-02
8.783089789235837275e-01 2.089858174949345282e-02
8.780163068213099331e-01 2.090050014507270626e-02
8.777237322438952161e-01 2.089295055064747941e-02
8.774312551588423492e-01 2.089258390111956715e-02
8.771388755336643195e-01 2.090003494660895231e-02
8.768465933358855491e-01 2.090049166617219747e-02
8.765544085330412294e-01 2.089299508666463481e-02
8.762623210926768769e-01 2.090229908750076276e-02
8.759703309823493322e-01 2.090596714303450537e-02
8.756784381696260944e-01 2.089455004807418484e-02
8.753866426220853203e-01 2.090161107713682867e-02
8.750949443073162692e-01 2.090209181761648605e-02
8.748033431929185255e-01 2.089630949397490792e-02
8.745118392465028867e-01 2.090172900452774013e-02
8.742204324356910305e-01 2.089593801868465731e-02
8.739291227281148489e-01 2.090352403096554929e-02
8.736379100914176687e-01 2.090148764200015427e-02
8.733467944932532534e-01 2.090081117278210637e-02
8.730557759012860242e-01 2.089812992254998225e-02
8.727648542831916156e-01 2.090298572257186238e-02
8.724740296066559875e-01 2.089986979896016339e-02
8.721833018393762016e-01 2.089896357736821877e-02
8.718926709490596449e-01 2.089889866010590999e-02
8.716021369034252508e-01 2.090213239073120816e-02
8.713116996702017225e-01 2.090957500301163577e-02
8.710213592171293095e-01 2.090696223757221306e-02
8.707311155119585866e-01 2.090017186021051951e-02
8.704409685224511195e-01 2.089999222317582422e-02
8.701509182163787992e-01 2.090175730367959880e-02
8.698609645615250630e-01 2.090620088357466808e-02
8.695711075256831180e-01 2.090610151416560231e-02
8.692813470766574957e-01 2.090090800938864540e-02
8.689916831822632748e-01 2.090062659289267100e-02
8.687021158103264140e-01 2.090088071286498247e-02
8.684126449286834193e-01 2.090332780576999519e-02
8.681232705051816767e-01 2.091037158274577576e-02
8.678339925076791195e-01 2.090493988025267022e-02
8.675448109040443390e-01 2.090351255665250443e-02
8.672557256621569177e-01 2.090506200912194482e-02
8.669667367499069854e-01 2.090138999257770691e-02
8.666778441351951079e-01 2.090420879221480815e-02
8.663890477859329531e-01 2.090388157780848077e-02
8.661003476700429582e-01 2.090519925292530501e-02
8.658117437554576634e-01 2.090351939904090683e-02
8.655232360101210443e-01 2.090501283611090333e-02
8.652348244019868462e-01 2.091102444922786005e-02
8.649465088990204720e-01 2.090472478619852595e-02
8.646582894691974275e-01 2.090414970952634080e-02
8.643701660805038767e-01 2.090989216791184352e-02
8.640821387009368637e-01 2.090499654036113986e-02
8.637942072985039799e-01 2.090580497093151233e-02
8.635063718412234746e-01 2.091010680384226827e-02
8.632186322971243664e-01 2.090906777878084877e-02
8.629309886342463320e-01 2.091020340900802410e-02
8.626434408206392623e-01 2.091439734389445235e-02
8.623559888243644833e-01 2.091678840681611765e-02
8.620686326134932020e-01 2.091625195356609790e-02
8.617813721561078388e-01 2.090694903176383221e-02
8.614942074203010280e-01 2.091137566445322449e-02
8.612071383741761732e-01 2.091665574217363086e-02
8.609201649858474470e-01 2.091320247103039404e-02
8.606332872234395692e-01 2.090944780141743703e-02
8.603465050550879178e-01 2.091742814246344562e-02
8.600598184489381959e-01 2.092197773929511950e-02
8.597732273731469865e-01 2.091050339990176837e-02
8.594867317958817532e-01 2.091321309570112752e-02
8.592003316853199513e-01 2.092272410384478365e-02
8.589140270096499163e-01 2.091710270573278116e-02
8.586278177370708642e-01 2.091316693582866496e-02
8.583417038357923357e-01 2.091982856414112413e-02
8.580556852740341967e-01 2.090652976498739296e-02
8.577697620200274153e-01 2.092962028168855737e-02
8.574839340420133960e-01 2.092177050213155434e-02
8.571982013082438678e-01 2.091920715402608225e-02
8.569125637869815515e-01 2.091328317344790660e-02
8.566270214464992705e-01 2.093398416810189622e-02
8.563415742550808396e-01 2.092125113033376643e-02
8.560562221810205097e-01 2.092109228442947180e-02
8.557709651926229677e-01 2.093790075745031662e-02
8.554858032582034477e-01 2.093056059131447391e-02
8.552007363460880640e-01 2.093501748970282711e-02
8.549157644246131449e-01 2.093098114334751916e-02
8.546308874621255658e-01 2.092165204386342570e-02
8.543461054269833044e-01 2.092305348107581509e-02
8.540614182875541083e-01 2.094574310633936717e-02
8.537768260122164943e-01 2.093515322660062170e-02
8.534923285693600814e-01 2.092527438229530024e-02
8.532079259273842586e-01 2.093958966808799269e-02
8.529236180546991841e-01 2.093822368505829715e-02
8.526394049197258962e-01 2.093358827079816464e-02
8.523552864908955362e-01 2.093140376474441830e-02
8.520712627366499037e-01 2.093591431280619752e-02
8.517873336254415673e-01 2.094145716738022786e-02
8.515034991257328656e-01 2.093617033195492236e-02
8.512197592059974616e-01 2.095168625089624884e-02
8.509361138347192322e-01 2.095568171923315945e-02
8.506525629803922683e-01 2.093248783132834259e-02
8.503691066115216524e-01 2.094599470372276659e-02
8.500857446966227915e-01 2.096257456406016781e-02
8.498024772042213071e-01 2.093990636959978599e-02
8.495193041028535896e-01 2.094897782377751899e-02
8.492362253610665768e-01 2.093479926934524449e-02
8.489532409474173091e-01 2.095642564192611024e-02
8.486703508304737076e-01 2.096592778509261124e-02
8.483875549788141290e-01 2.093014367969762632e-02
8.481048533610270335e-01 2.095051961620191319e-02
8.478222459457117610e-01 2.095344842493705034e-02
8.475397327014777549e-01 2.096127768931847074e-02
8.472573135969454494e-01 2.096762222157204369e-02
8.469749886007451600e-01 2.094535102126064002e-02
8.466927576815179712e-01 2.096482296595553185e-02
8.464106208079152927e-01 2.097775565555496172e-02
8.461285779485990810e-01 2.092582861896117100e-02
8.458466290722416181e-01 2.095277481241197143e-02
8.455647741475256218e-01 2.098892530471415524e-02
8.452830131431445793e-01 2.097307123077416652e-02
8.450013460278019695e-01 2.097192446645227901e-02
8.447197727702118186e-01 2.094718888138749624e-02
8.444382933390987001e-01 2.098085694832624651e-02
8.441569077031975121e-01 2.095344860054317374e-02
8.438756158312538114e-01 2.095029973942091894e-02
8.435944176920230353e-01 2.098890560187332763e-02
8.433133132542715016e-01 2.095414300599664909e-02
8.430323024867758530e-01 2.100509548090231937e-02
8.427513853583230574e-01 2.094145933596918210e-02
8.424705618377104077e-01 2.095749997610745277e-02
8.421898318937458550e-01 2.100999793715664643e-02
8.419091954952473422e-01 2.097902053175723647e-02
8.416286526110435817e-01 2.097205885078986740e-02
8.413482032099734997e-01 2.094403342413234462e-02
8.410678472608865697e-01 2.097319553989248839e-02
8.407875847326422569e-01 2.101399983361399576e-02
8.405074155941107961e-01 2.098255684954464587e-02
8.402273398141727467e-01 2.097798184447254369e-02
8.399473573617188826e-01 2.100502756713876207e-02
8.396674682056501915e-01 2.097777876014771808e-02
8.393876723148785413e-01 2.094474531369713496e-02
8.391079696583255698e-01 2.095459426284954768e-02
8.388283602049239063e-01 2.104458997621633590e-02
8.385488439236159497e-01 2.098186318669815337e-02
8.382694207833547573e-01 2.098030178906373777e-02
8.379900907531037113e-01 2.099769910905546419e-02
8.377108538018362971e-01 2.099282962853020462e-02
8.374317098985368801e-01 2.097078087739545973e-02
8.371526590121994849e-01 2.096938415275848705e-02
8.368737011118287938e-01 2.099764593298061865e-02
8.365948361664399258e-01 2.099233798973157428e-02
8.363160641450582133e-01 2.099722943303623801e-02
8.360373850167190923e-01 2.100607274783984971e-02
8.357587987504688787e-01 2.098312177437725023e-02
8.354803053153637693e-01 2.101380822506152338e-02
8.352019046804702862e-01 2.100728801333567181e-02
8.349235968148652764e-01 2.096398454465048244e-02
8.346453816876360232e-01 2.096829557501067934e-02
8.343672592678799127e-01 2.098407850297679886e-02
8.340892295247049892e-01 2.102647285893665188e-02
8.338112924272291782e-01 2.098552536095089904e-02
8.335334479445809519e-01 2.101922497312421270e-02
8.332556960458989970e-01 2.099786503730736303e-02
8.329780367003321029e-01 2.097037748523529477e-02
8.327004698770397173e-01 2.095690123493268789e-02
8.324229955451912799e-01 2.102050855097454748e-02
8.321456136739664444e-01 2.098234908181023650e-02
8.318683242325555227e-01 2.098897327524010953e-02
8.315911271901589297e-01 2.096315941858816270e-02
8.313140225159867391e-01 2.102046654286493163e-02
8.310370101792602382e-01 2.098239587910819687e-02
8.307600901492105949e-01 2.101181579148929043e-02
8.304832623950788584e-01 2.096242772304433843e-02
8.302065268861166247e-01 2.103487649417710298e-02
8.299298835915860373e-01 2.101035292291983381e-02
8.296533324807590093e-01 2.105989934533719979e-02
8.293768735229181122e-01 2.099281721888484817e-02
8.291005066873555762e-01 2.104457275506973687e-02
8.288242319433744010e-01 2.098389680799375018e-02
8.285480492602875779e-01 2.099007243142131732e-02
8.282719586074185347e-01 2.099901976798842357e-02
8.279959599541003579e-01 2.098717757707212889e-02
8.277200532696770141e-01 2.100603795418371986e-02
8.274442385235024622e-01 2.098538279825712394e-02
8.271685156849407639e-01 2.097992161526219049e-02
8.268928847233663060e-01 2.096976248775081833e-02
8.266173456081634674e-01 2.099522432009531467e-02
8.263418983087272851e-01 2.100841639496991986e-02
8.260665427944623440e-01 2.096039347732530853e-02
8.257912790347839982e-01 2.099732933425992043e-02
8.255161069991177047e-01 2.098554350967020421e-02
8.252410266568985797e-01 2.097491469280067175e-02
8.249660379775727304e-01 2.099312939882191226e-02
8.246911409305957008e-01 2.100493301856196440e-02
8.244163354854338044e-01 2.102713091862765463e-02
8.241416216115632354e-01 2.101850239761072353e-02
8.238669992784704021e-01 2.105642356787674335e-02
8.235924684556518161e-01 2.103625483166662521e-02
8.233180291126142025e-01 2.110530549457927119e-02
8.230436812188745010e-01 2.117736999804689310e-02
8.227694247439597541e-01 2.103722969889099820e-02
8.224952596574073294e-01 2.099688468107794095e-02
8.222211859287643643e-01 2.096628755088666973e-02
8.219472035275884325e-01 2.101186841168874164e-02
8.216733124234473218e-01 2.100347078533319409e-02
8.213995125859184787e-01 2.100328778211124278e-02
8.211258039845902301e-01 2.100231190715485044e-02
8.208521865890604507e-01 2.099702791281393699e-02
8.205786603689374514e-01 2.101670267763973768e-02
8.203052252938394240e-01 2.102500759209804601e-02
8.200318813333948853e-01 2.101580660507995635e-02
8.197586284572424553e-01 2.098764607931696835e-02
8.194854666350307459e-01 2.101296144145417544e-02
8.192123958364184722e-01 2.101522249658822547e-02
8.189394160310747850e-01 2.099334462153387357e-02
8.186665271886786055e-01 2.097585512196172702e-02
8.183937292789188467e-01 2.102066716341301558e-02
8.181210222714948577e-01 2.103827541391629918e-02
8.178484061361160906e-01 2.101581012192999670e-02
8.175758808425021007e-01 2.099418118569097713e-02
8.173034463603818800e-01 2.100252044808582214e-02
8.170311026594951898e-01 2.102535716736002314e-02
8.167588497095920053e-01 2.106069506908073499e-02
8.164866874804317387e-01 2.105822656106813226e-02
8.162146159417844604e-01 2.098768806874569057e-02
8.159426350634298997e-01 2.103158860493162252e-02
8.156707448151582218e-01 2.105979555009690127e-02
8.153989451667691402e-01 2.101217560793814873e-02
8.151272360880732482e-01 2.109155433925808537e-02
8.148556175488901321e-01 2.101070687960295003e-02
8.145840895190503694e-01 2.104325640556176449e-02
8.143126519683941966e-01 2.109599108720254176e-02
8.140413048667719531e-01 2.098800039986441213e-02
8.137700481840438593e-01 2.106961627944645837e-02
8.134988818900803498e-01 2.109940273185845205e-02
8.132278059547620730e-01 2.110118511581431100e-02
8.129568203479794475e-01 2.100360000314447501e-02
8.126859250396326617e-01 2.102317883150896238e-02
8.124151199996328954e-01 2.110674419851425385e-02
8.121444051979000989e-01 2.103091218631679415e-02
8.118737806043653249e-01 2.098052692437884711e-02
8.116032461889689520e-01 2.108738812488390735e-02
8.113328019216617948e-01 2.107049425230869688e-02
8.110624477724041048e-01 2.104604704579393290e-02
8.107921837111670138e-01 2.102658322612292741e-02
8.105220097079309793e-01 2.103983352802266810e-02
8.102519257326866731e-01 2.104271973111869476e-02
8.099819317554348697e-01 2.104631513652089475e-02
8.097120277461861138e-01 2.101175251815010081e-02
8.094422136749609420e-01 2.100699087293664974e-02
8.091724895117903271e-01 2.104333142455884487e-02
8.089028552267147898e-01 2.101504818791308238e-02
8.086333107897848427e-01 2.100902938541196127e-02
8.083638561710609904e-01 2.101492476291475994e-02
8.080944913406140628e-01 2.098919994919111118e-02
8.078252162685244375e-01 2.099389104226877245e-02
8.075560309248828172e-01 2.097664680320282526e-02
8.072869352797894527e-01 2.101005117915766968e-02
8.070179293033550305e-01 2.099134528715181081e-02
8.067490129656997855e-01 2.099700078562726641e-02
8.064801862369539442e-01 2.098289262261907040e-02
8.062114490872582806e-01 2.099855673201665024e-02
8.059428014867626722e-01 2.097941342884470164e-02
8.056742434056273217e-01 2.097790040367204095e-02
8.054057748140226458e-01 2.099212494912848503e-02
8.051373956821284983e-01 2.096865828889333747e-02
8.048691059801350578e-01 2.097255295953013784e-02
8.046009056782422730e-01 2.098340596846609563e-02
8.043327947466599737e-01 2.098878634049891959e-02
8.040647731556080924e-01 2.097519391813280204e-02
8.037968408753162208e-01 2.097844259097188940e-02
8.035289978760242757e-01 2.098051644362021462e-02
8.032612441279814997e-01 2.098091565452679663e-02
8.029935796014475713e-01 2.098846456718858611e-02
8.027260042666919393e-01 2.098106027593508310e-02
8.024585180939940443e-01 2.098064901703431198e-02
8.021911210536426529e-01 2.098165157271443884e-02
8.019238131159373006e-01 2.098705494342732736e-02
8.016565942511868492e-01 2.098158849725605818e-02
8.013894644297102632e-01 2.098033272491707513e-02
8.011224236218362771e-01 2.097275125662132617e-02
8.008554717979035065e-01 2.098741686827334391e-02
8.005886089282606699e-01 2.098002242023705791e-02
8.003218349832663669e-01 2.098459921266252609e-02
8.000551499332884120e-01 2.099014707488304141e-02
7.997885537487053886e-01 2.098040411699222951e-02
7.995220463999055394e-01 2.099146002494025470e-02
7.992556278572864326e-01 2.098183263062863846e-02
7.989892980912558507e-01 2.098936162866170060e-02
7.987230570722317902e-01 2.098482169844064979e-02
7.984569047706414624e-01 2.099112961374158259e-02
7.981908411569224038e-01 2.098310859426032529e-02
7.979248662015218096e-01 2.098630431477120986e-02
7.976589798748967564e-01 2.098567567874686651e-02
7.973931821475142012e-01 2.097875939872816467e-02
7.971274729898509825e-01 2.099270020769468739e-02
7.968618523723934866e-01 2.098274344485488024e-02
7.965963202656382025e-01 2.099779578426272733e-02
7.963308766400913896e-01 2.099335447364515661e-02
7.960655214662692991e-01 2.098469766697506206e-02
7.958002547146976191e-01 2.097850319881080713e-02
7.955350763559123628e-01 2.098274852636677554e-02
7.952699863604588693e-01 2.098552494399352070e-02
7.950049846988924696e-01 2.098368858006429902e-02
7.947400713417783757e-01 2.098124830675110464e-02
7.944752462596917919e-01 2.098115697217167730e-02
7.942105094232173590e-01 2.098401492416834130e-02
7.939458608029497100e-01 2.098399441117855535e-02
7.936813003694930257e-01 2.098329970211424908e-02
7.934168280934619233e-01 2.098481285909845409e-02
7.931524439454801234e-01 2.099472766161896223e-02
7.928881478961812279e-01 2.098236510931753007e-02
7.926239399162091637e-01 2.099228111368025423e-02
7.923598199762169614e-01 2.098872134743103371e-02
7.920957880468679768e-01 2.098844860405408436e-02
7.918318440988348916e-01 2.098974229708192377e-02
7.915679881028007125e-01 2.098859873929504599e-02
7.913042200294574391e-01 2.099272162081470758e-02
7.910405398495076179e-01 2.099684560920697662e-02
7.907769475336630105e-01 2.099209247235175879e-02
7.905134430526452594e-01 2.100200628222733887e-02
7.902500263771862210e-01 2.099479012529230360e-02
7.899866974780268558e-01 2.099324214003574912e-02
7.897234563259181161e-01 2.100204402918948512e-02
7.894603028916209464e-01 2.100264383437613902e-02
7.891972371459055058e-01 2.099889627724098318e-02
7.889342590595522786e-01 2.100435740909841614e-02
7.886713686033511861e-01 2.099679512617301166e-02
7.884085657481016973e-01 2.100599949371741507e-02
7.881458504646133845e-01 2.099765134723400456e-02
7.878832227237055896e-01 2.100587346216917922e-02
7.876206824962067587e-01 2.100924353171169240e-02
7.873582297529556628e-01 2.100464943314460375e-02
7.870958644648007319e-01 2.100588961359549367e-02
7.868335866025997216e-01 2.101630074870348627e-02
7.865713961372207130e-01 2.101284689474142153e-02
7.863092930395407798e-01 2.101550816481664863e-02
7.860472772804472097e-01 2.100568446131781397e-02
7.857853488308369494e-01 2.101616615117771203e-02
7.855235076616163825e-01 2.101110481216765177e-02
7.852617537437016626e-01 2.101177291222682680e-02
7.850000870480190462e-01 2.101244450444295780e-02
7.847385075455037828e-01 2.101774115743192464e-02
7.844770152071013358e-01 2.101255924705013739e-02
7.842156100037667166e-01 2.102032631616411462e-02
7.839542919064644844e-01 2.101931277643350610e-02
7.836930608861690795e-01 2.101738671510725714e-02
7.834319169138643790e-01 2.101852960515426458e-02
7.831708599605441412e-01 2.102061150311677895e-02
7.829098899972116721e-01 2.101950080928784506e-02
7.826490069948800476e-01 2.102173656400124421e-02
7.823882109245716698e-01 2.102239096598719492e-02
7.821275017573192656e-01 2.102591960690258777e-02
7.818668794641645547e-01 2.102805725023849590e-02
7.816063440161590270e-01 2.102637085874576456e-02
7.813458953843641641e-01 2.102772689315212870e-02
7.810855335398508847e-01 2.103074797317635788e-02
7.808252584536995444e-01 2.103127529739024296e-02
7.805650700970004907e-01 2.103248093116353093e-02
7.803049684408535080e-01 2.103407785846679937e-02
7.800449534563680398e-01 2.103560170557294134e-02
7.797850251146629663e-01 2.103859265321169139e-02
7.795251833868674929e-01 2.103899973617547048e-02
7.792654282441193736e-01 2.104202303019839237e-02
7.790057596575667986e-01 2.104360698864121346e-02
7.787461775983672840e-01 2.104581016220037626e-02
7.784866820376878938e-01 2.104736051247916781e-02
7.782272729467056838e-01 2.104968317043413514e-02
7.779679502966068139e-01 2.105251736063407791e-02
7.777087140585872138e-01 2.105568487418435497e-02
7.774495642038524723e-01 2.105885426907125671e-02
7.771905007036179480e-01 2.106273963907331903e-02
7.769315235291081034e-01 2.106508224622229836e-02
7.766726326515575041e-01 2.106789336407577720e-02
7.764138280422101523e-01 2.107178567705256939e-02
7.761551096723192655e-01 2.107516740147162559e-02
7.758964775131481639e-01 2.107850789358247517e-02
7.756379315359696047e-01 2.108220609211591476e-02
7.753794717120654489e-01 2.108741797453131742e-02
7.751210980127277717e-01 2.109136131412020845e-02
7.748628104092580848e-01 2.109685616186132359e-02
7.746046088729670043e-01 2.110232026310648532e-02
7.743464933751751378e-01 2.110776959426775498e-02
7.740884638872127521e-01 2.111489082645589752e-02
7.738305203804191068e-01 2.112341910861211675e-02
7.735726628261438975e-01 2.113225248536932874e-02
7.733148911957451466e-01 2.114330198739796177e-02
7.730572054605915344e-01 2.115546999731752337e-02
7.727996055920607343e-01 2.117201524233538329e-02
7.725420915615401896e-01 2.119079794800957095e-02
7.722846633404267802e-01 2.121473195641432330e-02
7.720273209001266013e-01 2.124675135874673146e-02
7.717700642120558507e-01 2.128919729476946507e-02
7.715128932476399415e-01 2.134705164636589020e-02
7.712558079783138343e-01 2.142656594408059653e-02
7.709988083755218158e-01 2.154049338850697395e-02
7.707418944107182757e-01 2.171374874160553192e-02
7.704850660553663744e-01 2.201138544429415839e-02
7.702283232809394864e-01 2.266137780506427904e-02
7.699716660589197570e-01 2.259824654163211655e-02
7.697150943607994344e-01 2.199301540083721182e-02
7.694586081580799819e-01 2.172324396062697699e-02
7.692022074222725214e-01 2.158879997775484810e-02
7.689458921248975010e-01 2.151904328436208061e-02
7.686896622374850274e-01 2.148260634306273231e-02
7.684335177315744225e-01 2.148171552191683806e-02
7.681774585787148890e-01 2.152888230912860384e-02
7.679214847504646224e-01 2.161622248816226499e-02
7.676655962183916992e-01 2.174224157510391831e-02
7.674097929540736329e-01 2.192028289647817221e-02
7.671540749290971517e-01 2.219001463097976939e-02
7.668984421150588648e-01 2.265607306065711354e-02
7.666428944835642634e-01 2.295268118386467604e-02
7.663874320062288303e-01 2.240702611868631428e-02
7.661320546546771526e-01 2.205285866321740271e-02
7.658767624005435870e-01 2.182860360956636117e-02
7.656215552154718162e-01 2.167242947572901868e-02
7.653664330711147379e-01 2.154890419952417563e-02
7.651113959391349084e-01 2.144749955183838236e-02
7.648564437912045433e-01 2.136747027234634985e-02
7.646015765990047397e-01 2.130508506714931874e-02
7.643467943342265869e-01 2.125527433659728932e-02
7.640920969685703890e-01 2.121873711456699271e-02
7.638374844737457758e-01 2.118686153192710087e-02
7.635829568214718144e-01 2.116451494294509933e-02
7.633285139834772304e-01 2.114517723003543279e-02
7.630741559315000755e-01 2.112875207440013947e-02
7.628198826372875052e-01 2.111630508378280896e-02
7.625656940725966670e-01 2.110620993465833414e-02
7.623115902091935903e-01 2.109953335335519251e-02
7.620575710188538521e-01 2.109314943248542795e-02
7.618036364733627996e-01 2.108984845590407622e-02
7.615497865445145509e-01 2.108334321779514395e-02
7.612960212041131047e-01 2.108059823049910839e-02
7.610423404239716749e-01 2.107749761167652947e-02
7.607887441759130231e-01 2.107648858489184415e-02
7.605352324317691259e-01 2.107333911558658887e-02
7.602818051633811747e-01 2.107069580960121633e-02
7.600284623426002417e-01 2.106985190934649796e-02
7.597752039412865033e-01 2.106998513652915198e-02
7.595220299313092394e-01 2.107107471331225862e-02
7.592689402845477220e-01 2.106744592204549266e-02
7.590159349728901050e-01 2.106530236819290428e-02
7.587630139682339792e-01 2.106673960525091635e-02
7.585101772424864830e-01 2.106182916737276908e-02
7.582574247675638590e-01 2.106214899708697824e-02
7.580047565153918976e-01 2.105975885279384729e-02
7.577521724579060480e-01 2.106062868837472318e-02
7.574996725670501974e-01 2.105945707754034932e-02
7.572472568147785577e-01 2.105781124316611144e-02
7.569949251730542228e-01 2.105330718864906192e-02
7.567426776138495015e-01 2.105736968005461618e-02
7.564905141091464724e-01 2.105589777633367840e-02
7.562384346309360961e-01 2.105271945202730893e-02
7.559864391512189918e-01 2.105082132096951220e-02
7.557345276420048830e-01 2.105085849926704306e-02
7.554827000753130406e-01 2.105180336765163571e-02
7.552309564231719508e-01 2.104832824926222354e-02
7.549792966576193143e-01 2.104838581248889492e-02
7.547277207507023800e-01 2.104683530415910053e-02
7.544762286744775004e-01 2.104944048355446642e-02
7.542248204010104651e-01 2.104215923109094277e-02
7.539734959023762784e-01 2.104532854133362579e-02
7.537222551506593815e-01 2.104456388123797025e-02
7.534710981179534306e-01 2.104113802351020510e-02
7.532200247763610745e-01 2.104568645238470703e-02
7.529690350979950653e-01 2.104042397111790044e-02
7.527181290549767034e-01 2.104482292427057796e-02
7.524673066194368376e-01 2.105020213225594281e-02
7.522165677635156422e-01 2.103755490871675113e-02
7.519659124593625066e-01 2.104011451181101583e-02
7.517153406791360348e-01 2.104194462708535232e-02
7.514648523950043790e-01 2.104252419436154764e-02
7.512144475791445730e-01 2.103269017123857859e-02
7.509641262037433096e-01 2.103372325544340324e-02
7.507138882409961633e-01 2.104791438959171396e-02
7.504637336631084787e-01 2.103705519904971663e-02
7.502136624422943711e-01 2.104934468162162134e-02
7.499636745507773927e-01 2.103392495413740002e-02
7.497137699607904215e-01 2.104054051049868146e-02
7.494639486445754395e-01 2.103023788954468121e-02
7.492142105743839764e-01 2.104056674558421255e-02
7.489645557224764438e-01 2.103871246477224261e-02
7.487149840611225793e-01 2.104006142947148841e-02
7.484654955626017792e-01 2.103798190324818532e-02
7.482160901992019886e-01 2.105401476094808516e-02
7.479667679432208116e-01 2.104115317766682217e-02
7.477175287669651782e-01 2.103492546750584946e-02
7.474683726427507890e-01 2.102512115111222768e-02
7.472192995429032258e-01 2.104288054215511933e-02
7.469703094397565080e-01 2.103473072092339538e-02
7.467214023056545358e-01 2.103124495827682003e-02
7.464725781129502025e-01 2.104262138088025536e-02
7.462238368340055050e-01 2.103816794715407390e-02
7.459751784411917663e-01 2.104880087612528636e-02
7.457266029068893021e-01 2.105279947860713013e-02
7.454781102034881979e-01 2.104082371255956360e-02
7.452297003033869771e-01 2.102425888988425709e-02
7.449813731789938220e-01 2.103039176702329108e-02
7.447331288027263518e-01 2.103666585906013853e-02
7.444849671470106234e-01 2.104829964519454658e-02
7.442368881842824635e-01 2.106007990039574992e-02
7.439888918869868029e-01 2.106268101134749562e-02
7.437409782275774539e-01 2.104687069352873668e-02
7.434931471785178880e-01 2.102825397514438907e-02
7.432453987122803474e-01 2.102639343789853427e-02
7.429977328013466220e-01 2.102908610768740305e-02
7.427501494182071617e-01 2.106810249784630412e-02
7.425026485353619643e-01 2.104447537522450770e-02
7.422552301253201312e-01 2.105602034255460442e-02
7.420078941605998679e-01 2.102901958773330596e-02
7.417606406137285946e-01 2.105811437798267918e-02
7.415134694572428353e-01 2.102930590193962182e-02
7.412663806636882180e-01 2.105307454877252196e-02
7.410193742056195854e-01 2.104135131522399255e-02
7.407724500556009950e-01 2.104900911901639443e-02
7.405256081862056083e-01 2.104037598477111540e-02
7.402788485700154686e-01 2.105600911779441711e-02
7.400321711796222779e-01 2.105443716264572898e-02
7.397855759876263981e-01 2.103704596511322966e-02
7.395390629666374060e-01 2.103987896802671925e-02
7.392926320892742043e-01 2.105556958720278260e-02
7.390462833281649102e-01 2.106060625994898849e-02
7.388000166559461901e-01 2.102874337205377919e-02
7.385538320452642580e-01 2.109821284995391094e-02
7.383077294687747649e-01 2.104236249845624698e-02
7.380617088991415775e-01 2.103894810794810361e-02
7.378157703090386654e-01 2.104220509266227501e-02
7.375699136711481030e-01 2.105311293127906658e-02
7.373241389581620675e-01 2.105484518031060931e-02
7.370784461427809520e-01 2.105381299548059193e-02
7.368328351977150303e-01 2.109233856413335675e-02
7.365873060956831253e-01 2.104912979063269796e-02
7.363418588094132744e-01 2.106204240099064304e-02
7.360964933116426190e-01 2.104376397504790705e-02
7.358512095751176263e-01 2.103243665351446634e-02
7.356060075725934233e-01 2.105708728939695989e-02
7.353608872768343518e-01 2.102078229578051294e-02
7.351158486606140796e-01 2.109560834003175456e-02
7.348708916967152671e-01 2.103367056895293075e-02
7.346260163579291236e-01 2.105576776811037693e-02
7.343812226170567392e-01 2.104276794202238760e-02
7.341365104469077529e-01 2.102608080817227817e-02
7.338918798203009075e-01 2.103270075973248318e-02
7.336473307100641605e-01 2.106614938733078132e-02
7.334028630890344624e-01 2.107298821535615041e-02
7.331584769300577564e-01 2.102814115303771464e-02
7.329141722059890895e-01 2.108390872732800875e-02
7.326699488896923906e-01 2.102199972981155796e-02
7.324258069540410254e-01 2.103981966634764500e-02
7.321817463719170194e-01 2.104960288173913369e-02
7.319377671162116128e-01 2.109818718744583058e-02
7.316938691598248168e-01 2.105380106376494864e-02
7.314500524756663014e-01 2.107274578121441991e-02
7.312063170366540632e-01 2.111027934023717786e-02
7.309626628157153139e-01 2.103311689166895496e-02
7.307190897857867018e-01 2.109859007071436879e-02
7.304755979198134241e-01 2.107066763585119240e-02
7.302321871907497819e-01 2.110923377812078811e-02
7.299888575715591799e-01 2.101478221444459324e-02
7.297456090352141267e-01 2.109050600178154905e-02
7.295024415546957908e-01 2.106520819301882855e-02
7.292593551029947774e-01 2.107353802115434493e-02
7.290163496531103515e-01 2.104874211685412583e-02
7.287734251780508821e-01 2.100363005031350219e-02
7.285305816508339527e-01 2.103173465177993889e-02
7.282878190444858069e-01 2.103378087111778399e-02
7.280451373320416808e-01 2.105207581375443185e-02
7.278025364865461366e-01 2.108007644010949019e-02
7.275600164810523962e-01 2.105059293025058134e-02
7.273175772886227852e-01 2.104050175062347275e-02
7.270752188823286222e-01 2.104313294266858120e-02
7.268329412352501073e-01 2.104336206318828742e-02
7.265907443204766558e-01 2.106121109139623068e-02
7.263486281111062315e-01 2.109304711701829455e-02
7.261065925802461241e-01 2.105890375685584917e-02
7.258646377010122830e-01 2.105338731213185488e-02
7.256227634465300946e-01 2.107778369548283376e-02
7.253809697899333830e-01 2.108539208121433528e-02
7.251392567043652981e-01 2.103799312233474439e-02
7.248976241629775386e-01 2.106252448190661791e-02
7.246560721389311288e-01 2.108198754913998343e-02
7.244146006053959752e-01 2.101569942364105159e-02
7.241732095355508658e-01 2.108308729048217686e-02
7.239318989025832485e-01 2.105434375821123652e-02
7.236906686796898969e-01 2.106954792447698899e-02
7.234495188400765775e-01 2.104924319275441880e-02
7.232084493569574946e-01 2.104821397071213879e-02
7.229674602035562891e-01 2.106177139741316831e-02
7.227265513531052621e-01 2.103733037708241382e-02
7.224857227788455960e-01 2.104846582642623185e-02
7.222449744540274663e-01 2.103391711935505975e-02
7.220043063519101523e-01 2.106681460368221848e-02
7.217637184457614818e-01 2.103917859929701692e-02
7.215232107088584979e-01 2.103716889767797554e-02
7.212827831144869029e-01 2.105488892042644070e-02
7.210424356359416143e-01 2.105480412292174211e-02
7.208021682465259872e-01 2.107341691248740267e-02
7.205619809195528136e-01 2.106640710113944631e-02
7.203218736283433232e-01 2.109407555802329803e-02
7.200818463462278496e-01 2.104640811714330456e-02
7.198418990465456080e-01 2.103510147455217583e-02
7.196020317026446955e-01 2.108715282634824120e-02
7.193622442878819800e-01 2.105146261363536123e-02
7.191225367756234332e-01 2.102815972674053346e-02
7.188829091392436865e-01 2.109990420985555226e-02
7.186433613521261421e-01 2.108389522681021824e-02
7.184038933876636390e-01 2.105210969947070299e-02
7.181645052192571210e-01 2.103794860358232724e-02
7.179251968203169687e-01 2.110542322405438778e-02
7.176859681642622224e-01 2.105770969673319976e-02
7.174468192245205822e-01 2.109901872009993518e-02
7.172077499745290741e-01 2.108691758591592705e-02
7.169687603877330506e-01 2.112122995921668703e-02
7.167298504375871904e-01 2.117108209156062792e-02
7.164910200975546095e-01 2.108971751324571070e-02
7.162522693411075281e-01 2.102734500782991664e-02
7.160135981417269369e-01 2.106334426162746049e-02
7.157750064729025974e-01 2.103611096410827955e-02
7.155364943081331530e-01 2.100524178031557693e-02
7.152980616209261289e-01 2.102671371640463249e-02
7.150597083847978208e-01 2.101872938025077520e-02
7.148214345732734065e-01 2.101181882593124856e-02
7.145832401598867234e-01 2.100856388727650667e-02
7.143451251181804906e-01 2.102734905499296925e-02
7.141070894217065312e-01 2.100761691562897521e-02
7.138691330440251059e-01 2.100506867364791350e-02
7.136312559587055793e-01 2.100853413605622763e-02
7.133934581393257535e-01 2.100991675103821080e-02
7.131557395594725346e-01 2.102204260941802766e-02
7.129181001927415995e-01 2.100499814440778476e-02
7.126805400127373957e-01 2.103409510552184045e-02
7.124430589930729196e-01 2.100877648304253290e-02
7.122056571073703823e-01 2.101534003464690034e-02
7.119683343292605437e-01 2.100656107785358120e-02
7.117310906323830455e-01 2.101148856813115501e-02
7.114939259903861890e-01 2.099679420628654605e-02
7.112568403769271574e-01 2.101158174233776210e-02
7.110198337656719048e-01 2.102077395648948785e-02
7.107829061302951557e-01 2.101134165470570567e-02
7.105460574444802946e-01 2.099702861969840809e-02
7.103092876819195878e-01 2.100904703876753377e-02
7.100725968163140722e-01 2.100775011658611788e-02
7.098359848213735557e-01 2.099973504462780000e-02
7.095994516708166167e-01 2.102614034204730586e-02
7.093629973383703824e-01 2.100771836907678811e-02
7.091266217977711950e-01 2.101839657675656781e-02
7.088903250227635011e-01 2.100116464102488867e-02
7.086541069871010734e-01 2.099337934657583352e-02
7.084179676645461221e-01 2.099620189589589472e-02
7.081819070288698503e-01 2.103241890972990316e-02
7.079459250538518988e-01 2.100066931594127967e-02
7.077100217132806792e-01 2.100411832004767457e-02
7.074741969809537068e-01 2.102436668789804328e-02
7.072384508306768236e-01 2.099877154636477575e-02
7.070027832362646425e-01 2.099529002836124023e-02
7.067671941715406581e-01 2.103323462523606219e-02
7.065316836103372466e-01 2.100222353028950717e-02
7.062962515264950003e-01 2.100736113284355777e-02
7.060608978938637259e-01 2.100615893517517735e-02
7.058256226863015570e-01 2.100490532942110924e-02
7.055904258776756199e-01 2.100367724832636132e-02
7.053553074418615898e-01 2.102671330041094161e-02
7.051202673527439124e-01 2.100835121939296363e-02
7.048853055842158044e-01 2.100451329094486091e-02
7.046504221101790311e-01 2.101756455114882696e-02
7.044156169045442395e-01 2.100097046947102530e-02
7.041808899412304035e-01 2.101710137705854048e-02
7.039462411941656006e-01 2.100720475474186083e-02
7.037116706372864572e-01 2.100314937881679611e-02
7.034771782445382593e-01 2.099307159542917675e-02
7.032427639898749527e-01 2.101155628618207177e-02
7.030084278472590320e-01 2.101954501962459074e-02
7.027741697906622065e-01 2.101996851825418261e-02
7.025399897940640681e-01 2.100521611545866710e-02
7.023058878314535347e-01 2.100426781655908778e-02
7.020718638768278508e-01 2.100178977412663420e-02
7.018379179041931426e-01 2.102248564521045845e-02
7.016040498875639742e-01 2.099612402330697236e-02
7.013702598009635691e-01 2.102706571916535677e-02
7.011365476184239220e-01 2.099657437227149884e-02
7.009029133139860201e-01 2.100079089043671229e-02
7.006693568616987333e-01 2.101689748350807352e-02
7.004358782356201463e-01 2.099816222388532772e-02
7.002024774098167814e-01 2.100996805224315117e-02
6.999691543583639319e-01 2.101169119258143592e-02
6.997359090553455507e-01 2.099529718953739230e-02
6.995027414748538064e-01 2.100676415459892116e-02
6.992696515909900823e-01 2.100144177875961846e-02
6.990366393778640886e-01 2.100859121455565456e-02
6.988037048095941950e-01 2.100731666221826097e-02
6.985708478603073202e-01 2.099237791031567657e-02
6.983380685041392644e-01 2.099838551974110221e-02
6.981053667152341546e-01 2.099142870213509607e-02
6.978727424677447777e-01 2.099905299819011112e-02
6.976401957358329131e-01 2.099539755848835176e-02
6.974077264936683340e-01 2.099388992345627494e-02
6.971753347154296954e-01 2.099936805262222345e-02
6.969430203753046449e-01 2.098998565461421273e-02
6.967107834474888239e-01 2.099794473283540450e-02
6.964786239061866446e-01 2.099780399319974358e-02
6.962465417256114009e-01 2.101212609204209519e-02
6.960145368799847132e-01 2.100313315702161468e-02
6.957826093435367509e-01 2.101820213600900586e-02
6.955507590905065651e-01 2.099859102363824809e-02
6.953189860951415335e-01 2.101053958848566119e-02
6.950872903316974716e-01 2.100600045339929417e-02
6.948556717744392985e-01 2.101504728756797488e-02
6.946241303976400383e-01 2.101093105727903226e-02
6.943926661755814855e-01 2.102907201157163536e-02
6.941612790825538726e-01 2.102501554890156069e-02
6.939299690928563136e-01 2.101278132580007216e-02
6.936987361807959163e-01 2.100166806738841888e-02
6.934675803206890032e-01 2.103972809753254167e-02
6.932365014868600017e-01 2.104301561501869741e-02
6.930054996536421097e-01 2.101447899093544444e-02
6.927745747953768518e-01 2.101530653966702036e-02
6.925437268864147455e-01 2.107038389762237035e-02
6.923129559011143019e-01 2.107033436273360316e-02
6.920822618138429139e-01 2.104126700489982946e-02
6.918516445989765229e-01 2.101580189678085853e-02
6.916211042308996193e-01 2.101028950634093936e-02
6.913906406840047980e-01 2.099931945688506690e-02
6.911602539326939798e-01 2.098881627689984375e-02
6.909299439513767460e-01 2.099397582416529656e-02
6.906997107144718928e-01 2.098464553108312855e-02
6.904695541964063210e-01 2.099879716803668139e-02
6.902394743716157022e-01 2.098702691661053638e-02
6.900094712145442566e-01 2.098187254561519402e-02
6.897795446996443092e-01 2.098104263550278417e-02
6.895496948013771776e-01 2.098251995630635511e-02
6.893199214942123954e-01 2.098117989072548206e-02
6.890902247526280444e-01 2.097844198741224270e-02
6.888606045511109777e-01 2.097884638099610163e-02
6.886310608641562636e-01 2.097788796826569394e-02
6.884015936662674084e-01 2.097742368663704435e-02
6.881722029319568001e-01 2.097712552834159888e-02
6.879428886357448203e-01 2.098076641763799155e-02
6.877136507521607323e-01 2.098560276668555782e-02
6.874844892557421261e-01 2.097348979305243416e-02
6.872554041210350295e-01 2.097335120233745701e-02
6.870263953225941300e-01 2.097365547277117021e-02
6.867974628349823307e-01 2.097436221477962451e-02
6.865686066327714165e-01 2.097183288148919342e-02
6.863398266905411660e-01 2.097388711185776966e-02
6.861111229828802394e-01 2.097016174139745490e-02
6.858824954843852906e-01 2.097095513213319273e-02
6.856539441696620774e-01 2.096964698441650815e-02
6.854254690133242400e-01 2.096959913468198627e-02
6.851970699899943007e-01 2.096861975835099395e-02
6.849687470743027751e-01 2.096966200578325584e-02
6.847405002408890606e-01 2.097032977944761692e-02
6.845123294644008816e-01 2.096846582600725775e-02
6.842842347194943997e-01 2.096759386328369418e-02
6.840562159808339926e-01 2.096923003756659409e-02
6.838282732230929195e-01 2.096752872169697912e-02
6.836004064209525444e-01 2.096716772105438817e-02
6.833726155491028909e-01 2.096546794487653964e-02
6.831449005822419762e-01 2.096722560527942633e-02
6.829172614950770326e-01 2.096725414619728806e-02
6.826896982623228416e-01 2.096534906475431420e-02
6.824622108587031777e-01 2.096551174806834256e-02
6.822347992589502530e-01 2.096612154061377326e-02
6.820074634378041623e-01 2.096588328802858128e-02
6.817802033700141040e-01 2.096826366540528730e-02
6.815530190303372704e-01 2.096521324464421104e-02
6.813259103935394023e-01 2.096422794881136475e-02
6.810988774343945673e-01 2.096421303695047283e-02
6.808719201276852706e-01 2.096522219862202718e-02
6.806450384482025662e-01 2.096430666295854423e-02
6.804182323707455016e-01 2.096289432867742136e-02
6.801915018701221172e-01 2.096440290450328134e-02
6.799648469211483359e-01 2.096468736770985483e-02
6.797382674986488516e-01 2.096290641322580417e-02
6.795117635774562403e-01 2.096424582798266101e-02
6.792853351324121824e-01 2.096321791346467470e-02
6.790589821383659075e-01 2.096389259959908005e-02
6.788327045701757489e-01 2.096395818797173322e-02
6.786065024027081449e-01 2.096285786810819091e-02
6.783803756108378602e-01 2.096379449460295322e-02
6.781543241694479862e-01 2.096295611986846025e-02
6.779283480534301631e-01 2.096380244433359089e-02
6.777024472376842468e-01 2.096415557169907865e-02
6.774766216971185306e-01 2.096346574253757367e-02
6.772508714066495239e-01 2.096350269081535822e-02
6.770251963412023954e-01 2.096339523619212067e-02
6.767995964757105298e-01 2.096348874571347942e-02
6.765740717851154162e-01 2.096287513846976230e-02
6.763486222443672036e-01 2.096334368446615276e-02
6.761232478284243674e-01 2.096361379016913398e-02
6.758979485122535991e-01 2.096336225241230908e-02
6.756727242708299164e-01 2.096372867545187590e-02
6.754475750791368860e-01 2.096386726947418316e-02
6.752225009121660682e-01 2.096278817870209435e-02
6.749975017449176828e-01 2.096273497910660505e-02
6.747725775524002767e-01 2.096496251267115224e-02
6.745477283096302790e-01 2.096434907230909639e-02
6.743229539916330006e-01 2.096418792314761956e-02
6.740982545734418574e-01 2.096622713509687513e-02
6.738736300300984805e-01 2.096597109503259629e-02
6.736490803366528279e-01 2.096539206675101033e-02
6.734246054681635174e-01 2.096392539812797634e-02
6.732002053996968272e-01 2.096656722698337152e-02
6.729758801063279172e-01 2.096674619012764765e-02
6.727516295631401633e-01 2.096658753502080377e-02
6.725274537452250456e-01 2.096531694928733050e-02
6.723033526276824823e-01 2.096590055145042958e-02
6.720793261856206069e-01 2.096747173019839622e-02
6.718553743941557688e-01 2.096626674252291198e-02
6.716314972284129770e-01 2.096637337136192034e-02
6.714076946635250120e-01 2.096623629373039685e-02
6.711839666746335364e-01 2.096881681033902281e-02
6.709603132368877620e-01 2.096821152883715164e-02
6.707367343254460046e-01 2.096606117962483695e-02
6.705132299154741293e-01 2.097152922734477065e-02
6.702897999821466613e-01 2.096856946308066696e-02
6.700664445006464520e-01 2.096829422157568332e-02
6.698431634461642359e-01 2.096923116870156450e-02
6.696199567938996289e-01 2.097136046142090288e-02
6.693968245190599076e-01 2.096913936313396162e-02
6.691737665968608972e-01 2.097256814222641166e-02
6.689507830025266388e-01 2.097250467357666265e-02
6.687278737112896110e-01 2.096951716098363616e-02
6.685050386983900639e-01 2.096886974598121539e-02
6.682822779390769075e-01 2.097397478011642225e-02
6.680595914086073783e-01 2.097381329547009718e-02
6.678369790822465957e-01 2.097399265071910046e-02
6.676144409352681164e-01 2.096939470386006976e-02
6.673919769429538240e-01 2.097675925308060962e-02
6.671695870805934847e-01 2.097144591785769438e-02
6.669472713234856354e-01 2.097514029051874077e-02
6.667250296469365844e-01 2.097496876544889532e-02
6.665028620262610781e-01 2.097494270449858436e-02
6.662807684367821892e-01 2.097802548264796063e-02
6.660587488538308731e-01 2.097283300234825676e-02
6.658368032527465230e-01 2.097771952506177415e-02
6.656149316088768586e-01 2.097833114511508251e-02
6.653931338975777043e-01 2.097530062123900002e-02
6.651714100942128782e-01 2.097575245826412485e-02
6.649497601741547470e-01 2.097557985055501645e-02
6.647281841127837820e-01 2.097920229935953951e-02
6.645066818854886703e-01 2.097439255901039148e-02
6.642852534676659815e-01 2.098485198538361379e-02
6.640638988347210558e-01 2.097833712257590050e-02
6.638426179620670053e-01 2.097805530874426866e-02
6.636214108251252686e-01 2.097700020071475296e-02
6.634002773993253887e-01 2.098430010877244678e-02
6.631792176601052358e-01 2.098100914630525449e-02
6.629582315829110062e-01 2.098238188531431278e-02
6.627373191431965571e-01 2.098380873298405502e-02
6.625164803164244054e-01 2.098059012004888785e-02
6.622957150780649505e-01 2.097951753252694229e-02
6.620750234035970294e-01 2.098126759927709112e-02
6.618544052685074730e-01 2.098268947103772500e-02
6.616338606482913276e-01 2.098005837340005675e-02
6.614133895184518552e-01 2.099067278682305651e-02
6.611929918545003115e-01 2.098656331910622383e-02
6.609726676319562788e-01 2.097957050615665772e-02
6.607524168263474440e-01 2.098564357275938333e-02
6.605322394132097097e-01 2.097923102663256864e-02
6.603121353680868610e-01 2.099040158714218438e-02
6.600921046665313430e-01 2.098922995683577195e-02
6.598721472841032609e-01 2.098932472262441881e-02
6.596522631963710470e-01 2.098473282199666071e-02
6.594324523789114600e-01 2.098339767050039217e-02
6.592127148073089193e-01 2.098271940011040698e-02
6.589930504571565040e-01 2.098416877136303690e-02
6.587734593040550646e-01 2.099722142436177136e-02
6.585539413236138895e-01 2.099273053974018768e-02
6.583344964914500386e-01 2.099057914731210228e-02
6.581151247831888984e-01 2.098416283732176466e-02
6.578958261744640712e-01 2.098479983188219003e-02
6.576766006409170418e-01 2.100119755080918221e-02
6.574574481581976215e-01 2.100035034197984124e-02
6.572383687019635046e-01 2.099066517831201309e-02
6.570193622478808226e-01 2.099373952479858391e-02
6.568004287716235901e-01 2.099100534721034042e-02
6.565815682488740368e-01 2.099543804167501582e-02
6.563627806553221644e-01 2.099031864320105925e-02
6.561440659666665232e-01 2.098846845346407849e-02
6.559254241586136569e-01 2.099588597434133910e-02
6.557068552068779921e-01 2.099125306642397187e-02
6.554883590871821708e-01 2.099754600926948336e-02
6.552699357752570508e-01 2.098841990050908865e-02
6.550515852468414835e-01 2.099318627043009547e-02
6.548333074776822027e-01 2.098772581807764950e-02
6.546151024435341581e-01 2.099380187737169209e-02
6.543969701201608480e-01 2.099080661431401706e-02
6.541789104833329871e-01 2.098648856403013616e-02
6.539609235088300609e-01 2.099190694053764197e-02
6.537430091724391046e-01 2.099264479189521734e-02
6.535251674499558128e-01 2.099350278367119113e-02
6.533073983171833188e-01 2.098861201689630404e-02
6.530897017499333046e-01 2.099036636003029713e-02
6.528720777240252238e-01 2.099264600988813567e-02
6.526545262152868565e-01 2.099547447267400765e-02
6.524370471995536436e-01 2.100093243746625760e-02
6.522196406526693524e-01 2.100389248615474463e-02
6.520023065504857440e-01 2.101553963437657532e-02
6.517850448688627951e-01 2.101206113236904829e-02
6.515678555836681429e-01 2.100460164689807105e-02
6.513507386707778624e-01 2.099456834960263321e-02
6.511336941060757999e-01 2.099276294963235007e-02
6.509167218654539067e-01 2.099003959984869355e-02
6.506998219248123494e-01 2.099053230661090605e-02
6.504829942600589554e-01 2.099644276324828460e-02
6.502662388471098787e-01 2.099166878642465262e-02
6.500495556618891557e-01 2.099334028860753293e-02
6.498329446803290388e-01 2.099968818533098219e-02
6.496164058783695516e-01 2.099343503051537968e-02
6.493999392319588226e-01 2.100123920289351936e-02
6.491835447170529738e-01 2.100220957144376122e-02
6.489672223096164538e-01 2.100011841614985234e-02
6.487509719856212609e-01 2.100039729071243380e-02
6.485347937210474978e-01 2.100941650827230570e-02
6.483186874918834830e-01 2.099862692873123715e-02
6.481026532741254176e-01 2.100774181921153880e-02
6.478866910437773852e-01 2.100263595468097530e-02
6.476708007768517961e-01 2.101849494235830118e-02
6.474549824493686101e-01 2.101091986952814683e-02
6.472392360373561138e-01 2.100400169564348510e-02
6.470235615168504761e-01 2.101396703079395911e-02
6.468079588638957489e-01 2.102017366305884011e-02
6.465924280545443104e-01 2.102740878218294432e-02
6.463769690648558663e-01 2.099735990490757612e-02
6.461615818708988934e-01 2.101726976908549135e-02
6.459462664487493067e-01 2.101057437965305960e-02
6.457310227744910147e-01 2.100219852249763861e-02
6.455158508242163640e-01 2.101686357389498036e-02
6.453007505740249172e-01 2.100333194634119299e-02
6.450857220000248970e-01 2.100331720259382765e-02
6.448707650783320755e-01 2.099994198828243619e-02
6.446558797850702183e-01 2.100638631795462286e-02
6.444410660963714177e-01 2.100538748999527736e-02
6.442263239883753156e-01 2.100490427516689407e-02
6.440116534372294366e-01 2.100301090948668292e-02
6.437970544190897426e-01 2.099768696779253513e-02
6.435825269101196344e-01 2.100241213667160961e-02
6.433680708864908393e-01 2.100437737743546598e-02
6.431536863243826341e-01 2.099891139486807085e-02
6.429393731999826223e-01 2.099843744051056033e-02
6.427251314894860679e-01 2.100241852457267189e-02
6.425109611690963396e-01 2.099965289083102066e-02
6.422968622150245777e-01 2.100076766190853844e-02
6.420828346034901379e-01 2.100139356205099617e-02
6.418688783107198148e-01 2.100115943315127714e-02
6.416549933129487293e-01 2.100098105487093608e-02
6.414411795864198851e-01 2.100109502378459322e-02
6.412274371073840573e-01 2.100024115145832093e-02
6.410137658521000148e-01 2.100412358277474814e-02
6.408001657968342979e-01 2.100177617400648608e-02
6.405866369178616626e-01 2.100176248033595178e-02
6.403731791914645255e-01 2.100139400964394498e-02
6.401597925939331857e-01 2.100314633436146938e-02
6.399464771015658249e-01 2.100190246702530322e-02
6.397332326906689515e-01 2.100281623893598959e-02
6.395200593375564013e-01 2.100491688772356327e-02
6.393069570185502259e-01 2.100370568675804378e-02
6.390939257099801374e-01 2.100381972103389921e-02
6.388809653881840633e-01 2.100409314741170930e-02
6.386680760295074810e-01 2.100494390729397420e-02
6.384552576103039723e-01 2.100688969443406662e-02
6.382425101069350015e-01 2.100525865994472968e-02
6.380298334957696937e-01 2.100642684402543453e-02
6.378172277531852785e-01 2.100419504481513405e-02
6.376046928555667570e-01 2.100510832397718339e-02
6.373922287793069019e-01 2.100865140506433595e-02
6.371798355008065906e-01 2.100538390992029783e-02
6.369675129964743610e-01 2.100622455169080458e-02
6.367552612427268555e-01 2.100505099705320816e-02
6.365430802159880441e-01 2.100562048579701982e-02
6.363309698926904456e-01 2.100728776569288359e-02
6.361189302492740172e-01 2.100682381565116205e-02
6.359069612621864875e-01 2.100659966343646282e-02
6.356950629078839121e-01 2.100697821447996411e-02
6.354832351628295628e-01 2.100742212003986822e-02
6.352714780034950381e-01 2.100821302875519395e-02
6.350597914063595972e-01 2.100726821635843719e-02
6.348481753479101597e-01 2.100941205796811803e-02
6.346366298046419718e-01 2.100852566223931212e-02
6.344251547530576074e-01 2.100953644184152050e-02
6.342137501696675228e-01 2.100936707937801559e-02
6.340024160309905010e-01 2.101022437216402972e-02
6.337911523135526526e-01 2.101024951274229821e-02
6.335799589938879706e-01 2.101138514879338781e-02
6.333688360485384417e-01 2.101226195687584675e-02
6.331577834540537131e-01 2.101072883202067740e-02
6.329468011869913147e-01 2.101230004629338344e-02
6.327358892239166588e-01 2.101218179221389995e-02
6.325250475414028184e-01 2.101426721728769445e-02
6.323142761160307490e-01 2.101303885273951566e-02
6.321035749243891777e-01 2.101332721362317302e-02
6.318929439430748252e-01 2.101413888003831471e-02
6.316823831486918506e-01 2.101295355858442612e-02
6.314718925178526288e-01 2.101376244341243357e-02
6.312614720271768620e-01 2.101315769218227089e-02
6.310511216532923573e-01 2.101368503701381285e-02
6.308408413728348041e-01 2.101391568217649691e-02
6.306306311624472194e-01 2.101440353269722061e-02
6.304204909987808358e-01 2.101435694989993094e-02
6.302104208584947687e-01 2.101457496173110909e-02
6.300004207182552385e-01 2.101575492393357655e-02
6.297904905547370147e-01 2.101525917189990544e-02
6.295806303446220831e-01 2.101655042188497330e-02
6.293708400646004231e-01 2.101659304331731856e-02
6.291611196913698967e-01 2.101679347673564638e-02
6.289514692016360264e-01 2.101686260412004639e-02
6.287418885721118844e-01 2.101832381775347799e-02
6.285323777795186473e-01 2.101789020608092404e-02
6.283229368005851523e-01 2.101936860838944307e-02
6.281135656120477861e-01 2.101759904158010880e-02
6.279042641906508182e-01 2.102291978419839821e-02
6.276950325131464004e-01 2.102035192794926913e-02
6.274858705562942340e-01 2.102167212102507357e-02
6.272767782968619033e-01 2.102194797779467772e-02
6.270677557116246525e-01 2.102139162064083078e-02
6.268588027773654980e-01 2.102574361375494569e-02
6.266499194708751164e-01 2.102252475966335382e-02
6.264411057689520668e-01 2.102191351431930214e-02
6.262323616484026800e-01 2.102287666831882326e-02
6.260236870860406144e-01 2.102412949408401233e-02
6.258150820586877439e-01 2.102410343327935222e-02
6.256065465431732697e-01 2.102286353913368488e-02
6.253980805163343870e-01 2.102276570729538774e-02
6.251896839550160623e-01 2.102352739846847715e-02
6.249813568360705895e-01 2.102424851912505777e-02
6.247730991363584785e-01 2.102457996985562447e-02
6.245649108327474552e-01 2.102393520833490542e-02
6.243567919021134616e-01 2.102420196269853131e-02
6.241487423213395447e-01 2.102474847716732931e-02
6.239407620673171895e-01 2.102508989193351344e-02
6.237328511169447642e-01 2.102546487452119917e-02
6.235250094471289639e-01 2.102541206487826275e-02
6.233172370347840330e-01 2.102594237152397016e-02
6.231095338568317654e-01 2.102615450837195740e-02
6.229018998902016158e-01 2.102676295567617801e-02
6.226943351118310321e-01 2.102706771088293930e-02
6.224868394986646791e-01 2.102748128222737406e-02
6.222794130276554370e-01 2.102783613292312156e-02
6.220720556757635133e-01 2.102808485729760340e-02
6.218647674199567765e-01 2.102857595007536634e-02
6.216575482372109773e-01 2.102873707515408308e-02
6.214503981045095271e-01 2.102928845762356766e-02
6.212433169988431647e-01 2.102957759348166727e-02
6.210363048972107336e-01 2.103009002318299153e-02
6.208293617766185157e-01 2.103035003408178227e-02
6.206224876140803426e-01 2.103110530236335790e-02
6.204156823866181503e-01 2.103146470709030616e-02
6.202089460712610913e-01 2.103168509621732365e-02
6.200022786450458678e-01 2.103231948713802160e-02
6.197956800850176196e-01 2.103256523293936878e-02
6.195891503682281476e-01 2.103296307675280724e-02
6.193826894717374687e-01 2.103333642474784770e-02
6.191762973726132602e-01 2.103378710073840543e-02
6.189699740479305268e-01 2.103421867981609961e-02
6.187637194747722669e-01 2.103449653448331846e-02
6.185575336302289173e-01 2.103522275993431265e-02
6.183514164913983535e-01 2.103593277609805412e-02
6.181453680353865554e-01 2.103594691921847892e-02
6.179393882393067194e-01 2.103645947197839081e-02
6.177334770802799246e-01 2.103695186911661366e-02
6.175276345354346885e-01 2.103734562792250809e-02
6.173218605819074112e-01 2.103781575984862637e-02
6.171161551968417092e-01 2.103827887473933705e-02
6.169105183573891926e-01 2.103893953030925093e-02
6.167049500407089102e-01 2.103934645072634557e-02
6.164994502239675711e-01 2.103968159936913870e-02
6.162940188843394340e-01 2.104026575032851704e-02
6.160886559990064182e-01 2.104042320119529907e-02
6.158833615451579924e-01 2.104091738539083309e-02
6.156781354999911748e-01 2.104157659727361185e-02
6.154729778407109775e-01 2.104227248986261650e-02
6.152678885445294066e-01 2.104242798575549703e-02
6.150628675886664620e-01 2.104337827170502453e-02
6.148579149503496932e-01 2.104403228947279020e-02
6.146530306068139771e-01 2.104433841966295640e-02
6.144482145353021840e-01 2.104464868377652065e-02
6.142434667130645121e-01 2.104526247810416251e-02
6.140387871173585976e-01 2.104555755355944080e-02
6.138341757254500708e-01 2.104599034301414887e-02
6.136296325146118891e-01 2.104687092932991041e-02
6.134251574621244485e-01 2.104735666638888128e-02
6.132207505452760277e-01 2.104797154169981560e-02
6.130164117413621216e-01 2.104813586354133820e-02
6.128121410276862191e-01 2.104925364299727042e-02
6.126079383815590251e-01 2.104944360090082664e-02
6.124038037802987944e-01 2.105001687016311296e-02
6.121997372012316641e-01 2.105067533146853451e-02
6.119957386216910988e-01 2.105128391070944585e-02
6.117918080190181129e-01 2.105218684099127366e-02
6.115879453705611590e-01 2.105284041845110338e-02
6.113841506536765724e-01 2.105327833015422159e-02
6.111804238457280158e-01 2.105339393191461850e-02
6.109767649240865905e-01 2.105421727915650701e-02
6.107731738661311693e-01 2.105554567155275975e-02
6.105696506492480635e-01 2.105580408470747455e-02
6.103661952508311339e-01 2.105583282278543356e-02
6.101628076482815688e-01 2.105626498480044073e-02
6.099594878190085501e-01 2.105795939640618328e-02
6.097562357404283651e-01 2.105928998134114910e-02
6.095530513899649616e-01 2.105920099010283666e-02
6.093499347450499481e-01 2.106002870592323453e-02
6.091468857831222605e-01 2.106096864328227403e-02
6.089439044816282731e-01 2.106054962128540986e-02
6.087409908180222429e-01 2.106150047393583538e-02
6.085381447697656432e-01 2.106355390763031687e-02
6.083353663143274970e-01 2.106306023040349640e-02
6.081326554291843767e-01 2.106362269479000737e-02
6.079300120918204042e-01 2.106449521039268150e-02
6.077274362797270291e-01 2.106651189834923138e-02
6.075249279704035832e-01 2.106689515282676728e-02
6.073224871413563930e-01 2.106661514941902263e-02
6.071201137700996675e-01 2.106860818405106861e-02
6.069178078341550542e-01 2.106970935376395807e-02
6.067155693110511949e-01 2.106905213467313159e-02
6.065133981783250583e-01 2.107087517274076546e-02
6.063112944135204962e-01 2.107222323540989053e-02
6.061092579941890213e-01 2.107154065988618014e-02
6.059072888978896954e-01 2.107320280082689359e-02
6.057053871021890190e-01 2.107723867676329979e-02
6.055035525846607092e-01 2.107316187568311627e-02
6.053017853228864764e-01 2.107595277170995832e-02
6.051000852944548036e-01 2.107655350490119164e-02
6.048984524769623894e-01 2.107752730247702128e-02
6.046968868480130377e-01 2.107923803040438748e-02
6.044953883852178800e-01 2.108345111102248592e-02
6.042939570661958193e-01 2.108046041739190454e-02
6.040925928685729751e-01 2.108335728765284994e-02
6.038912957699830164e-01 2.108076838368753633e-02
6.036900657480668286e-01 2.108417268690765400e-02
6.034889027804734019e-01 2.108408342873920038e-02
6.032878068448583875e-01 2.108874147856024117e-02
6.030867779188854305e-01 2.108627316985590625e-02
6.028858159802251704e-01 2.109042021466643255e-02
6.026849210065563511e-01 2.108932871620836785e-02
6.024840929755643781e-01 2.109093326476365465e-02
6.022833318649428724e-01 2.109207445580516677e-02
6.020826376523918944e-01 2.109441941543609145e-02
6.018820103156199419e-01 2.109155989441206108e-02
6.016814498323425076e-01 2.110277371343932326e-02
6.014809561802823001e-01 2.109684569962630776e-02
6.012805293371699111e-01 2.109784723705932993e-02
6.010801692807430374e-01 2.110038863936710557e-02
6.008798759887465923e-01 2.110126329970708411e-02
6.006796494389337049e-01 2.110269468552588429e-02
6.004794896090638323e-01 2.110493909693631279e-02
6.002793964769050916e-01 2.110447383205699828e-02
6.000793700202314840e-01 2.110918157517150534e-02
5.998794102168258924e-01 2.110914771369791845e-02
5.996795170444776391e-01 2.111220653916699025e-02
5.994796904809839289e-01 2.111130903615157303e-02
5.992799305041491831e-01 2.111553996613150727e-02
5.990802370917852615e-01 2.111861103898044975e-02
5.988806102217113514e-01 2.111562120090005462e-02
5.986810498717540785e-01 2.111788598716038759e-02
5.984815560197473960e-01 2.111812810045078301e-02
5.982821286435328068e-01 2.112218211422782835e-02
5.980827677209591409e-01 2.112150263242669468e-02
5.978834732298824450e-01 2.113018168935672583e-02
5.976842451481663154e-01 2.112775694900825840e-02
5.974850834536818978e-01 2.112942235805870955e-02
5.972859881243069990e-01 2.113032806007394959e-02
5.970869591379276420e-01 2.113793509764018766e-02
5.968879964724367326e-01 2.113712619478413240e-02
5.966891001057348376e-01 2.113879750114591033e-02
5.964902700157296289e-01 2.114258051622192394e-02
5.962915061803359951e-01 2.114096525984159036e-02
5.960928085774769292e-01 2.114736312233981771e-02
5.958941771850817526e-01 2.115014480080455381e-02
5.956956119810880024e-01 2.114961038496745299e-02
5.954971129434402100e-01 2.115304551338821962e-02
5.952986800500902342e-01 2.115818260266084591e-02
5.951003132789970396e-01 2.116387233023183517e-02
5.949020126081275839e-01 2.116986732982489502e-02
5.947037780154557085e-01 2.117414639815023980e-02
5.945056094789628043e-01 2.117675420511633266e-02
5.943075069766371454e-01 2.117935308045114373e-02
5.941094704864751108e-01 2.117922679879226736e-02
5.939114999864794076e-01 2.118461947181429772e-02
5.937135954546611805e-01 2.118986605618882607e-02
5.935157568690382357e-01 2.119581871701300968e-02
5.933179842076354849e-01 2.120268770705242486e-02
5.931202774484860551e-01 2.121062055277089103e-02
5.929226365696294021e-01 2.121945745613362452e-02
5.927250615491130858e-01 2.123010891737824035e-02
5.925275523649913278e-01 2.124345902528284452e-02
5.923301089953262322e-01 2.125390816904538030e-02
5.921327314181867862e-01 2.127203450009720540e-02
5.919354196116495270e-01 2.129421068965732869e-02
5.917381735537982079e-01 2.131801507423276149e-02
5.915409932227239098e-01 2.134713386083763112e-02
5.913438785965250410e-01 2.138466069615307594e-02
5.911468296533072264e-01 2.143139608889823439e-02
5.909498463711833072e-01 2.148036701983237207e-02
5.907529287282740071e-01 2.154787635921939781e-02
5.905560767027063784e-01 2.163663516887296204e-02
5.903592902726154668e-01 2.173849110264073139e-02
5.901625694161434232e-01 2.191180961974274061e-02
5.899659141114395045e-01 2.227363395465449536e-02
5.897693243366606275e-01 2.285381731437497593e-02
5.895728000699705929e-01 2.239516062562718623e-02
5.893763412895407505e-01 2.248313440891872364e-02
5.891799479735494449e-01 2.296011350824586628e-02
5.889836201001826810e-01 2.257389750524359945e-02
5.887873576476334581e-01 2.213649131882665724e-02
5.885911605941021030e-01 2.188209967785108637e-02
5.883950289177960480e-01 2.174983894857489622e-02
5.881989625969303859e-01 2.163344284046470056e-02
5.880029616097270928e-01 2.153608692239339720e-02
5.878070259344155835e-01 2.146396133408788945e-02
5.876111555492323779e-01 2.141046415269046502e-02
5.874153504324216568e-01 2.136650454407463054e-02
5.872196105622341511e-01 2.133425587095439183e-02
5.870239359169285853e-01 2.130662115122841302e-02
5.868283264747701233e-01 2.128626023279409432e-02
5.866327822140321446e-01 2.126894583662652591e-02
5.864373031129944680e-01 2.125398503913349113e-02
5.862418891499444618e-01 2.124238666830884081e-02
5.860465403031767107e-01 2.123278997559039510e-02
5.858512565509929049e-01 2.122276302873490200e-02
5.856560378717023951e-01 2.121410904919308199e-02
5.854608842436210825e-01 2.120720816395218339e-02
5.852657956450727506e-01 2.120038608259995280e-02
5.850707720543878443e-01 2.119440313175028484e-02
5.848758134499045802e-01 2.118950322146282220e-02
5.846809198099679472e-01 2.118594852008996027e-02
5.844860911129302616e-01 2.118261526666916778e-02
5.842913273371509453e-01 2.117962585229326428e-02
5.840966284609974135e-01 2.117828480590541740e-02
5.839019944628429659e-01 2.117439893720729840e-02
5.837074253210693398e-01 2.117168891987216903e-02
5.835129210140646006e-01 2.116864575327169831e-02
5.833184815202244744e-01 2.116648061723942070e-02
5.831241068179517928e-01 2.116444434298634172e-02
5.829297968856566037e-01 2.116309739342622440e-02
5.827355517017559494e-01 2.116065029126291269e-02
5.825413712446743109e-01 2.115797532711550036e-02
5.823472554928433853e-01 2.115578911117506344e-02
5.821532044247017534e-01 2.115352045877312917e-02
5.819592180186954344e-01 2.115150077021858005e-02
5.817652962532777750e-01 2.115213551928493002e-02
5.815714391069086719e-01 2.114813008884966136e-02
5.813776465580559050e-01 2.114699646354373588e-02
5.811839185851941370e-01 2.114546226828871445e-02
5.809902551668052473e-01 2.114262204127646816e-02
5.807966562813781097e-01 2.114190995939199333e-02
5.806031219074089256e-01 2.114330337307090968e-02
5.804096520234010015e-01 2.113906802751111536e-02
5.802162466078649716e-01 2.113668222903656094e-02
5.800229056393185756e-01 2.113646506622628152e-02
5.798296290962864363e-01 2.113335628906705399e-02
5.796364169573005043e-01 2.113361576479741433e-02
5.794432692009001684e-01 2.113444096515059920e-02
5.792501858056317010e-01 2.112977942236579296e-02
5.790571667500482578e-01 2.112800864164870659e-02
5.788642120127106550e-01 2.112867122273277831e-02
5.786713215721865922e-01 2.112595053204203988e-02
5.784784954070508745e-01 2.112716698655898312e-02
5.782857334958855233e-01 2.112593033968344913e-02
5.780930358172796657e-01 2.112491328860305675e-02
5.779004023498297560e-01 2.112168160310537099e-02
5.777078330721390209e-01 2.112156490365891051e-02
5.775153279628180147e-01 2.112183667302368340e-02
5.773228870004845081e-01 2.112177082591501151e-02
5.771305101637631552e-01 2.111909061686652322e-02
5.769381974312860484e-01 2.111810879065969745e-02
5.767459487816921637e-01 2.111560043248649279e-02
5.765537641936275826e-01 2.111730872992550676e-02
5.763616436457456027e-01 2.111633412658388970e-02
5.761695871167065164e-01 2.111390118752190168e-02
5.759775945851781653e-01 2.111395058994782609e-02
5.757856660298349416e-01 2.111185403637423977e-02
5.755938014293583427e-01 2.111381435476393509e-02
5.754020007624376376e-01 2.111311350903546935e-02
5.752102640077683127e-01 2.110989165940927587e-02
5.750185911440535147e-01 2.110995382835827855e-02
5.748269821500036070e-01 2.111182592234287989e-02
5.746354370043353921e-01 2.111071420855547415e-02
5.744439556857733331e-01 2.110819176191527924e-02
5.742525381730489986e-01 2.110633131955945083e-02
5.740611844449006185e-01 2.110682415464927228e-02
5.738698944800740831e-01 2.110694199261890780e-02
5.736786682573215002e-01 2.110650098337773367e-02
5.734875057554029709e-01 2.110453135155961751e-02
5.732964069530852580e-01 2.110279265081451555e-02
5.731053718291420074e-01 2.110707806341800136e-02
5.729144003623546366e-01 2.110450678826517740e-02
5.727234925315106695e-01 2.110096317696544960e-02
5.725326483154055124e-01 2.110164586580945412e-02
5.723418676928412330e-01 2.110124380710299077e-02
5.721511506426271154e-01 2.110229947854140933e-02
5.719604971435791052e-01 2.110112455122700043e-02
5.717699071745209194e-01 2.109885415241680856e-02
5.715793807142829364e-01 2.109853150561819338e-02
5.713889177417021958e-01 2.109882982621902325e-02
5.711985182356236201e-01 2.109735678043420104e-02
5.710081821748985709e-01 2.109692279289925726e-02
5.708179095383857371e-01 2.109649451844793425e-02
5.706277003049506913e-01 2.109621968860354857e-02
5.704375544534662223e-01 2.109588380819885436e-02
5.702474719628118915e-01 2.109626047382934591e-02
5.700574528118746986e-01 2.109926613725812000e-02
5.698674969795480827e-01 2.109571744363702983e-02
5.696776044447330323e-01 2.109519535421083489e-02
5.694877751863376414e-01 2.109878822790976771e-02
5.692980091832764433e-01 2.109510701639101884e-02
5.691083064144715209e-01 2.109987262841761524e-02
5.689186668588520623e-01 2.109814193980503322e-02
5.687290904953534731e-01 2.109700385279330084e-02
5.685395773029191524e-01 2.110177875156624486e-02
5.683501272604989385e-01 2.110147615362344825e-02
5.681607403470498863e-01 2.110818306458554783e-02
5.679714165415359339e-01 2.109265453124866199e-02
5.677821558229283472e-01 2.109245196987635101e-02
5.675929581702048310e-01 2.109404120011558817e-02
5.674038235623506399e-01 2.109028467030291121e-02
5.672147519783579117e-01 2.108979878619730505e-02
5.670257433972255567e-01 2.108947277307552867e-02
5.668367977979593686e-01 2.109021027843507867e-02
5.666479151595728014e-01 2.108812953068095117e-02
5.664590954610857487e-01 2.108859897718357718e-02
5.662703386815253204e-01 2.108758222872308269e-02
5.660816447999251766e-01 2.108716981472062366e-02
5.658930137953266382e-01 2.108693324747569486e-02
5.657044456467776872e-01 2.108680694822656285e-02
5.655159403333333001e-01 2.108620732083083330e-02
5.653274978340553369e-01 2.108578676044979561e-02
5.651391181280125409e-01 2.108575404777836629e-02
5.649508011942810937e-01 2.108534184459424574e-02
5.647625470119436164e-01 2.108501105697400957e-02
5.645743555600902797e-01 2.108479514061997392e-02
5.643862268178176933e-01 2.108467400183392654e-02
5.641981607642295726e-01 2.108453221808368611e-02
5.640101573784367384e-01 2.108427053373631427e-02
5.638222166395567836e-01 2.108385115567254151e-02
5.636343385267145178e-01 2.108373279839649561e-02
5.634465230190415230e-01 2.108346115699559487e-02
5.632587700956762644e-01 2.108328314808269668e-02
5.630710797357643127e-01 2.108312058562663779e-02
5.628834519184580110e-01 2.108281455655613632e-02
5.626958866229171408e-01 2.108264850803451620e-02
5.625083838283075899e-01 2.108264673708991344e-02
5.623209435138029066e-01 2.108244973328600100e-02
5.621335656585834117e-01 2.108211503745462470e-02
5.619462502418360872e-01 2.108185848679999808e-02
5.617589972427550205e-01 2.108159182030263507e-02
5.615718066405416264e-01 2.108144818711298052e-02
5.613846784144034263e-01 2.108121359001442416e-02
5.611976125435554907e-01 2.108122053634000487e-02
5.610106090072197738e-01 2.108074318002752662e-02
5.608236677846248908e-01 2.108074185156210215e-02
5.606367888550064515e-01 2.108050370559791734e-02
5.604499721976070603e-01 2.108036135520332394e-02
5.602632177916765377e-01 2.108018243005986558e-02
5.600765256164711436e-01 2.108007347340387638e-02
5.598898956512540215e-01 2.107984487564148676e-02
5.597033278752955310e-01 2.107963423282386770e-02
5.595168222678729153e-01 2.107943989761143153e-02
5.593303788082700789e-01 2.107939057000330144e-02
5.591439974757781428e-01 2.107911573168929492e-02
5.589576782496948892e-01 2.107905645022675051e-02
5.587714211093249839e-01 2.107871614316158410e-02
5.585852260339801978e-01 2.107878925799658298e-02
5.583990930029794075e-01 2.107859033611485938e-02
5.582130219956473738e-01 2.107841020213738897e-02
5.580270129913168509e-01 2.107830759023070558e-02
5.578410659693270324e-01 2.107823317817569472e-02
5.576551809090239953e-01 2.107795246270896539e-02
5.574693577897607000e-01 2.107808929548988727e-02
5.572835965908971012e-01 2.107796587955403783e-02
5.570978972917997041e-01 2.107801329868559670e-02
5.569122598718423411e-01 2.107749620492189654e-02
5.567266843104056173e-01 2.107733222670340328e-02
5.565411705868765768e-01 2.107736104190149201e-02
5.563557186806497024e-01 2.107718219421519934e-02
5.561703285711259159e-01 2.107686192808206835e-02
5.559850002377132450e-01 2.107680838293389536e-02
5.557997336598267113e-01 2.107670113099764306e-02
5.556145288168876650e-01 2.107695542765624513e-02
5.554293856883248948e-01 2.107648532783759285e-02
5.552443042535735174e-01 2.107640877804085183e-02
5.550592844920761992e-01 2.107640659372540110e-02
5.548743263832818240e-01 2.107629729230626331e-02
5.546894299066461587e-01 2.107657263384775728e-02
5.545045950416321867e-01 2.107623101146104128e-02
5.543198217677097750e-01 2.107571628905393485e-02
5.541351100643547856e-01 2.107587211679197783e-02
5.539504599110510741e-01 2.107580227086303798e-02
5.537658712872886024e-01 2.107578862770719333e-02
5.535813441725645490e-01 2.107622322255604808e-02
5.533968785463823092e-01 2.107550246636617428e-02
5.532124743882528284e-01 2.107534061189034885e-02
5.530281316776936018e-01 2.107551583622878019e-02
5.528438503942287863e-01 2.107480851395484439e-02
5.526596305173896440e-01 2.107575957963636615e-02
5.524754720267139874e-01 2.107564268046642486e-02
5.522913749017467344e-01 2.107465417764778359e-02
5.521073391220392423e-01 2.107475988155617028e-02
5.519233646671501958e-01 2.107438514772835489e-02
5.517394515166447189e-01 2.107494234029134647e-02
5.515555996500945968e-01 2.107515682939861343e-02
5.513718090470788313e-01 2.107476413141168292e-02
5.511880796871830857e-01 2.107439584758604226e-02
5.510044115499997952e-01 2.107437230152403237e-02
5.508208046151280568e-01 2.107431782784101315e-02
5.506372588621739617e-01 2.107420425422696156e-02
5.504537742707503734e-01 2.107477353474673451e-02
5.502703508204768168e-01 2.107446609546476113e-02
5.500869884909798113e-01 2.107408311221910246e-02
5.499036872618923155e-01 2.107377094370430776e-02
5.497204471128547265e-01 2.107419882965776148e-02
5.495372680235136587e-01 2.107443714481002997e-02
5.493541499735223876e-01 2.107384477022232125e-02
5.491710929425415166e-01 2.107358728383525170e-02
5.489880969102380881e-01 2.107350697214660853e-02
5.488051618562858058e-01 2.107417729997990499e-02
5.486222877603657011e-01 2.107333232082811772e-02
5.484394746021649114e-01 2.107340916363423244e-02
5.482567223613777907e-01 2.107296640696415188e-02
5.480740310177051322e-01 2.107330628302269207e-02
5.478914005508548346e-01 2.107486141403918517e-02
5.477088309405413469e-01 2.107252995922149347e-02
5.475263221664858904e-01 2.107338964236721984e-02
5.473438742084162367e-01 2.107244634502123889e-02
5.471614870460674851e-01 2.107336880043901572e-02
5.469791606591810629e-01 2.107291664419206484e-02
5.467968950275052809e-01 2.107300855760141367e-02
5.466146901307948891e-01 2.107429360492864626e-02
5.464325459488118542e-01 2.107376679727834823e-02
5.462504624613246929e-01 2.107233203232197760e-02
5.460684396481088054e-01 2.107330450047335477e-02
5.458864774889458094e-01 2.107322223263886907e-02
5.457045759636245386e-01 2.107203824282903940e-02
5.455227350519403773e-01 2.107142915798128346e-02
5.453409547336958152e-01 2.107181404589994825e-02
5.451592349886995592e-01 2.107172110081519459e-02
5.449775757967673107e-01 2.107209411070907340e-02
5.447959771377213212e-01 2.107221754324096336e-02
5.446144389913908368e-01 2.107152723866175664e-02
5.444329613376115429e-01 2.107317886632618931e-02
5.442515441562261191e-01 2.107198100524221643e-02
5.440701874270837957e-01 2.107160253723186841e-02
5.438888911300404638e-01 2.107244110453801791e-02
5.437076552449586764e-01 2.107289761379215962e-02
5.435264797517080915e-01 2.107202598565385832e-02
5.433453646301646955e-01 2.107134073002951344e-02
5.431643098602113584e-01 2.107174739573784011e-02
5.429833154217372782e-01 2.107196079093334729e-02
5.428023812946390914e-01 2.107127048838663627e-02
5.426215074588193188e-01 2.107166936120838732e-02
5.424406938941879197e-01 2.107183311133322204e-02
5.422599405806609596e-01 2.107147604128071366e-02
5.420792474981616094e-01 2.107159771521947486e-02
5.418986146266193682e-01 2.107119271782301184e-02
5.417180419459707297e-01 2.107145913462375383e-02
5.415375294361586267e-01 2.107218564935186417e-02
5.413570770771327645e-01 2.107186822872007120e-02
5.411766848488498427e-01 2.107102740854797582e-02
5.409963527312727782e-01 2.107207557609170473e-02
5.408160807043712603e-01 2.107233649280595977e-02
5.406358687481218617e-01 2.107075938491423384e-02
5.404557168425075941e-01 2.107237210698513150e-02
5.402756249675183531e-01 2.107223194228529869e-02
5.400955931031506951e-01 2.107097437055080111e-02
5.399156212294075052e-01 2.107050511670111037e-02
5.397357093262987737e-01 2.107065501519921405e-02
5.395558573738408192e-01 2.107032646400416875e-02
5.393760653520566217e-01 2.107036954255692845e-02
5.391963332409762666e-01 2.106995769383821285e-02
5.390166610206360565e-01 2.106995452950324171e-02
5.388370486710789553e-01 2.106979918024778908e-02
5.386574961723549215e-01 2.106957795244757126e-02
5.384780035045200197e-01 2.106947754527747907e-02
5.382985706476374199e-01 2.106939813274961645e-02
5.381191975817767315e-01 2.106917412454817687e-02
5.379398842870143360e-01 2.106938425176934498e-02
5.377606307434331656e-01 2.106947482640188912e-02
5.375814369311227026e-01 2.106920147009098618e-02
5.374023028301793126e-01 2.106910892518872730e-02
5.372232284207056896e-01 2.106920962499466213e-02
5.370442136828114110e-01 2.106911597429874869e-02
5.368652585966124935e-01 2.106905642914616225e-02
5.366863631422317260e-01 2.106906473103586919e-02
5.365075272997985589e-01 2.106894367164892368e-02
5.363287510494485488e-01 2.106906630708187469e-02
5.361500343713246908e-01 2.106885494495724237e-02
5.359713772455761971e-01 2.106879214393910654e-02
5.357927796523586084e-01 2.106877452000609913e-02
5.356142415718347927e-01 2.106872222083146923e-02
5.354357629841733912e-01 2.106872236068329379e-02
5.352573438695501507e-01 2.106873047315458228e-02
5.350789842081473680e-01 2.106861132371340081e-02
5.349006839801540014e-01 2.106854242406450139e-02
5.347224431657653376e-01 2.106866047788588311e-02
5.345442617451835465e-01 2.106849382872745882e-02
5.343661396986173484e-01 2.106844099639979678e-02
5.341880770062819028e-01 2.106844108807508914e-02
5.340100736483990307e-01 2.106839095697322223e-02
5.338321296051971032e-01 2.106836790340004678e-02
5.336542448569115971e-01 2.106838640564290613e-02
5.334764193837836510e-01 2.106842567409582603e-02
5.332986531660616203e-01 2.106832912472363789e-02
5.331209461840001884e-01 2.106828484239688451e-02
5.329432984178608113e-01 2.106824922481750559e-02
5.327657098479114950e-01 2.106827878273876894e-02
5.325881804544266851e-01 2.106845172311883757e-02
5.324107102176873774e-01 2.106855980950038398e-02
5.322332991179814510e-01 2.106811891771860276e-02
5.320559471356027803e-01 2.106829326156155549e-02
5.318786542508524562e-01 2.106807848376479261e-02
5.317014204440377867e-01 2.106814130100548993e-02
5.315242456954726302e-01 2.106798112814230184e-02
5.313471299854773955e-01 2.106810218665037052e-02
5.311700732943792636e-01 2.106808733675700346e-02
5.309930756025117438e-01 2.106791421833346944e-02
5.308161368902148958e-01 2.106810663618844878e-02
5.306392571378356626e-01 2.106820088009043676e-02
5.304624363257269826e-01 2.106816789511701746e-02
5.302856744342487882e-01 2.106782251324934921e-02
5.301089714437675626e-01 2.106777953604272932e-02
5.299323273346560059e-01 2.106802619049334344e-02
5.297557420872935907e-01 2.106774639133364435e-02
5.295792156820661178e-01 2.106778128480961410e-02
5.294027480993662715e-01 2.106765241760627863e-02
5.292263393195930643e-01 2.106785839636264937e-02
5.290499893231519479e-01 2.106750777349619685e-02
5.288736980904552576e-01 2.106772900667610096e-02
5.286974656019212127e-01 2.106759967643526132e-02
5.285212918379751379e-01 2.106760467540593276e-02
5.283451767790486864e-01 2.106748175029187278e-02
5.281691204055801725e-01 2.106754150076815477e-02
5.279931226980141279e-01 2.106744104655641769e-02
5.278171836368017455e-01 2.106769038321940762e-02
5.276413032024009908e-01 2.106752012775854263e-02
5.274654813752759352e-01 2.106764172904008678e-02
5.272897181358972007e-01 2.106782826228128722e-02
5.271140134647422926e-01 2.106770286848961768e-02
5.269383673422948222e-01 2.106731465509167206e-02
5.267627797490449515e-01 2.106750423354965263e-02
5.265872506654898366e-01 2.106727337084426596e-02
5.264117800721325180e-01 2.106725803126892685e-02
5.262363679494826973e-01 2.106716089637046194e-02
5.260610142780565157e-01 2.106726786544490734e-02
5.258857190383769975e-01 2.106711580636205783e-02
5.257104822109732734e-01 2.106715762950332055e-02
5.255353037763812463e-01 2.106724387087572162e-02
5.253601837151428144e-01 2.106719649084337620e-02
5.251851220078068705e-01 2.106731801495501100e-02
5.250101186349284133e-01 2.106713649094173885e-02
5.248351735770694360e-01 2.106723283436497465e-02
5.246602868147977050e-01 2.106725491622427060e-02
5.244854583286880922e-01 2.106730487427519588e-02
5.243106880993216867e-01 2.106718976456937314e-02
5.241359761072859058e-01 2.106784825355838969e-02
5.239613223331748282e-01 2.106746139188956854e-02
5.237867267575888608e-01 2.106744823460885915e-02
5.236121893611351830e-01 2.106775003911126945e-02
5.234377101244269692e-01 2.106716527636161643e-02
5.232632890280842775e-01 2.106764035270220631e-02
5.230889260527332718e-01 2.106708171844757713e-02
5.229146211790069998e-01 2.106689611731423287e-02
5.227403743875443931e-01 2.106705270173381273e-02
5.225661856589913778e-01 2.106695489190944098e-02
5.223920549739999863e-01 2.106706286422866531e-02
5.222179823132289123e-01 2.106682581142501134e-02
5.220439676573430665e-01 2.106691192972429821e-02
5.218700109870140214e-01 2.106684769779975167e-02
5.216961122829196773e-01 2.106686911351559818e-02
5.215222715257443742e-01 2.106677606134716232e-02
5.213484886961788911e-01 2.106683734685469572e-02
5.211747637749206685e-01 2.106675359678678722e-02
5.210010967426730311e-01 2.106679888653552324e-02
5.208274875801462978e-01 2.106676592465599879e-02
5.206539362680568939e-01 2.106674884579442728e-02
5.204804427871277950e-01 2.106676716511765579e-02
5.203070071180884160e-01 2.106679278119911666e-02
5.201336292416745000e-01 2.106672673257771466e-02
5.199603091386282294e-01 2.106670679256204132e-02
5.197870467896982261e-01 2.106668978725260641e-02
5.196138421756397729e-01 2.106668579989984594e-02
5.194406952772139263e-01 2.106684420662104096e-02
5.192676060751888478e-01 2.106679195962672321e-02
5.190945745503386943e-01 2.106671236176334283e-02
5.189216006834441730e-01 2.106674011870352664e-02
5.187486844552924303e-01 2.106677392331041468e-02
5.185758258466768300e-01 2.106670398435959643e-02
5.184030248383973971e-01 2.106678109000904853e-02
5.182302814112602629e-01 2.106678867521042525e-02
5.180575955460781090e-01 2.106684833931457210e-02
5.178849672236701673e-01 2.106676363068996083e-02
5.177123964248618870e-01 2.106693797028631743e-02
5.175398831304849345e-01 2.106688012637792512e-02
5.173674273213778596e-01 2.106683710671293508e-02
5.171950289783850963e-01 2.106689793522681028e-02
5.170226880823575177e-01 2.106713013532468884e-02
5.168504046141527697e-01 2.106698078886926062e-02
5.166781785546344929e-01 2.106691229073316685e-02
5.165060098846729897e-01 2.106697681997327445e-02
5.163338985851444463e-01 2.106703357122859457e-02
5.161618446369322655e-01 2.106705910355858441e-02
5.159898480209251792e-01 2.106701941451147655e-02
5.158179087180191358e-01 2.106708025834072226e-02
5.156460267091160787e-01 2.106720109360513127e-02
5.154742019751243909e-01 2.106720980609836161e-02
5.153024344969586723e-01 2.106728335932305310e-02
5.151307242555401844e-01 2.106708740030460020e-02
5.149590712317961838e-01 2.106732777176247365e-02
5.147874754066604774e-01 2.106720549219259081e-02
5.146159367610734225e-01 2.106763763205238976e-02
5.144444552759813716e-01 2.106719097641307492e-02
5.142730309323373383e-01 2.106746344987631483e-02
5.141016637111002208e-01 2.106724305517362894e-02
5.139303535932358002e-01 2.106767005309932370e-02
5.137591005597158533e-01 2.106740301871064258e-02
5.135879045915187069e-01 2.106758580022328672e-02
5.134167656696287940e-01 2.106759703771901929e-02
5.132456837750370982e-01 2.106759470455508987e-02
5.130746588887408199e-01 2.106743319301955866e-02
5.129036909917433773e-01 2.106801068353439041e-02
5.127327800650550715e-01 2.106774314284686964e-02
5.125619260896917551e-01 2.106745266614034467e-02
5.123911290466762747e-01 2.106775673057662696e-02
5.122203889170372504e-01 2.106789192513503980e-02
5.120497056818098525e-01 2.106763940001775762e-02
5.118790793220358015e-01 2.106799236887482371e-02
5.117085098187629244e-01 2.106831585971015441e-02
5.115379971530451542e-01 2.106730850931502405e-02
5.113675413059430852e-01 2.106843270296855988e-02
5.111971422585236402e-01 2.106772372734914273e-02
5.110267999918596260e-01 2.106812252194099552e-02
5.108565144870306218e-01 2.106817823620751873e-02
5.106862857251220911e-01 2.106776632359028470e-02
5.105161136872263805e-01 2.106785711128889710e-02
5.103459983544414991e-01 2.106840438795117704e-02
5.101759397078722280e-01 2.106783202972984520e-02
5.100059377286293438e-01 2.106825229221838403e-02
5.098359923978299513e-01 2.106838786343678480e-02
5.096661036965978164e-01 2.106824747468675693e-02
5.094962716060622565e-01 2.106809881468166973e-02
5.093264961073599162e-01 2.106923848443176955e-02
5.091567771816326582e-01 2.106765292722951113e-02
5.089871148100293397e-01 2.106786310798892253e-02
5.088175089737045909e-01 2.106859326592286016e-02
5.086479596538200365e-01 2.106837533970414705e-02
5.084784668315428524e-01 2.106849528437747601e-02
5.083090304880467647e-01 2.106873534758067074e-02
5.081396506045118278e-01 2.106833785585249946e-02
5.079703271621244243e-01 2.106862435318800769e-02
5.078010601420770431e-01 2.106881363908559568e-02
5.076318495255685015e-01 2.106847962500852517e-02
5.074626952938039448e-01 2.106865779349677628e-02
5.072935974279945137e-01 2.106902286734791199e-02
5.071245559093580102e-01 2.106829891674856514e-02
5.069555707191183425e-01 2.106879880133124064e-02
5.067866418385054139e-01 2.106965953713720724e-02
5.066177692487559003e-01 2.106823264738760804e-02
5.064489529311120286e-01 2.106797846052336359e-02
5.062801928668231310e-01 2.106842703538167050e-02
5.061114890371440911e-01 2.106854167413282214e-02
5.059428414233362314e-01 2.106900872398517754e-02
5.057742500066673141e-01 2.106869885747202076e-02
5.056057147684112074e-01 2.106831796195450177e-02
5.054372356898477747e-01 2.106813155894232334e-02
5.052688127522637629e-01 2.106813945790142126e-02
5.051004459369513588e-01 2.106788614155909872e-02
5.049321352252095219e-01 2.106804853117192830e-02
5.047638805983434285e-01 2.106806749067934720e-02
5.045956820376641394e-01 2.106790289711927763e-02
5.044275395244892657e-01 2.106850190919950377e-02
5.042594530401425246e-01 2.106833116216465240e-02
5.040914225659538506e-01 2.106831452371077384e-02
5.039234480832593954e-01 2.106873310055445980e-02
5.037555295734016392e-01 2.106836601425836689e-02
5.035876670177289460e-01 2.106906649244112001e-02
5.034198603975963415e-01 2.106860830742020990e-02
5.032521096943648464e-01 2.106716036773944450e-02
5.030844148894016987e-01 2.106848812970365734e-02
5.029167759640803537e-01 2.106813480449997930e-02
5.027491928997803727e-01 2.106732456900068870e-02
5.025816656778877567e-01 2.106739926814482980e-02
5.024141942797943905e-01 2.106793882697184650e-02
5.022467786868988204e-01 2.106664833927626018e-02
5.020794188806052549e-01 2.106610284332671376e-02
5.019121148423243417e-01 2.106551030494056842e-02
5.017448665534731678e-01 2.106513222112846306e-02
5.015776739954747043e-01 2.106478349046585555e-02
5.014105371497580288e-01 2.106430657485134500e-02
5.012434559977587689e-01 2.106428032328405350e-02
5.010764305209184366e-01 2.106378201849646442e-02
5.009094607006847610e-01 2.106350062623518760e-02
5.007425465185119107e-01 2.106330164373383662e-02
5.005756879558600492e-01 2.106313858502139105e-02
5.004088849941952244e-01 2.106286414199735890e-02
5.002421376149901455e-01 2.106244251154252081e-02
