9.089826947564526582e-01 2.095149224478072905e-02
9.086798014892895070e-01 2.096021820163884025e-02
9.083770091529053126e-01 2.096103201903867091e-02
9.080743177136673117e-01 2.095508913579171781e-02
9.077717271379546204e-01 2.096647993418942341e-02
9.074692373921571242e-01 2.094661104349445843e-02
9.071668484426761436e-01 2.096925221613642198e-02
9.068645602559242125e-01 2.091945000825858048e-02
9.065623727983247448e-01 2.097613071970490239e-02
9.062602860363124790e-01 2.094725791465042175e-02
9.059582999363336997e-01 2.093602961422914160e-02
9.056564144648452386e-01 2.096296855367070500e-02
9.053546295883158068e-01 2.094029449082155520e-02
9.050529452732245517e-01 2.094284533843302973e-02
9.047513614860624998e-01 2.092935051124279397e-02
9.044498781933312248e-01 2.096615068487611699e-02
9.041484953615441800e-01 2.094722838057961820e-02
9.038472129572250324e-01 2.092434495396689603e-02
9.035460309469092177e-01 2.092394534524457533e-02
9.032449492971436067e-01 2.098409874381016935e-02
9.029439679744852842e-01 2.093997245688742487e-02
9.026430869455034367e-01 2.099137433697101027e-02
9.023423061767776865e-01 2.091553033399266154e-02
9.020416256348993134e-01 2.101775311964280968e-02
9.017410452864704773e-01 2.097052267063607631e-02
9.014405650981044404e-01 2.096674948555212609e-02
9.011401850364256783e-01 2.100298414020358370e-02
9.008399050680695463e-01 2.099734977407752279e-02
9.005397251596829467e-01 2.096147077134461259e-02
9.002396452779235503e-01 2.106531928333919487e-02
8.999396653894603526e-01 2.091958051213341913e-02
8.996397854609731182e-01 2.094472132834415343e-02
8.993400054591534909e-01 2.107563640988649109e-02
8.990403253507032177e-01 2.110477703755967577e-02
8.987407451023357030e-01 2.096686310507225523e-02
8.984412646807754532e-01 2.100756178352391687e-02
8.981418840527576331e-01 2.093652720101970774e-02
8.978426031850293976e-01 2.095018280402237074e-02
8.975434220443477829e-01 2.106541116548140552e-02
8.972443405974819264e-01 2.103699305522920351e-02
8.969453588112115128e-01 2.095851385800333658e-02
8.966464766523272178e-01 2.103305451463747047e-02
8.963476940876312637e-01 2.098233765478763752e-02
8.960490110839365308e-01 2.097338673099397033e-02
8.957504276080671124e-01 2.103358287098650720e-02
8.954519436268580934e-01 2.100671502370062352e-02
8.951535591071557718e-01 2.095242041163623836e-02
8.948552740158169927e-01 2.099989661843473104e-02
8.945570883197104806e-01 2.097203300176988736e-02
8.942590019857152850e-01 2.102933738575801445e-02
8.939610149807215578e-01 2.094069975396201794e-02
8.936631272716307750e-01 2.101069140700987867e-02
8.933653388253557370e-01 2.100722351851170427e-02
8.930676496088194583e-01 2.102316419534478939e-02
8.927700595889563884e-01 2.100810894491148342e-02
8.924725687327120793e-01 2.102403230943098236e-02
8.921751770070429632e-01 2.102919085772919985e-02
8.918778843789167965e-01 2.103281853111622565e-02
8.915806908153114385e-01 2.098518288307046897e-02
8.912835962832170722e-01 2.098917570998220378e-02
8.909866007496337614e-01 2.096962259762967518e-02
8.906897041815731164e-01 2.093206975371647571e-02
8.903929065460577386e-01 2.092191092125270449e-02
8.900962078101209984e-01 2.090966568713431215e-02
8.897996079408073689e-01 2.093346175619012831e-02
8.895031069051723138e-01 2.089024875138560319e-02
8.892067046702820665e-01 2.088740244870228649e-02
8.889104012032142954e-01 2.092614705762027572e-02
8.886141964710571051e-01 2.091517585347692221e-02
8.883180904409100354e-01 2.091280859345564375e-02
8.880220830798833953e-01 2.089153315866097010e-02
8.877261743550982631e-01 2.089579506946282264e-02
8.874303642336870412e-01 2.089163431509406116e-02
8.871346526827927903e-01 2.090026824596395022e-02
8.868390396695696731e-01 2.089907699892423407e-02
8.865435251611823997e-01 2.089484006725962281e-02
8.862481091248074483e-01 2.089530050959761617e-02
8.859527915276315113e-01 2.089724359834170889e-02
8.856575723368524944e-01 2.088590880075312517e-02
8.853624515196791833e-01 2.089379024511719973e-02
8.850674290433312441e-01 2.088730133753880988e-02
8.847725048750396670e-01 2.089445642818639828e-02
8.844776789820454344e-01 2.088334503441087106e-02
8.841829513316015188e-01 2.088783294248907491e-02
8.838883218909712181e-01 2.089286683471395373e-02
8.835937906274285991e-01 2.088880177449475503e-02
8.832993575082592752e-01 2.089953045798833425e-02
8.830050225007588516e-01 2.089409959676894954e-02
8.827107855722347018e-01 2.088988558985458224e-02
8.824166466900046357e-01 2.089490729301043265e-02
8.821226058213974541e-01 2.090523700244189403e-02
8.818286629337528382e-01 2.088640194438793479e-02
8.815348179944212381e-01 2.090147292664846015e-02
8.812410709707643175e-01 2.089072435759163626e-02
8.809474218301542869e-01 2.089354657215000688e-02
8.806538705399741263e-01 2.089480828187000039e-02
8.803604170676182505e-01 2.089698880046458526e-02
8.800670613804912890e-01 2.089161703043562399e-02
8.797738034460093060e-01 2.088906108282951798e-02
8.794806432315986910e-01 2.089695648060638580e-02
8.791875807046970470e-01 2.089179361697455356e-02
8.788946158327528568e-01 2.089827354237643736e-02
8.786017485832249285e-01 2.090128686138961051e-02
8.783089789235837275e-01 2.089768428608797940e-02
8.780163068213099331e-01 2.089949925316831117e-02
8.777237322438952161e-01 2.089224525216918163e-02
8.774312551588423492e-01 2.089202011904574968e-02
8.771388755336643195e-01 2.089908574444828207e-02
8.768465933358855491e-01 2.089965663185699984e-02
8.765544085330412294e-01 2.089231273008568604e-02
8.762623210926768769e-01 2.090137666199771288e-02
8.759703309823493322e-01 2.090500458420992136e-02
8.756784381696260944e-01 2.089385197584364001e-02
8.753866426220853203e-01 2.090065243641390028e-02
8.750949443073162692e-01 2.090127203270246425e-02
8.748033431929185255e-01 2.089562731648573687e-02
8.745118392465028867e-01 2.090086779782681162e-02
8.742204324356910305e-01 2.089521757921099926e-02
8.739291227281148489e-01 2.090262305852763972e-02
8.736379100914176687e-01 2.090059418623975082e-02
8.733467944932532534e-01 2.089996519611988721e-02
8.730557759012860242e-01 2.089742695034647879e-02
8.727648542831916156e-01 2.090215160782329940e-02
8.724740296066559875e-01 2.089910992859418323e-02
8.721833018393762016e-01 2.089825279126337337e-02
8.718926709490596449e-01 2.089819468220168938e-02
8.716021369034252508e-01 2.090123938659376249e-02
8.713116996702017225e-01 2.090846564998682933e-02
8.710213592171293095e-01 2.090611620959838962e-02
8.707311155119585866e-01 2.089947934939624316e-02
8.704409685224511195e-01 2.089930575693119477e-02
8.701509182163787992e-01 2.090099016529738812e-02
8.698609645615250630e-01 2.090527110851735787e-02
8.695711075256831180e-01 2.090520247099754425e-02
8.692813470766574957e-01 2.090022841783706342e-02
8.689916831822632748e-01 2.090000259878740246e-02
8.687021158103264140e-01 2.090026875652097396e-02
8.684126449286834193e-01 2.090260390870255641e-02
8.681232705051816767e-01 2.090936265620439716e-02
8.678339925076791195e-01 2.090418809698658259e-02
8.675448109040443390e-01 2.090278496195152949e-02
8.672557256621569177e-01 2.090429956781571577e-02
8.669667367499069854e-01 2.090080265837577708e-02
8.666778441351951079e-01 2.090350466407590868e-02
8.663890477859329531e-01 2.090323143991850569e-02
8.661003476700429582e-01 2.090448367577596098e-02
8.658117437554576634e-01 2.090288730555211333e-02
8.655232360101210443e-01 2.090441741156629993e-02
8.652348244019868462e-01 2.091031725499644528e-02
8.649465088990204720e-01 2.090417478616258748e-02
8.646582894691974275e-01 2.090357567133765623e-02
8.643701660805038767e-01 2.090903717287287411e-02
8.640821387009368637e-01 2.090444776664827226e-02
8.637942072985039799e-01 2.090522482489313646e-02
8.635063718412234746e-01 2.090934446796946511e-02
8.632186322971243664e-01 2.090834142073692142e-02
8.629309886342463320e-01 2.090948932372171248e-02
8.626434408206392623e-01 2.091358575446687282e-02
8.623559888243644833e-01 2.091592166793342783e-02
8.620686326134932020e-01 2.091550901905250837e-02
8.617813721561078388e-01 2.090644327473600850e-02
8.614942074203010280e-01 2.091078974464216644e-02
8.612071383741761732e-01 2.091579549394211035e-02
8.609201649858474470e-01 2.091247652954323841e-02
8.606332872234395692e-01 2.090889112984481435e-02
8.603465050550879178e-01 2.091667204991176643e-02
8.600598184489381959e-01 2.092111022589118394e-02
8.597732273731469865e-01 2.090997401903489303e-02
8.594867317958817532e-01 2.091266427765470573e-02
8.592003316853199513e-01 2.092201987018614193e-02
8.589140270096499163e-01 2.091649973558079578e-02
8.586278177370708642e-01 2.091252786775693942e-02
8.583417038357923357e-01 2.091904772426363829e-02
8.580556852740341967e-01 2.090629346367679428e-02
8.577697620200274153e-01 2.092873632164549483e-02
8.574839340420133960e-01 2.092116919126947930e-02
8.571982013082438678e-01 2.091848839423805090e-02
8.569125637869815515e-01 2.091278189044138563e-02
8.566270214464992705e-01 2.093337590877514601e-02
8.563415742550808396e-01 2.092055969268879004e-02
8.560562221810205097e-01 2.092041966829566446e-02
8.557709651926229677e-01 2.093711309945558291e-02
8.554858032582034477e-01 2.092978242509644510e-02
8.552007363460880640e-01 2.093399852228319813e-02
8.549157644246131449e-01 2.093030102800690767e-02
8.546308874621255658e-01 2.092106623872328625e-02
8.543461054269833044e-01 2.092242193021939117e-02
8.540614182875541083e-01 2.094493346472580189e-02
8.537768260122164943e-01 2.093447784217422267e-02
8.534923285693600814e-01 2.092465390507911027e-02
8.532079259273842586e-01 2.093896548961972706e-02
8.529236180546991841e-01 2.093746354499560758e-02
8.526394049197258962e-01 2.093291503802310882e-02
8.523552864908955362e-01 2.093081232487266005e-02
8.520712627366499037e-01 2.093526998641002598e-02
8.517873336254415673e-01 2.094067045427138937e-02
8.515034991257328656e-01 2.093546528081820235e-02
8.512197592059974616e-01 2.095102379780437035e-02
8.509361138347192322e-01 2.095487533894018622e-02
8.506525629803922683e-01 2.093194249511645330e-02
8.503691066115216524e-01 2.094527985915322146e-02
8.500857446966227915e-01 2.096184526871727044e-02
8.498024772042213071e-01 2.093933731471703599e-02
8.495193041028535896e-01 2.094835547423745670e-02
8.492362253610665768e-01 2.093434836422366704e-02
8.489532409474173091e-01 2.095584800367375489e-02
8.486703508304737076e-01 2.096512271630415411e-02
8.483875549788141290e-01 2.092977702929627037e-02
8.481048533610270335e-01 2.094983544332733663e-02
8.478222459457117610e-01 2.095282191276050254e-02
8.475397327014777549e-01 2.096045935315528352e-02
8.472573135969454494e-01 2.096711353499552608e-02
8.469749886007451600e-01 2.094483990069500798e-02
8.466927576815179712e-01 2.096423648891749744e-02
8.464106208079152927e-01 2.097715178797529903e-02
8.461285779485990810e-01 2.092564864113681880e-02
8.458466290722416181e-01 2.095227032796703401e-02
8.455647741475256218e-01 2.098837001365974619e-02
8.452830131431445793e-01 2.097217002254468665e-02
8.450013460278019695e-01 2.097138507737120530e-02
8.447197727702118186e-01 2.094683585582204216e-02
8.444382933390987001e-01 2.098048355159631492e-02
8.441569077031975121e-01 2.095306541217951957e-02
8.438756158312538114e-01 2.094977359947659129e-02
8.435944176920230353e-01 2.098824550364409777e-02
8.433133132542715016e-01 2.095361468125532534e-02
8.430323024867758530e-01 2.100442005864382872e-02
8.427513853583230574e-01 2.094125049135707115e-02
8.424705618377104077e-01 2.095717053359785753e-02
8.421898318937458550e-01 2.100962092455468944e-02
8.419091954952473422e-01 2.097851169630779097e-02
8.416286526110435817e-01 2.097157543497282783e-02
8.413482032099734997e-01 2.094381947097058091e-02
8.410678472608865697e-01 2.097270584026471318e-02
8.407875847326422569e-01 2.101340284775011363e-02
8.405074155941107961e-01 2.098208298915537132e-02
8.402273398141727467e-01 2.097769503029974295e-02
8.399473573617188826e-01 2.100467871655296165e-02
8.396674682056501915e-01 2.097744742188791672e-02
8.393876723148785413e-01 2.094461860968883232e-02
8.391079696583255698e-01 2.095421312528514615e-02
8.388283602049239063e-01 2.104398668550451143e-02
8.385488439236159497e-01 2.098158437160719744e-02
8.382694207833547573e-01 2.097984565744497043e-02
8.379900907531037113e-01 2.099742386779226977e-02
8.377108538018362971e-01 2.099246780439539134e-02
8.374317098985368801e-01 2.097052496883884676e-02
8.371526590121994849e-01 2.096914956284769843e-02
8.368737011118287938e-01 2.099740604823060325e-02
8.365948361664399258e-01 2.099193140497329288e-02
8.363160641450582133e-01 2.099669940708928650e-02
8.360373850167190923e-01 2.100582478708321391e-02
8.357587987504688787e-01 2.098282598897646678e-02
8.354803053153637693e-01 2.101335912259646999e-02
8.352019046804702862e-01 2.100694084630675904e-02
8.349235968148652764e-01 2.096388403097176195e-02
8.346453816876360232e-01 2.096799945460528850e-02
8.343672592678799127e-01 2.098382511698632449e-02
8.340892295247049892e-01 2.102628337294348143e-02
8.338112924272291782e-01 2.098517457656995031e-02
8.335334479445809519e-01 2.101876877039168118e-02
8.332556960458989970e-01 2.099764551054065717e-02
8.329780367003321029e-01 2.097036912135752731e-02
8.327004698770397173e-01 2.095688638056742228e-02
8.324229955451912799e-01 2.102038009742616259e-02
8.321456136739664444e-01 2.098244585132567203e-02
8.318683242325555227e-01 2.098890584694805897e-02
8.315911271901589297e-01 2.096331458976274584e-02
8.313140225159867391e-01 2.101992143222290374e-02
8.310370101792602382e-01 2.098221921947798080e-02
8.307600901492105949e-01 2.101178329532318867e-02
8.304832623950788584e-01 2.096264840643010177e-02
8.302065268861166247e-01 2.103447525663036319e-02
8.299298835915860373e-01 2.101019136079256000e-02
8.296533324807590093e-01 2.105958706885792744e-02
8.293768735229181122e-01 2.099279727637052076e-02
8.291005066873555762e-01 2.104437122558477577e-02
8.288242319433744010e-01 2.098379739982565023e-02
8.285480492602875779e-01 2.099029408702137584e-02
8.282719586074185347e-01 2.099925309213924660e-02
8.279959599541003579e-01 2.098724369783546567e-02
8.277200532696770141e-01 2.100600632230518669e-02
8.274442385235024622e-01 2.098571081915168168e-02
8.271685156849407639e-01 2.098026880206878275e-02
8.268928847233663060e-01 2.097034494679145614e-02
8.266173456081634674e-01 2.099551780238092039e-02
8.263418983087272851e-01 2.100846172892080477e-02
8.260665427944623440e-01 2.096102108365057934e-02
8.257912790347839982e-01 2.099752145227712016e-02
8.255161069991177047e-01 2.098600102511415447e-02
8.252410266568985797e-01 2.097524834951797548e-02
8.249660379775727304e-01 2.099326268452977179e-02
8.246911409305957008e-01 2.100501240177267068e-02
8.244163354854338044e-01 2.102715259378409862e-02
8.241416216115632354e-01 2.101881113961902997e-02
8.238669992784704021e-01 2.105657621464529505e-02
8.235924684556518161e-01 2.103662026387398062e-02
8.233180291126142025e-01 2.110520629304873594e-02
8.230436812188745010e-01 2.117724908539521736e-02
8.227694247439597541e-01 2.103749611178063611e-02
8.224952596574073294e-01 2.099738669421415821e-02
8.222211859287643643e-01 2.096702054213354927e-02
8.219472035275884325e-01 2.101222724231464889e-02
8.216733124234473218e-01 2.100375918403611653e-02
8.213995125859184787e-01 2.100361708480117523e-02
8.211258039845902301e-01 2.100270057326842493e-02
8.208521865890604507e-01 2.099784536949260774e-02
8.205786603689374514e-01 2.101717670501459037e-02
8.203052252938394240e-01 2.102514310828323615e-02
8.200318813333948853e-01 2.101645569052025889e-02
8.197586284572424553e-01 2.098832735347223866e-02
8.194854666350307459e-01 2.101364102619648205e-02
8.192123958364184722e-01 2.101593832557078004e-02
8.189394160310747850e-01 2.099409513620785137e-02
8.186665271886786055e-01 2.097668895193698785e-02
8.183937292789188467e-01 2.102121906741386340e-02
8.181210222714948577e-01 2.103875678447709660e-02
8.178484061361160906e-01 2.101673934089711565e-02
8.175758808425021007e-01 2.099489151743525600e-02
8.173034463603818800e-01 2.100362018312474863e-02
8.170311026594951898e-01 2.102595649372206513e-02
8.167588497095920053e-01 2.106092254656726642e-02
8.164866874804317387e-01 2.105890810673496580e-02
8.162146159417844604e-01 2.098860007189554816e-02
8.159426350634298997e-01 2.103214757310551200e-02
8.156707448151582218e-01 2.106037532445396293e-02
8.153989451667691402e-01 2.101301935124319856e-02
8.151272360880732482e-01 2.109187581419250460e-02
8.148556175488901321e-01 2.101179774923411445e-02
8.145840895190503694e-01 2.104386184468689386e-02
8.143126519683941966e-01 2.109689340969660501e-02
8.140413048667719531e-01 2.098923778497726114e-02
8.137700481840438593e-01 2.107047908466918446e-02
8.134988818900803498e-01 2.110010120457341334e-02
8.132278059547620730e-01 2.110188729501538338e-02
8.129568203479794475e-01 2.100488583394443873e-02
8.126859250396326617e-01 2.102432606421649960e-02
8.124151199996328954e-01 2.110727221472210452e-02
8.121444051979000989e-01 2.103181882989914667e-02
8.118737806043653249e-01 2.098219456782793660e-02
8.116032461889689520e-01 2.108827149483822119e-02
8.113328019216617948e-01 2.107148898038510923e-02
8.110624477724041048e-01 2.104731562862677263e-02
8.107921837111670138e-01 2.102789967354644352e-02
8.105220097079309793e-01 2.104084380203264174e-02
8.102519257326866731e-01 2.104394833251290592e-02
8.099819317554348697e-01 2.104731237494109758e-02
8.097120277461861138e-01 2.101319894127462798e-02
8.094422136749609420e-01 2.100844020427694581e-02
8.091724895117903271e-01 2.104468423722304082e-02
8.089028552267147898e-01 2.101678990506539862e-02
8.086333107897848427e-01 2.101072742177336958e-02
8.083638561710609904e-01 2.101658289297939075e-02
8.080944913406140628e-01 2.099135622130434559e-02
8.078252162685244375e-01 2.099595037425780811e-02
8.075560309248828172e-01 2.097908196223764038e-02
8.072869352797894527e-01 2.101190841450973484e-02
8.070179293033550305e-01 2.099368366912244752e-02
8.067490129656997855e-01 2.099914751167187427e-02
8.064801862369539442e-01 2.098534782754767417e-02
8.062114490872582806e-01 2.100086906499626718e-02
8.059428014867626722e-01 2.098206775394207552e-02
8.056742434056273217e-01 2.098055114562036999e-02
8.054057748140226458e-01 2.099459889546225269e-02
8.051373956821284983e-01 2.097164801279391422e-02
8.048691059801350578e-01 2.097550356110644554e-02
8.046009056782422730e-01 2.098617917926136334e-02
8.043327947466599737e-01 2.099143509788273243e-02
8.040647731556080924e-01 2.097830435273288427e-02
8.037968408753162208e-01 2.098147492440858783e-02
8.035289978760242757e-01 2.098359374481519046e-02
8.032612441279814997e-01 2.098402612353623964e-02
8.029935796014475713e-01 2.099143249794459265e-02
8.027260042666919393e-01 2.098422003201767805e-02
8.024585180939940443e-01 2.098391123770383324e-02
8.021911210536426529e-01 2.098494869530850154e-02
8.019238131159373006e-01 2.099032301464726774e-02
8.016565942511868492e-01 2.098502301315280025e-02
8.013894644297102632e-01 2.098390141908033912e-02
8.011224236218362771e-01 2.097656225268109548e-02
8.008554717979035065e-01 2.099087720385835534e-02
8.005886089282606699e-01 2.098377680100687454e-02
8.003218349832663669e-01 2.098830612781033000e-02
8.000551499332884120e-01 2.099369362254200136e-02
7.997885537487053886e-01 2.098438207808567268e-02
7.995220463999055394e-01 2.099515238728097075e-02
7.992556278572864326e-01 2.098585367376947300e-02
7.989892980912558507e-01 2.099328224671512255e-02
7.987230570722317902e-01 2.098893243591507668e-02
7.984569047706414624e-01 2.099518003288684473e-02
7.981908411569224038e-01 2.098746573817354341e-02
7.979248662015218096e-01 2.099062750452811849e-02
7.976589798748967564e-01 2.099009982157623230e-02
7.973931821475142012e-01 2.098346798130275997e-02
7.971274729898509825e-01 2.099709277017946726e-02
7.968618523723934866e-01 2.098747785525708134e-02
7.965963202656382025e-01 2.100222865924399052e-02
7.963308766400913896e-01 2.099796500267173821e-02
7.960655214662692991e-01 2.098969193813397804e-02
7.958002547146976191e-01 2.098376909011207339e-02
7.955350763559123628e-01 2.098796415069383373e-02
7.952699863604588693e-01 2.099076754174566267e-02
7.950049846988924696e-01 2.098908288978674694e-02
7.947400713417783757e-01 2.098682653234352699e-02
7.944752462596917919e-01 2.098684058888046489e-02
7.942105094232173590e-01 2.098971402890918714e-02
7.939458608029497100e-01 2.098980139810917994e-02
7.936813003694930257e-01 2.098925152943498240e-02
7.934168280934619233e-01 2.099081633114646683e-02
7.931524439454801234e-01 2.100052004029401287e-02
7.928881478961812279e-01 2.098870395298029976e-02
7.926239399162091637e-01 2.099838354253918613e-02
7.923598199762169614e-01 2.099511064610083688e-02
7.920957880468679768e-01 2.099493858135059038e-02
7.918318440988348916e-01 2.099632566610511175e-02
7.915679881028007125e-01 2.099534172741248511e-02
7.913042200294574391e-01 2.099944640637241289e-02
7.910405398495076179e-01 2.100359883045649356e-02
7.907769475336630105e-01 2.099911872645004660e-02
7.905134430526452594e-01 2.100885717461356203e-02
7.902500263771862210e-01 2.100200885753142691e-02
7.899866974780268558e-01 2.100065535839325953e-02
7.897234563259181161e-01 2.100933237163950251e-02
7.894603028916209464e-01 2.101011544987045274e-02
7.891972371459055058e-01 2.100657151039126563e-02
7.889342590595522786e-01 2.101201922043768183e-02
7.886713686033511861e-01 2.100486207060184296e-02
7.884085657481016973e-01 2.101392567585733465e-02
7.881458504646133845e-01 2.100601741677907142e-02
7.878832227237055896e-01 2.101413781835045555e-02
7.876206824962067587e-01 2.101758900454161680e-02
7.873582297529556628e-01 2.101331758985253498e-02
7.870958644648007319e-01 2.101465438924567802e-02
7.868335866025997216e-01 2.102489067278086668e-02
7.865713961372207130e-01 2.102173186546008737e-02
7.863092930395407798e-01 2.102448791548083840e-02
7.860472772804472097e-01 2.101522547103636465e-02
7.857853488308369494e-01 2.102550682169546103e-02
7.855235076616163825e-01 2.102085161999573196e-02
7.852617537437016626e-01 2.102172087384134372e-02
7.850000870480190462e-01 2.102258579726996521e-02
7.847385075455037828e-01 2.102791095968018636e-02
7.844770152071013358e-01 2.102316486825999212e-02
7.842156100037667166e-01 2.103086347674262835e-02
7.839542919064644844e-01 2.103013447355966611e-02
7.836930608861690795e-01 2.102853826158880557e-02
7.834319169138643790e-01 2.102989268946893475e-02
7.831708599605441412e-01 2.103216695373733014e-02
7.829098899972116721e-01 2.103138460098957427e-02
7.826490069948800476e-01 2.103380664460894126e-02
7.823882109245716698e-01 2.103472858373403934e-02
7.821275017573192656e-01 2.103839741222366527e-02
7.818668794641645547e-01 2.104074227503413552e-02
7.816063440161590270e-01 2.103945491497187514e-02
7.813458953843641641e-01 2.104107933311862022e-02
7.810855335398508847e-01 2.104428185722058073e-02
7.808252584536995444e-01 2.104513044851519937e-02
7.805650700970004907e-01 2.104663673092070295e-02
7.803049684408535080e-01 2.104852659374095020e-02
7.800449534563680398e-01 2.105035736104605981e-02
7.797850251146629663e-01 2.105358738160300475e-02
7.795251833868674929e-01 2.105440099896654579e-02
7.792654282441193736e-01 2.105770615984059804e-02
7.790057596575667986e-01 2.105967663644449719e-02
7.787461775983672840e-01 2.106225402115146847e-02
7.784866820376878938e-01 2.106423523408846102e-02
7.782272729467056838e-01 2.106701123620044122e-02
7.779679502966068139e-01 2.107029173765297483e-02
7.777087140585872138e-01 2.107396208529945317e-02
7.774495642038524723e-01 2.107767607984128988e-02
7.771905007036179480e-01 2.108205500422451889e-02
7.769315235291081034e-01 2.108493675230332931e-02
7.766726326515575041e-01 2.108828504622919237e-02
7.764138280422101523e-01 2.109269547055859367e-02
7.761551096723192655e-01 2.109664985854704106e-02
7.758964775131481639e-01 2.110061684029306342e-02
7.756379315359696047e-01 2.110495156612967813e-02
7.753794717120654489e-01 2.111076893208608390e-02
7.751210980127277717e-01 2.111547874775008757e-02
7.748628104092580848e-01 2.112170234040497419e-02
7.746046088729670043e-01 2.112804956614327753e-02
7.743464933751751378e-01 2.113445377733979072e-02
7.740884638872127521e-01 2.114266272674043476e-02
7.738305203804191068e-01 2.115229381379572088e-02
7.735726628261438975e-01 2.116252959925583182e-02
7.733148911957451466e-01 2.117516046011876096e-02
7.730572054605915344e-01 2.118914064951104431e-02
7.727996055920607343e-01 2.120796042102623610e-02
7.725420915615401896e-01 2.122913755623763790e-02
7.722846633404267802e-01 2.125609974292052076e-02
7.720273209001266013e-01 2.129181303860993094e-02
7.717700642120558507e-01 2.133879984533960592e-02
7.715128932476399415e-01 2.140203691805435057e-02
7.712558079783138343e-01 2.148794490729721493e-02
7.709988083755218158e-01 2.160860663950315771e-02
7.707418944107182757e-01 2.178851817414944811e-02
7.704850660553663744e-01 2.208864892175737768e-02
7.702283232809394864e-01 2.271232505002023644e-02
7.699716660589197570e-01 2.265518512124709352e-02
7.697150943607994344e-01 2.207039659124911818e-02
7.694586081580799819e-01 2.179833792442309806e-02
7.692022074222725214e-01 2.165927299204091147e-02
7.689458921248975010e-01 2.158586931630874367e-02
7.686896622374850274e-01 2.154715668292113417e-02
7.684335177315744225e-01 2.154639203514643539e-02
7.681774585787148890e-01 2.159645000604648243e-02
7.679214847504646224e-01 2.168781570319706919e-02
7.676655962183916992e-01 2.181779382139679632e-02
7.674097929540736329e-01 2.199793493581295861e-02
7.671540749290971517e-01 2.226554615471103282e-02
7.668984421150588648e-01 2.271412610104785526e-02
7.666428944835642634e-01 2.297572187681302947e-02
7.663874320062288303e-01 2.247767456237668299e-02
7.661320546546771526e-01 2.213002306455419746e-02
7.658767624005435870e-01 2.190562086285427479e-02
7.656215552154718162e-01 2.174607739200846296e-02
7.653664330711147379e-01 2.161757243218931368e-02
7.651113959391349084e-01 2.151045138320589398e-02
7.648564437912045433e-01 2.142442367660623431e-02
7.646015765990047397e-01 2.135643255488929235e-02
7.643467943342265869e-01 2.130156337953851078e-02
7.640920969685703890e-01 2.126066443827148711e-02
7.638374844737457758e-01 2.122468706487160364e-02
7.635829568214718144e-01 2.119896563365785552e-02
7.633285139834772304e-01 2.117679390541907930e-02
7.630741559315000755e-01 2.115815610217337481e-02
7.628198826372875052e-01 2.114392405613520903e-02
7.625656940725966670e-01 2.113215827328757818e-02
7.623115902091935903e-01 2.112424785533165150e-02
7.620575710188538521e-01 2.111671620011709369e-02
7.618036364733627996e-01 2.111245633874960642e-02
7.615497865445145509e-01 2.110534110405589553e-02
7.612960212041131047e-01 2.110193537127434682e-02
7.610423404239716749e-01 2.109835226166133226e-02
7.607887441759130231e-01 2.109678998219728305e-02
7.605352324317691259e-01 2.109336394385540742e-02
7.602818051633811747e-01 2.109043335396353774e-02
7.600284623426002417e-01 2.108926484255545242e-02
7.597752039412865033e-01 2.108903278927961103e-02
7.595220299313092394e-01 2.108970630598083762e-02
7.592689402845477220e-01 2.108595449203421249e-02
7.590159349728901050e-01 2.108360505344075014e-02
7.587630139682339792e-01 2.108463718235332671e-02
7.585101772424864830e-01 2.107968150841574642e-02
7.582574247675638590e-01 2.107965699686355221e-02
7.580047565153918976e-01 2.107707522292430469e-02
7.577521724579060480e-01 2.107755755825055366e-02
7.574996725670501974e-01 2.107611469267276980e-02
7.572472568147785577e-01 2.107420975104527111e-02
7.569949251730542228e-01 2.106959620918491885e-02
7.567426776138495015e-01 2.107308889481144046e-02
7.564905141091464724e-01 2.107134199161328839e-02
7.562384346309360961e-01 2.106797730551221090e-02
7.559864391512189918e-01 2.106583915595871409e-02
7.557345276420048830e-01 2.106552807186660645e-02
7.554827000753130406e-01 2.106610403850343177e-02
7.552309564231719508e-01 2.106249318597838704e-02
7.549792966576193143e-01 2.106223115632821843e-02
7.547277207507023800e-01 2.106046469519223113e-02
7.544762286744775004e-01 2.106266547034807771e-02
7.542248204010104651e-01 2.105543681253146601e-02
7.539734959023762784e-01 2.105819239371434920e-02
7.537222551506593815e-01 2.105722480945663652e-02
7.534710981179534306e-01 2.105368275020497518e-02
7.532200247763610745e-01 2.105780773353301688e-02
7.529690350979950653e-01 2.105251417404778447e-02
7.527181290549767034e-01 2.105651459068497502e-02
7.524673066194368376e-01 2.106147375755590412e-02
7.522165677635156422e-01 2.104911581067584608e-02
7.519659124593625066e-01 2.105136641813403278e-02
7.517153406791360348e-01 2.105296596191701813e-02
7.514648523950043790e-01 2.105331967886703987e-02
7.512144475791445730e-01 2.104365750654909467e-02
7.509641262037433096e-01 2.104448067041401332e-02
7.507138882409961633e-01 2.105797814104741483e-02
7.504637336631084787e-01 2.104729560080602704e-02
7.502136624422943711e-01 2.105896024831609495e-02
7.499636745507773927e-01 2.104394361941180208e-02
7.497137699607904215e-01 2.105023122568336347e-02
7.494639486445754395e-01 2.104007552071409867e-02
7.492142105743839764e-01 2.104987613161425283e-02
7.489645557224764438e-01 2.104795051615534693e-02
7.487149840611225793e-01 2.104917331674120706e-02
7.484654955626017792e-01 2.104690006483416961e-02
7.482160901992019886e-01 2.106235339567983852e-02
7.479667679432208116e-01 2.104968344432653349e-02
7.477175287669651782e-01 2.104353607521056505e-02
7.474683726427507890e-01 2.103394719953418160e-02
7.472192995429032258e-01 2.105102396501735279e-02
7.469703094397565080e-01 2.104305634436656400e-02
7.467214023056545358e-01 2.103946980462905597e-02
7.464725781129502025e-01 2.105036884676490111e-02
7.462238368340055050e-01 2.104595369849762004e-02
7.459751784411917663e-01 2.105629194323131032e-02
7.457266029068893021e-01 2.106004251336259306e-02
7.454781102034881979e-01 2.104825145028379335e-02
7.452297003033869771e-01 2.103201989386518575e-02
7.449813731789938220e-01 2.103783368517930102e-02
7.447331288027263518e-01 2.104383517693295819e-02
7.444849671470106234e-01 2.105504977177090342e-02
7.442368881842824635e-01 2.106663645997139400e-02
7.439888918869868029e-01 2.106890588628097805e-02
7.437409782275774539e-01 2.105337007178706768e-02
7.434931471785178880e-01 2.103518126359051055e-02
7.432453987122803474e-01 2.103326235293667690e-02
7.429977328013466220e-01 2.103573073711321323e-02
7.427501494182071617e-01 2.107396309219041960e-02
7.425026485353619643e-01 2.105064006910622662e-02
7.422552301253201312e-01 2.106191024148013763e-02
7.420078941605998679e-01 2.103532935764424253e-02
7.417606406137285946e-01 2.106383179506195885e-02
7.415134694572428353e-01 2.103550386124861463e-02
7.412663806636882180e-01 2.105864210789958058e-02
7.410193742056195854e-01 2.104701813973808289e-02
7.407724500556009950e-01 2.105449606446518906e-02
7.405256081862056083e-01 2.104589447678823638e-02
7.402788485700154686e-01 2.106136075468267865e-02
7.400321711796222779e-01 2.105964072809395765e-02
7.397855759876263981e-01 2.104257544058044799e-02
7.395390629666374060e-01 2.104512075195936679e-02
7.392926320892742043e-01 2.106058389303892830e-02
7.390462833281649102e-01 2.106539509693907200e-02
7.388000166559461901e-01 2.103406147899212347e-02
7.385538320452642580e-01 2.110228725356602664e-02
7.383077294687747649e-01 2.104730112300419106e-02
7.380617088991415775e-01 2.104376424299822523e-02
7.378157703090386654e-01 2.104679666327111814e-02
7.375699136711481030e-01 2.105741442583930478e-02
7.373241389581620675e-01 2.105915851499166186e-02
7.370784461427809520e-01 2.105818255402795713e-02
7.368328351977150303e-01 2.109611360476941477e-02
7.365873060956831253e-01 2.105352147342985994e-02
7.363418588094132744e-01 2.106603476528960683e-02
7.360964933116426190e-01 2.104799738416989266e-02
7.358512095751176263e-01 2.103689824212587670e-02
7.356060075725934233e-01 2.106103553844457243e-02
7.353608872768343518e-01 2.102531218724102216e-02
7.351158486606140796e-01 2.109909732795916745e-02
7.348708916967152671e-01 2.103777639607549987e-02
7.346260163579291236e-01 2.105964412764360291e-02
7.343812226170567392e-01 2.104679121065246988e-02
7.341365104469077529e-01 2.103019623508006752e-02
7.338918798203009075e-01 2.103657470720794037e-02
7.336473307100641605e-01 2.106974055215405164e-02
7.334028630890344624e-01 2.107621359064177843e-02
7.331584769300577564e-01 2.103199521833322427e-02
7.329141722059890895e-01 2.108673398999919360e-02
7.326699488896923906e-01 2.102596431583446043e-02
7.324258069540410254e-01 2.104335190623420060e-02
7.321817463719170194e-01 2.105316545334815631e-02
7.319377671162116128e-01 2.110096304122893382e-02
7.316938691598248168e-01 2.105694013239766196e-02
7.314500524756663014e-01 2.107549566632186538e-02
7.312063170366540632e-01 2.111275204137886413e-02
7.309626628157153139e-01 2.103647962689383921e-02
7.307190897857867018e-01 2.110112361923457622e-02
7.304755979198134241e-01 2.107353430461350943e-02
7.302321871907497819e-01 2.111155510273367980e-02
7.299888575715591799e-01 2.101826378944363083e-02
7.297456090352141267e-01 2.109314622239236506e-02
7.295024415546957908e-01 2.106790603499071254e-02
7.292593551029947774e-01 2.107604449017024331e-02
7.290163496531103515e-01 2.105158146803698047e-02
7.287734251780508821e-01 2.100713043868152052e-02
7.285305816508339527e-01 2.103468858643455647e-02
7.282878190444858069e-01 2.103655249072906505e-02
7.280451373320416808e-01 2.105458531578572809e-02
7.278025364865461366e-01 2.108212027767225605e-02
7.275600164810523962e-01 2.105301802986781282e-02
7.273175772886227852e-01 2.104310250872427554e-02
7.270752188823286222e-01 2.104556816339048578e-02
7.268329412352501073e-01 2.104589609361014885e-02
7.265907443204766558e-01 2.106332872882253279e-02
7.263486281111062315e-01 2.109483735824892875e-02
7.261065925802461241e-01 2.106092388947353525e-02
7.258646377010122830e-01 2.105555149331706649e-02
7.256227634465300946e-01 2.107965309769706599e-02
7.253809697899333830e-01 2.108708937752251308e-02
7.251392567043652981e-01 2.104019700146409974e-02
7.248976241629775386e-01 2.106434792407829368e-02
7.246560721389311288e-01 2.108370628965690677e-02
7.244146006053959752e-01 2.101815018295022722e-02
7.241732095355508658e-01 2.108467788104177731e-02
7.239318989025832485e-01 2.105610137659903042e-02
7.236906686796898969e-01 2.107118986059485638e-02
7.234495188400765775e-01 2.105104637155774672e-02
7.232084493569574946e-01 2.104984052717449872e-02
7.229674602035562891e-01 2.106320662719340930e-02
7.227265513531052621e-01 2.103923505205837138e-02
7.224857227788455960e-01 2.105014618995513370e-02
7.222449744540274663e-01 2.103566981111597983e-02
7.220043063519101523e-01 2.106816240153343636e-02
7.217637184457614818e-01 2.104080018456620446e-02
7.215232107088584979e-01 2.103876036862671259e-02
7.212827831144869029e-01 2.105623802718265339e-02
7.210424356359416143e-01 2.105615790123360059e-02
7.208021682465259872e-01 2.107443779260869537e-02
7.205619809195528136e-01 2.106746707340433067e-02
7.203218736283433232e-01 2.109493261331087804e-02
7.200818463462278496e-01 2.104781793252976513e-02
7.198418990465456080e-01 2.103663924732598542e-02
7.196020317026446955e-01 2.108799519931908381e-02
7.193622442878819800e-01 2.105299026114137648e-02
7.191225367756234332e-01 2.102978354567255209e-02
7.188829091392436865e-01 2.110104064810314900e-02
7.186433613521261421e-01 2.108500938699369581e-02
7.184038933876636390e-01 2.105350888658253858e-02
7.181645052192571210e-01 2.103928375538902801e-02
7.179251968203169687e-01 2.110626288580843418e-02
7.176859681642622224e-01 2.105891336056739740e-02
7.174468192245205822e-01 2.109985608903238927e-02
7.172077499745290741e-01 2.108785440150523147e-02
7.169687603877330506e-01 2.112183121033617272e-02
7.167298504375871904e-01 2.117119545037756193e-02
7.164910200975546095e-01 2.109062741614073713e-02
7.162522693411075281e-01 2.102862275099966205e-02
7.160135981417269369e-01 2.106425769627553318e-02
7.157750064729025974e-01 2.103755024788797265e-02
7.155364943081331530e-01 2.100689121907777998e-02
7.152980616209261289e-01 2.102793472412115353e-02
7.150597083847978208e-01 2.102016098657846777e-02
7.148214345732734065e-01 2.101325211713514149e-02
7.145832401598867234e-01 2.101014254376076112e-02
7.143451251181804906e-01 2.102853108847033137e-02
7.141070894217065312e-01 2.100912559247967645e-02
7.138691330440251059e-01 2.100655650934841676e-02
7.136312559587055793e-01 2.100995334687424596e-02
7.133934581393257535e-01 2.101133327155012276e-02
7.131557395594725346e-01 2.102320919177309150e-02
7.129181001927415995e-01 2.100646918704420288e-02
7.126805400127373957e-01 2.103501539432398731e-02
7.124430589930729196e-01 2.101021120609268544e-02
7.122056571073703823e-01 2.101655550759643290e-02
7.119683343292605437e-01 2.100799006422652757e-02
7.117310906323830455e-01 2.101276891072194342e-02
7.114939259903861890e-01 2.099841328063692739e-02
7.112568403769271574e-01 2.101290426961622756e-02
7.110198337656719048e-01 2.102205936423142546e-02
7.107829061302951557e-01 2.101260664701919481e-02
7.105460574444802946e-01 2.099863063187129911e-02
7.103092876819195878e-01 2.101029349536593510e-02
7.100725968163140722e-01 2.100902138254372511e-02
7.098359848213735557e-01 2.100117559665782771e-02
7.095994516708166167e-01 2.102740473883605785e-02
7.093629973383703824e-01 2.100892160108847398e-02
7.091266217977711950e-01 2.101959140736011852e-02
7.088903250227635011e-01 2.100257018104106227e-02
7.086541069871010734e-01 2.099495218064130128e-02
7.084179676645461221e-01 2.099771378626519996e-02
7.081819070288698503e-01 2.103337019005906833e-02
7.079459250538518988e-01 2.100203997718493032e-02
7.077100217132806792e-01 2.100536035975493834e-02
7.074741969809537068e-01 2.102519407920579175e-02
7.072384508306768236e-01 2.100017135211392980e-02
7.070027832362646425e-01 2.099677100114865844e-02
7.067671941715406581e-01 2.103407287130180936e-02
7.065316836103372466e-01 2.100363671885294159e-02
7.062962515264950003e-01 2.100867660016047037e-02
7.060608978938637259e-01 2.100733892601324218e-02
7.058256226863015570e-01 2.100624202802397339e-02
7.055904258776756199e-01 2.100504647777397954e-02
7.053553074418615898e-01 2.102769741429516906e-02
7.051202673527439124e-01 2.100954509340639126e-02
7.048853055842158044e-01 2.100571181216125127e-02
7.046504221101790311e-01 2.101856767018217206e-02
7.044156169045442395e-01 2.100220830033498048e-02
7.041808899412304035e-01 2.101820012910744773e-02
7.039462411941656006e-01 2.100841943669921191e-02
7.037116706372864572e-01 2.100436178795301451e-02
7.034771782445382593e-01 2.099445293039220450e-02
7.032427639898749527e-01 2.101261063461333858e-02
7.030084278472590320e-01 2.102048225582652669e-02
7.027741697906622065e-01 2.102099697338681225e-02
7.025399897940640681e-01 2.100639414804101462e-02
7.023058878314535347e-01 2.100527492233936200e-02
7.020718638768278508e-01 2.100296975251728787e-02
7.018379179041931426e-01 2.102333842853117488e-02
7.016040498875639742e-01 2.099735489473452885e-02
7.013702598009635691e-01 2.102784807187176030e-02
7.011365476184239220e-01 2.099770568176111130e-02
7.009029133139860201e-01 2.100174973578669210e-02
7.006693568616987333e-01 2.101762416690736851e-02
7.004358782356201463e-01 2.099921524258260494e-02
7.002024774098167814e-01 2.101089029197530586e-02
6.999691543583639319e-01 2.101246955860853333e-02
6.997359090553455507e-01 2.099629782221986568e-02
6.995027414748538064e-01 2.100764465978749787e-02
6.992696515909900823e-01 2.100230313775679897e-02
6.990366393778640886e-01 2.100940132271313446e-02
6.988037048095941950e-01 2.100809937543727732e-02
6.985708478603073202e-01 2.099336862018479077e-02
6.983380685041392644e-01 2.099918515918448858e-02
6.981053667152341546e-01 2.099240432954744759e-02
6.978727424677447777e-01 2.099979238707847667e-02
6.976401957358329131e-01 2.099616462039452514e-02
6.974077264936683340e-01 2.099466412862144304e-02
6.971753347154296954e-01 2.099993095860735320e-02
6.969430203753046449e-01 2.099083256350111476e-02
6.967107834474888239e-01 2.099857231525462109e-02
6.964786239061866446e-01 2.099832783289863614e-02
6.962465417256114009e-01 2.101248832407773617e-02
6.960145368799847132e-01 2.100343251971069705e-02
6.957826093435367509e-01 2.101838050391039228e-02
6.955507590905065651e-01 2.099904927013985720e-02
6.953189860951415335e-01 2.101075043337675974e-02
6.950872903316974716e-01 2.100624639834079710e-02
6.948556717744392985e-01 2.101522855035329804e-02
6.946241303976400383e-01 2.101110137535043207e-02
6.943926661755814855e-01 2.102901584282037065e-02
6.941612790825538726e-01 2.102484975854084989e-02
6.939299690928563136e-01 2.101289271810181242e-02
6.936987361807959163e-01 2.100173051912193611e-02
6.934675803206890032e-01 2.103936119424787074e-02
6.932365014868600017e-01 2.104263130286607511e-02
6.930054996536421097e-01 2.101429019058744310e-02
6.927745747953768518e-01 2.101522066734191202e-02
6.925437268864147455e-01 2.106956580970050993e-02
6.923129559011143019e-01 2.106956522159113276e-02
6.920822618138429139e-01 2.104042916718092127e-02
6.918516445989765229e-01 2.101530824238047324e-02
6.916211042308996193e-01 2.100990589937354672e-02
6.913906406840047980e-01 2.099904955505509790e-02
6.911602539326939798e-01 2.098864268720612367e-02
6.909299439513767460e-01 2.099370413807752009e-02
6.906997107144718928e-01 2.098453754313142280e-02
6.904695541964063210e-01 2.099836355221922427e-02
6.902394743716157022e-01 2.098669948252470524e-02
6.900094712145442566e-01 2.098162868320615701e-02
6.897795446996443092e-01 2.098078415639000743e-02
6.895496948013771776e-01 2.098217629649433771e-02
6.893199214942123954e-01 2.098077584301490106e-02
6.890902247526280444e-01 2.097808171081661302e-02
6.888606045511109777e-01 2.097841219236432769e-02
6.886310608641562636e-01 2.097739836375845171e-02
6.884015936662674084e-01 2.097689741973463029e-02
6.881722029319568001e-01 2.097656366178050902e-02
6.879428886357448203e-01 2.098004687643811525e-02
6.877136507521607323e-01 2.098478324062433634e-02
6.874844892557421261e-01 2.097287466366189179e-02
6.872554041210350295e-01 2.097267336195993148e-02
6.870263953225941300e-01 2.097291197650133152e-02
6.867974628349823307e-01 2.097352646977906215e-02
6.865686066327714165e-01 2.097102154308619348e-02
6.863398266905411660e-01 2.097293970188294360e-02
6.861111229828802394e-01 2.096926841562597038e-02
6.858824954843852906e-01 2.096996252067348174e-02
6.856539441696620774e-01 2.096864654183158358e-02
6.854254690133242400e-01 2.096852343711550631e-02
6.851970699899943007e-01 2.096750840937186902e-02
6.849687470743027751e-01 2.096844488924888214e-02
6.847405002408890606e-01 2.096903022221145371e-02
6.845123294644008816e-01 2.096714804759849948e-02
6.842842347194943997e-01 2.096624167838414404e-02
6.840562159808339926e-01 2.096773869192159953e-02
6.838282732230929195e-01 2.096602878718942242e-02
6.836004064209525444e-01 2.096560356517196758e-02
6.833726155491028909e-01 2.096388981247009412e-02
6.831449005822419762e-01 2.096552200152372591e-02
6.829172614950770326e-01 2.096547905178344773e-02
6.826896982623228416e-01 2.096355346268878247e-02
6.824622108587031777e-01 2.096363812681867680e-02
6.822347992589502530e-01 2.096415193063502422e-02
6.820074634378041623e-01 2.096385614823012555e-02
6.817802033700141040e-01 2.096609398054102152e-02
6.815530190303372704e-01 2.096306567832054851e-02
6.813259103935394023e-01 2.096203887664090451e-02
6.810988774343945673e-01 2.096195886454760293e-02
6.808719201276852706e-01 2.096287843660601599e-02
6.806450384482025662e-01 2.096191770725201395e-02
6.804182323707455016e-01 2.096048044434623697e-02
6.801915018701221172e-01 2.096188663258546220e-02
6.799648469211483359e-01 2.096209096375715314e-02
6.797382674986488516e-01 2.096030204877881095e-02
6.795117635774562403e-01 2.096154331497684931e-02
6.792853351324121824e-01 2.096048341544617943e-02
6.790589821383659075e-01 2.096108911101197611e-02
6.788327045701757489e-01 2.096110008173495548e-02
6.786065024027081449e-01 2.095996709797517954e-02
6.783803756108378602e-01 2.096083067778004363e-02
6.781543241694479862e-01 2.095996001059404618e-02
6.779283480534301631e-01 2.096074297410341694e-02
6.777024472376842468e-01 2.096104243680392207e-02
6.774766216971185306e-01 2.096031949462844393e-02
6.772508714066495239e-01 2.096031482449178113e-02
6.770251963412023954e-01 2.096016557525068671e-02
6.767995964757105298e-01 2.096021603818362666e-02
6.765740717851154162e-01 2.095956847054988512e-02
6.763486222443672036e-01 2.095999238672676540e-02
6.761232478284243674e-01 2.096022078750062884e-02
6.758979485122535991e-01 2.095993541517727002e-02
6.756727242708299164e-01 2.096026449940326455e-02
6.754475750791368860e-01 2.096036672615797861e-02
6.752225009121660682e-01 2.095926732044768939e-02
6.749975017449176828e-01 2.095918305961320949e-02
6.747725775524002767e-01 2.096136895514105064e-02
6.745477283096302790e-01 2.096073330246908673e-02
6.743229539916330006e-01 2.096054050288082005e-02
6.740982545734418574e-01 2.096255164722814202e-02
6.738736300300984805e-01 2.096226284391939157e-02
6.736490803366528279e-01 2.096165981972540268e-02
6.734246054681635174e-01 2.096016455059820580e-02
6.732002053996968272e-01 2.096277498266633024e-02
6.729758801063279172e-01 2.096293375385799990e-02
6.727516295631401633e-01 2.096274158213752223e-02
6.725274537452250456e-01 2.096144994811422260e-02
6.723033526276824823e-01 2.096201121706988899e-02
6.720793261856206069e-01 2.096356414128529994e-02
6.718553743941557688e-01 2.096233130136527026e-02
6.716314972284129770e-01 2.096241853225242271e-02
6.714076946635250120e-01 2.096225945945031852e-02
6.711839666746335364e-01 2.096483287635598353e-02
6.709603132368877620e-01 2.096420861345987471e-02
6.707367343254460046e-01 2.096202894763353475e-02
6.705132299154741293e-01 2.096751091404663175e-02
6.702897999821466613e-01 2.096450805328950104e-02
6.700664445006464520e-01 2.096420915902388188e-02
6.698431634461642359e-01 2.096513980412045841e-02
6.696199567938996289e-01 2.096727767046942942e-02
6.693968245190599076e-01 2.096501980526627867e-02
6.691737665968608972e-01 2.096846207102218487e-02
6.689507830025266388e-01 2.096838907742087921e-02
6.687278737112896110e-01 2.096538768389460961e-02
6.685050386983900639e-01 2.096472400673434280e-02
6.682822779390769075e-01 2.096986580089619037e-02
6.680595914086073783e-01 2.096969547343784102e-02
6.678369790822465957e-01 2.096986892227516164e-02
6.676144409352681164e-01 2.096524708050271149e-02
6.673919769429538240e-01 2.097263977380058389e-02
6.671695870805934847e-01 2.096730239956484318e-02
6.669472713234856354e-01 2.097102642413111590e-02
6.667250296469365844e-01 2.097084199820875919e-02
6.665028620262610781e-01 2.097081796600368947e-02
6.662807684367821892e-01 2.097391334238175170e-02
6.660587488538308731e-01 2.096869374500484259e-02
6.658368032527465230e-01 2.097359892856828084e-02
6.656149316088768586e-01 2.097421636917867413e-02
6.653931338975777043e-01 2.097117317699774205e-02
6.651714100942128782e-01 2.097162053841323398e-02
6.649497601741547470e-01 2.097144456934196821e-02
6.647281841127837820e-01 2.097508846283780218e-02
6.645066818854886703e-01 2.097024236306578235e-02
6.642852534676659815e-01 2.098074822785531146e-02
6.640638988347210558e-01 2.097421958572908904e-02
6.638426179620670053e-01 2.097393079965214832e-02
6.636214108251252686e-01 2.097286931351281802e-02
6.634002773993253887e-01 2.098020265931974798e-02
6.631792176601052358e-01 2.097689235318506498e-02
6.629582315829110062e-01 2.097827506533101946e-02
6.627373191431965571e-01 2.097970128071711265e-02
6.625164803164244054e-01 2.097646946400572726e-02
6.622957150780649505e-01 2.097538603562271869e-02
6.620750234035970294e-01 2.097714614250540885e-02
6.618544052685074730e-01 2.097856763546527420e-02
6.616338606482913276e-01 2.097591841472287028e-02
6.614133895184518552e-01 2.098657561006224762e-02
6.611929918545003115e-01 2.098245235401453510e-02
6.609726676319562788e-01 2.097544392977213415e-02
6.607524168263474440e-01 2.098151923864503832e-02
6.605322394132097097e-01 2.097509742252736537e-02
6.603121353680868610e-01 2.098629428794078836e-02
6.600921046665313430e-01 2.098511535502701683e-02
6.598721472841032609e-01 2.098522518472546727e-02
6.596522631963710470e-01 2.098060732317828803e-02
6.594324523789114600e-01 2.097927474144751364e-02
6.592127148073089193e-01 2.097859077087924073e-02
6.589930504571565040e-01 2.098003955732497330e-02
6.587734593040550646e-01 2.099312505954098462e-02
6.585539413236138895e-01 2.098862519788019174e-02
6.583344964914500386e-01 2.098646557726626186e-02
6.581151247831888984e-01 2.098004425446573992e-02
6.578958261744640712e-01 2.098067273208657768e-02
6.576766006409170418e-01 2.099711444975033148e-02
6.574574481581976215e-01 2.099626929689344529e-02
6.572383687019635046e-01 2.098654218177234410e-02
6.570193622478808226e-01 2.098962453515096707e-02
6.568004287716235901e-01 2.098690923992923424e-02
6.565815682488740368e-01 2.099132231349795652e-02
6.563627806553221644e-01 2.098620130534124134e-02
6.561440659666665232e-01 2.098434751937497400e-02
6.559254241586136569e-01 2.099178097352046371e-02
6.557068552068779921e-01 2.098714146530699862e-02
6.554883590871821708e-01 2.099343265674737807e-02
6.552699357752570508e-01 2.098430017480958781e-02
6.550515852468414835e-01 2.098904981023393124e-02
6.548333074776822027e-01 2.098360013042762165e-02
6.546151024435341581e-01 2.098968853909162144e-02
6.543969701201608480e-01 2.098668690011334589e-02
6.541789104833329871e-01 2.098236262916189712e-02
6.539609235088300609e-01 2.098779247938745152e-02
6.537430091724391046e-01 2.098853495959965981e-02
6.535251674499558128e-01 2.098937642314345833e-02
6.533073983171833188e-01 2.098449636731797990e-02
6.530897017499333046e-01 2.098626463964896327e-02
6.528720777240252238e-01 2.098854373218767694e-02
6.526545262152868565e-01 2.099136539661543982e-02
6.524370471995536436e-01 2.099685364184382050e-02
6.522196406526693524e-01 2.099981862603683344e-02
6.520023065504857440e-01 2.101148123168780288e-02
6.517850448688627951e-01 2.100797997728471103e-02
6.515678555836681429e-01 2.100052493241468324e-02
6.513507386707778624e-01 2.099045778601731430e-02
6.511336941060757999e-01 2.098864483278186852e-02
6.509167218654539067e-01 2.098592591565170973e-02
6.506998219248123494e-01 2.098641580796420034e-02
6.504829942600589554e-01 2.099234193778218294e-02
6.502662388471098787e-01 2.098754905822861755e-02
6.500495556618891557e-01 2.098923276580284825e-02
6.498329446803290388e-01 2.099557692478414006e-02
6.496164058783695516e-01 2.098932265555991314e-02
6.493999392319588226e-01 2.099715196632511924e-02
6.491835447170529738e-01 2.099811460821535483e-02
6.489672223096164538e-01 2.099602538254116343e-02
6.487509719856212609e-01 2.099631491725439947e-02
6.485347937210474978e-01 2.100533308597743454e-02
6.483186874918834830e-01 2.099453643206963122e-02
6.481026532741254176e-01 2.100365260396799827e-02
6.478866910437773852e-01 2.099853883773136060e-02
6.476708007768517961e-01 2.101442846995949312e-02
6.474549824493686101e-01 2.100684675729329667e-02
6.472392360373561138e-01 2.099992788804638452e-02
6.470235615168504761e-01 2.100987169440159813e-02
6.468079588638957489e-01 2.101614350927856825e-02
6.465924280545443104e-01 2.102340632188562028e-02
6.463769690648558663e-01 2.099325387765067080e-02
6.461615818708988934e-01 2.101319514368682473e-02
6.459462664487493067e-01 2.100649757131459530e-02
6.457310227744910147e-01 2.099810718137815058e-02
6.455158508242163640e-01 2.101283499841350225e-02
6.453007505740249172e-01 2.099925430317510500e-02
6.450857220000248970e-01 2.099923218936749006e-02
6.448707650783320755e-01 2.099583726591457838e-02
6.446558797850702183e-01 2.100230565867011040e-02
6.444410660963714177e-01 2.100131443669988468e-02
6.442263239883753156e-01 2.100083119986196484e-02
6.440116534372294366e-01 2.099892439469168773e-02
6.437970544190897426e-01 2.099358222797544776e-02
6.435825269101196344e-01 2.099832458030142374e-02
6.433680708864908393e-01 2.100028873352589864e-02
6.431536863243826341e-01 2.099480806728632257e-02
6.429393731999826223e-01 2.099433250588554623e-02
6.427251314894860679e-01 2.099831731410748900e-02
6.425109611690963396e-01 2.099554997848232518e-02
6.422968622150245777e-01 2.099667236641070134e-02
6.420828346034901379e-01 2.099729257471360730e-02
6.418688783107198148e-01 2.099705498701793377e-02
6.416549933129487293e-01 2.099687783093802732e-02
6.414411795864198851e-01 2.099698834370545761e-02
6.412274371073840573e-01 2.099613428855595307e-02
6.410137658521000148e-01 2.100002344712327551e-02
6.408001657968342979e-01 2.099767197034506025e-02
6.405866369178616626e-01 2.099765856014679938e-02
6.403731791914645255e-01 2.099728824042599445e-02
6.401597925939331857e-01 2.099903939918580653e-02
6.399464771015658249e-01 2.099779466773761885e-02
6.397332326906689515e-01 2.099871700567326402e-02
6.395200593375564013e-01 2.100081525627791809e-02
6.393069570185502259e-01 2.099960151324152535e-02
6.390939257099801374e-01 2.099971751046380425e-02
6.388809653881840633e-01 2.099999416027118621e-02
6.386680760295074810e-01 2.100084606152095162e-02
6.384552576103039723e-01 2.100279460013557142e-02
6.382425101069350015e-01 2.100116425045077048e-02
6.380298334957696937e-01 2.100233758604321682e-02
6.378172277531852785e-01 2.100009771571714062e-02
6.376046928555667570e-01 2.100100853065879278e-02
6.373922287793069019e-01 2.100455891326409585e-02
6.371798355008065906e-01 2.100128474204875084e-02
6.369675129964743610e-01 2.100212195613384777e-02
6.367552612427268555e-01 2.100095194127225492e-02
6.365430802159880441e-01 2.100152062270408543e-02
6.363309698926904456e-01 2.100319006146629183e-02
6.361189302492740172e-01 2.100272451702777862e-02
6.359069612621864875e-01 2.100250208666709639e-02
6.356950629078839121e-01 2.100287920614508225e-02
6.354832351628295628e-01 2.100332859332711133e-02
6.352714780034950381e-01 2.100411739843992959e-02
6.350597914063595972e-01 2.100317180541324755e-02
6.348481753479101597e-01 2.100531937310732428e-02
6.346366298046419718e-01 2.100443430074913978e-02
6.344251547530576074e-01 2.100544494012886176e-02
6.342137501696675228e-01 2.100527913591567278e-02
6.340024160309905010e-01 2.100613870107944162e-02
6.337911523135526526e-01 2.100616230810515433e-02
6.335799589938879706e-01 2.100729966595842046e-02
6.333688360485384417e-01 2.100818017601420451e-02
6.331577834540537131e-01 2.100664341932087162e-02
6.329468011869913147e-01 2.100821768938385820e-02
6.327358892239166588e-01 2.100809692458503394e-02
6.325250475414028184e-01 2.101019044668783753e-02
6.323142761160307490e-01 2.100895701411737565e-02
6.321035749243891777e-01 2.100924214115548402e-02
6.318929439430748252e-01 2.101005863775492338e-02
6.316823831486918506e-01 2.100887673941042796e-02
6.314718925178526288e-01 2.100969043360230090e-02
6.312614720271768620e-01 2.100908101690561816e-02
6.310511216532923573e-01 2.100961009249902034e-02
6.308408413728348041e-01 2.100983996345819754e-02
6.306306311624472194e-01 2.101033209953968861e-02
6.304204909987808358e-01 2.101028580452189015e-02
6.302104208584947687e-01 2.101050355933655606e-02
6.300004207182552385e-01 2.101167971940372248e-02
6.297904905547370147e-01 2.101118934591226367e-02
6.295806303446220831e-01 2.101248587674742901e-02
6.293708400646004231e-01 2.101252198238356961e-02
6.291611196913698967e-01 2.101272155741309294e-02
6.289514692016360264e-01 2.101279675952833978e-02
6.287418885721118844e-01 2.101425544243217328e-02
6.285323777795186473e-01 2.101382996211071524e-02
6.283229368005851523e-01 2.101530415865099366e-02
6.281135656120477861e-01 2.101353510279372824e-02
6.279042641906508182e-01 2.101885632205172452e-02
6.276950325131464004e-01 2.101629361975258445e-02
6.274858705562942340e-01 2.101761544857232503e-02
6.272767782968619033e-01 2.101789577929985553e-02
6.270677557116246525e-01 2.101733709972341407e-02
6.268588027773654980e-01 2.102170551128921400e-02
6.266499194708751164e-01 2.101847553978125616e-02
6.264411057689520668e-01 2.101785940212396245e-02
6.262323616484026800e-01 2.101882856769311803e-02
6.260236870860406144e-01 2.102008599179870652e-02
6.258150820586877439e-01 2.102006717777044759e-02
6.256065465431732697e-01 2.101881828705359084e-02
6.253980805163343870e-01 2.101871586465269698e-02
6.251896839550160623e-01 2.101947778536270017e-02
6.249813568360705895e-01 2.102020564685608967e-02
6.247730991363584785e-01 2.102053866815022098e-02
6.245649108327474552e-01 2.101988966873372805e-02
6.243567919021134616e-01 2.102015858968612344e-02
6.241487423213395447e-01 2.102070572934752052e-02
6.239407620673171895e-01 2.102104821202594939e-02
6.237328511169447642e-01 2.102142427889536550e-02
6.235250094471289639e-01 2.102136993125824568e-02
6.233172370347840330e-01 2.102190218183110776e-02
6.231095338568317654e-01 2.102211440221874242e-02
6.229018998902016158e-01 2.102272467328423350e-02
6.226943351118310321e-01 2.102302991121225012e-02
6.224868394986646791e-01 2.102344510675601894e-02
6.222794130276554370e-01 2.102380244706728019e-02
6.220720556757635133e-01 2.102405121054429574e-02
6.218647674199567765e-01 2.102454407103265810e-02
6.216575482372109773e-01 2.102470367170413551e-02
6.214503981045095271e-01 2.102525928131757788e-02
6.212433169988431647e-01 2.102554761412682438e-02
6.210363048972107336e-01 2.102606248741755585e-02
6.208293617766185157e-01 2.102632200592944797e-02
6.206224876140803426e-01 2.102708257726516178e-02
6.204156823866181503e-01 2.102744405851770387e-02
6.202089460712610913e-01 2.102766256763878919e-02
6.200022786450458678e-01 2.102830079413361974e-02
6.197956800850176196e-01 2.102854691188025052e-02
6.195891503682281476e-01 2.102894458427712054e-02
6.193826894717374687e-01 2.102931884655487305e-02
6.191762973726132602e-01 2.102977160696842263e-02
6.189699740479305268e-01 2.103020399187847250e-02
6.187637194747722669e-01 2.103048110498383777e-02
6.185575336302289173e-01 2.103121177656623250e-02
6.183514164913983535e-01 2.103192747389510606e-02
6.181453680353865554e-01 2.103193726093341431e-02
6.179393882393067194e-01 2.103245239153039847e-02
6.177334770802799246e-01 2.103294728903881694e-02
6.175276345354346885e-01 2.103334196829559008e-02
6.173218605819074112e-01 2.103381428170792572e-02
6.171161551968417092e-01 2.103427840976416011e-02
6.169105183573891926e-01 2.103494348155207291e-02
6.167049500407089102e-01 2.103534917075509936e-02
6.164994502239675711e-01 2.103568542373256828e-02
6.162940188843394340e-01 2.103627425311269117e-02
6.160886559990064182e-01 2.103642771346893661e-02
6.158833615451579924e-01 2.103692428125987848e-02
6.156781354999911748e-01 2.103758833400583977e-02
6.154729778407109775e-01 2.103828866347278934e-02
6.152678885445294066e-01 2.103843989642872891e-02
6.150628675886664620e-01 2.103939672280021392e-02
6.148579149503496932e-01 2.104005678025432785e-02
6.146530306068139771e-01 2.104036124643416522e-02
6.144482145353021840e-01 2.104067102965794661e-02
6.142434667130645121e-01 2.104128783350186702e-02
6.140387871173585976e-01 2.104158087874147959e-02
6.138341757254500708e-01 2.104201510987229601e-02
6.136296325146118891e-01 2.104290133488907408e-02
6.134251574621244485e-01 2.104338691484262253e-02
6.132207505452760277e-01 2.104400665267261786e-02
6.130164117413621216e-01 2.104416754632550471e-02
6.128121410276862191e-01 2.104529309401628398e-02
6.126079383815590251e-01 2.104548134837517376e-02
6.124038037802987944e-01 2.104605821178246600e-02
6.121997372012316641e-01 2.104671873700935877e-02
6.119957386216910988e-01 2.104732967052417789e-02
6.117918080190181129e-01 2.104823765318106568e-02
6.115879453705611590e-01 2.104889403324664357e-02
6.113841506536765724e-01 2.104933206804367879e-02
6.111804238457280158e-01 2.104944572334523437e-02
6.109767649240865905e-01 2.105027370930914743e-02
6.107731738661311693e-01 2.105161083843204439e-02
6.105696506492480635e-01 2.105187009342923687e-02
6.103661952508311339e-01 2.105189332840016331e-02
6.101628076482815688e-01 2.105232537131389997e-02
6.099594878190085501e-01 2.105403090908580105e-02
6.097562357404283651e-01 2.105536929811563027e-02
6.095530513899649616e-01 2.105527913077360341e-02
6.093499347450499481e-01 2.105610935745845166e-02
6.091468857831222605e-01 2.105705423701578760e-02
6.089439044816282731e-01 2.105662685800430839e-02
6.087409908180222429e-01 2.105758402286410369e-02
6.085381447697656432e-01 2.105965172383810965e-02
6.083353663143274970e-01 2.105914944890941581e-02
6.081326554291843767e-01 2.105971342215869416e-02
6.079300120918204042e-01 2.106058990107485124e-02
6.077274362797270291e-01 2.106261551008585184e-02
6.075249279704035832e-01 2.106300100802717748e-02
6.073224871413563930e-01 2.106271507115759639e-02
6.071201137700996675e-01 2.106471860965003495e-02
6.069178078341550542e-01 2.106582612671040536e-02
6.067155693110511949e-01 2.106516273712940798e-02
6.065133981783250583e-01 2.106699324390232803e-02
6.063112944135204962e-01 2.106834976765416603e-02
6.061092579941890213e-01 2.106765659387721534e-02
6.059072888978896954e-01 2.106932794263379968e-02
6.057053871021890190e-01 2.107338287979846486e-02
6.055035525846607092e-01 2.106928209704137314e-02
6.053017853228864764e-01 2.107208638346859397e-02
6.051000852944548036e-01 2.107268889753946203e-02
6.048984524769623894e-01 2.107366549476911641e-02
6.046968868480130377e-01 2.107538698363617402e-02
6.044953883852178800e-01 2.107961621546404832e-02
6.042939570661958193e-01 2.107660740449528169e-02
6.040925928685729751e-01 2.107952246279960751e-02
6.038912957699830164e-01 2.107691416622360994e-02
6.036900657480668286e-01 2.108033305777881616e-02
6.034889027804734019e-01 2.108024861965305391e-02
6.032878068448583875e-01 2.108491725736646311e-02
6.030867779188854305e-01 2.108244163374497354e-02
6.028858159802251704e-01 2.108659945685322987e-02
6.026849210065563511e-01 2.108551335634162305e-02
6.024840929755643781e-01 2.108711765190258644e-02
6.022833318649428724e-01 2.108826447100079285e-02
6.020826376523918944e-01 2.109061092888551980e-02
6.018820103156199419e-01 2.108774341172212768e-02
6.016814498323425076e-01 2.109898870318864528e-02
6.014809561802823001e-01 2.109305417630109175e-02
6.012805293371699111e-01 2.109405601143200457e-02
6.010801692807430374e-01 2.109660339480854199e-02
6.008798759887465923e-01 2.109748539709246223e-02
6.006796494389337049e-01 2.109891292801438153e-02
6.004794896090638323e-01 2.110116313342699779e-02
6.002793964769050916e-01 2.110070433786057770e-02
6.000793700202314840e-01 2.110542267884342460e-02
5.998794102168258924e-01 2.110539379225860948e-02
5.996795170444776391e-01 2.110846714384252351e-02
5.994796904809839289e-01 2.110756714456310176e-02
5.992799305041491831e-01 2.111179036580848947e-02
5.990802370917852615e-01 2.111488998799464223e-02
5.988806102217113514e-01 2.111188081838922398e-02
5.986810498717540785e-01 2.111414406733664456e-02
5.984815560197473960e-01 2.111439902224060070e-02
5.982821286435328068e-01 2.111845547974886342e-02
5.980827677209591409e-01 2.111778618774281385e-02
5.978834732298824450e-01 2.112647787671084396e-02
5.976842451481663154e-01 2.112405196347607456e-02
5.974850834536818978e-01 2.112572910420826983e-02
5.972859881243069990e-01 2.112663351189296435e-02
5.970869591379276420e-01 2.113425765044990579e-02
5.968879964724367326e-01 2.113344790922205493e-02
5.966891001057348376e-01 2.113512971660735582e-02
5.964902700157296289e-01 2.113892883731108632e-02
5.962915061803359951e-01 2.113730905749618139e-02
5.960928085774769292e-01 2.114371649428423844e-02
5.958941771850817526e-01 2.114651126808337125e-02
5.956956119810880024e-01 2.114597917612843353e-02
5.954971129434402100e-01 2.114942234395864040e-02
5.952986800500902342e-01 2.115457602495263850e-02
5.951003132789970396e-01 2.116026946070887968e-02
5.949020126081275839e-01 2.116628847310360328e-02
5.947037780154557085e-01 2.117058122937208811e-02
5.945056094789628043e-01 2.117319255543737705e-02
5.943075069766371454e-01 2.117580769604375523e-02
5.941094704864751108e-01 2.117570119436089013e-02
5.939114999864794076e-01 2.118111911449373219e-02
5.937135954546611805e-01 2.118639135105718219e-02
5.935157568690382357e-01 2.119236548715464769e-02
5.933179842076354849e-01 2.119926561583719560e-02
5.931202774484860551e-01 2.120723281486580278e-02
5.929226365696294021e-01 2.121610341993923274e-02
5.927250615491130858e-01 2.122680155042467459e-02
5.925275523649913278e-01 2.124019906257289952e-02
5.923301089953262322e-01 2.125071348880289840e-02
5.921327314181867862e-01 2.126891911974284483e-02
5.919354196116495270e-01 2.129120234775104883e-02
5.917381735537982079e-01 2.131513176769828793e-02
5.915409932227239098e-01 2.134440681147844673e-02
5.913438785965250410e-01 2.138209793270142225e-02
5.911468296533072264e-01 2.142901811509354340e-02
5.909498463711833072e-01 2.147813696758646418e-02
5.907529287282740071e-01 2.154582836815669214e-02
5.905560767027063784e-01 2.163481183161550248e-02
5.903592902726154668e-01 2.173689761652793095e-02
5.901625694161434232e-01 2.191055690428356240e-02
5.899659141114395045e-01 2.227300240229479478e-02
5.897693243366606275e-01 2.285419025948882271e-02
5.895728000699705929e-01 2.239479203989366840e-02
5.893763412895407505e-01 2.248290681920660922e-02
5.891799479735494449e-01 2.296066546444740578e-02
5.889836201001826810e-01 2.257381546535556366e-02
5.887873576476334581e-01 2.213571805724923874e-02
5.885911605941021030e-01 2.188079828610752300e-02
5.883950289177960480e-01 2.174822450037421778e-02
5.881989625969303859e-01 2.163159959910945090e-02
5.880029616097270928e-01 2.153399782102854640e-02
5.878070259344155835e-01 2.146160839181984054e-02
5.876111555492323779e-01 2.140790131398445650e-02
5.874153504324216568e-01 2.136376751264663920e-02
5.872196105622341511e-01 2.133139275920909947e-02
5.870239359169285853e-01 2.130364327909562913e-02
5.868283264747701233e-01 2.128318350207902832e-02
5.866327822140321446e-01 2.126577189737203361e-02
5.864373031129944680e-01 2.125073034776887165e-02
5.862418891499444618e-01 2.123907028126555477e-02
5.860465403031767107e-01 2.122942435522590793e-02
5.858512565509929049e-01 2.121935799620132054e-02
5.856560378717023951e-01 2.121066969300135219e-02
5.854608842436210825e-01 2.120375169274600277e-02
5.852657956450727506e-01 2.119690664284207271e-02
5.850707720543878443e-01 2.119091121233485434e-02
5.848758134499045802e-01 2.118600024825778583e-02
5.846809198099679472e-01 2.118244172275845355e-02
5.844860911129302616e-01 2.117910155170892733e-02
5.842913273371509453e-01 2.117610686937350731e-02
5.840966284609974135e-01 2.117476717861861008e-02
5.839019944628429659e-01 2.117086761267513925e-02
5.837074253210693398e-01 2.116814736556791102e-02
5.835129210140646006e-01 2.116509195967005916e-02
5.833184815202244744e-01 2.116291651062168766e-02
5.831241068179517928e-01 2.116087389268951624e-02
5.829297968856566037e-01 2.115952040031965006e-02
5.827355517017559494e-01 2.115706348643018805e-02
5.825413712446743109e-01 2.115437607658211816e-02
5.823472554928433853e-01 2.115217967395265769e-02
5.821532044247017534e-01 2.114990131300182458e-02
5.819592180186954344e-01 2.114787222101432648e-02
5.817652962532777750e-01 2.114850998132503102e-02
5.815714391069086719e-01 2.114449015226059492e-02
5.813776465580559050e-01 2.114335465751788351e-02
5.811839185851941370e-01 2.114181262364942665e-02
5.809902551668052473e-01 2.113896187426471049e-02
5.807966562813781097e-01 2.113824834189182919e-02
5.806031219074089256e-01 2.113964884675985367e-02
5.804096520234010015e-01 2.113539742623230314e-02
5.802162466078649716e-01 2.113300212805849579e-02
5.800229056393185756e-01 2.113278318118096827e-02
5.798296290962864363e-01 2.112966179985936374e-02
5.796364169573005043e-01 2.112992124849594200e-02
5.794432692009001684e-01 2.113074551229689527e-02
5.792501858056317010e-01 2.112607120627226290e-02
5.790571667500482578e-01 2.112429399259381502e-02
5.788642120127106550e-01 2.112495865662556219e-02
5.786713215721865922e-01 2.112222737199097311e-02
5.784784954070508745e-01 2.112344615240786469e-02
5.782857334958855233e-01 2.112220539437210248e-02
5.780930358172796657e-01 2.112118413624517257e-02
5.779004023498297560e-01 2.111794204439317729e-02
5.777078330721390209e-01 2.111782338210727028e-02
5.775153279628180147e-01 2.111809564354606705e-02
5.773228870004845081e-01 2.111802439929738248e-02
5.771305101637631552e-01 2.111533812145321987e-02
5.769381974312860484e-01 2.111435463108776375e-02
5.767459487816921637e-01 2.111183913949453775e-02
5.765537641936275826e-01 2.111354814505770131e-02
5.763616436457456027e-01 2.111256992737036570e-02
5.761695871167065164e-01 2.111013313999954982e-02
5.759775945851781653e-01 2.111017984305674916e-02
5.757856660298349416e-01 2.110807600009345641e-02
5.755938014293583427e-01 2.111003936170781359e-02
5.754020007624376376e-01 2.110933658774564320e-02
5.752102640077683127e-01 2.110610896874213355e-02
5.750185911440535147e-01 2.110616954075569471e-02
5.748269821500036070e-01 2.110804046442672777e-02
5.746354370043353921e-01 2.110692758317373255e-02
5.744439556857733331e-01 2.110439527642862106e-02
5.742525381730489986e-01 2.110253359900984144e-02
5.740611844449006185e-01 2.110302559573669010e-02
5.738698944800740831e-01 2.110313791980939283e-02
5.736786682573215002e-01 2.110269943445073487e-02
5.734875057554029709e-01 2.110072516759378333e-02
5.732964069530852580e-01 2.109898495469726340e-02
5.731053718291420074e-01 2.110326957094506295e-02
5.729144003623546366e-01 2.110069292755678907e-02
5.727234925315106695e-01 2.109714803714906467e-02
5.725326483154055124e-01 2.109783031301564263e-02
5.723418676928412330e-01 2.109742646249233161e-02
5.721511506426271154e-01 2.109847988852549608e-02
5.719604971435791052e-01 2.109730452058837871e-02
5.717699071745209194e-01 2.109503182530516122e-02
5.715793807142829364e-01 2.109470674751108901e-02
5.713889177417021958e-01 2.109500998738841199e-02
5.711985182356236201e-01 2.109353071906017868e-02
5.710081821748985709e-01 2.109309529294895943e-02
5.708179095383857371e-01 2.109266281062911058e-02
5.706277003049506913e-01 2.109238883291181255e-02
5.704375544534662223e-01 2.109205053583796188e-02
5.702474719628118915e-01 2.109242271457235571e-02
5.700574528118746986e-01 2.109542753181262165e-02
5.698674969795480827e-01 2.109187838096218334e-02
5.696776044447330323e-01 2.109135958160972962e-02
5.694877751863376414e-01 2.109494745134746219e-02
5.692980091832764433e-01 2.109126975219324102e-02
5.691083064144715209e-01 2.109603336114049960e-02
5.689186668588520623e-01 2.109430163605581499e-02
5.687290904953534731e-01 2.109316503393384584e-02
5.685395773029191524e-01 2.109795100886807662e-02
5.683501272604989385e-01 2.109766429084777503e-02
5.681607403470498863e-01 2.110439637279600336e-02
5.679714165415359339e-01 2.108881185230396596e-02
5.677821558229283472e-01 2.108860464753852665e-02
5.675929581702048310e-01 2.109019745014885372e-02
5.674038235623506399e-01 2.108643112145932447e-02
5.672147519783579117e-01 2.108594382334877740e-02
5.670257433972255567e-01 2.108561613651560585e-02
5.668367977979593686e-01 2.108635474418318889e-02
5.666479151595728014e-01 2.108426775033226536e-02
5.664590954610857487e-01 2.108474002018683249e-02
5.662703386815253204e-01 2.108371830341121758e-02
5.660816447999251766e-01 2.108330452805329616e-02
5.658930137953266382e-01 2.108306720292814004e-02
5.657044456467776872e-01 2.108294047961977585e-02
5.655159403333333001e-01 2.108233843401172494e-02
5.653274978340553369e-01 2.108191584775365515e-02
5.651391181280125409e-01 2.108188238249058752e-02
5.649508011942810937e-01 2.108146940741623468e-02
5.647625470119436164e-01 2.108113739558951233e-02
5.645743555600902797e-01 2.108092003669247497e-02
5.643862268178176933e-01 2.108079892554811513e-02
5.641981607642295726e-01 2.108065649791946577e-02
5.640101573784367384e-01 2.108039412616399474e-02
5.638222166395567836e-01 2.107997321342413438e-02
5.636343385267145178e-01 2.107985358095497419e-02
5.634465230190415230e-01 2.107958200691482931e-02
5.632587700956762644e-01 2.107940227987637957e-02
5.630710797357643127e-01 2.107924025121884343e-02
5.628834519184580110e-01 2.107893287884820763e-02
5.626958866229171408e-01 2.107876601856854132e-02
5.625083838283075899e-01 2.107876586678526787e-02
5.623209435138029066e-01 2.107856694703475614e-02
5.621335656585834117e-01 2.107823081114653871e-02
5.619462502418360872e-01 2.107797350731133862e-02
5.617589972427550205e-01 2.107770570922756076e-02
5.615718066405416264e-01 2.107756198108067316e-02
5.613846784144034263e-01 2.107732655682228312e-02
5.611976125435554907e-01 2.107733319915755868e-02
5.610106090072197738e-01 2.107685436547582919e-02
5.608236677846248908e-01 2.107685325015078159e-02
5.606367888550064515e-01 2.107661409820771672e-02
5.604499721976070603e-01 2.107647156079472950e-02
5.602632177916765377e-01 2.107629169388511650e-02
5.600765256164711436e-01 2.107618287018840630e-02
5.598898956512540215e-01 2.107595254844815344e-02
5.597033278752955310e-01 2.107574175603283556e-02
5.595168222678729153e-01 2.107554668174435597e-02
5.593303788082700789e-01 2.107549694252932454e-02
5.591439974757781428e-01 2.107522098684837947e-02
5.589576782496948892e-01 2.107516231604470922e-02
5.587714211093249839e-01 2.107481935921272018e-02
5.585852260339801978e-01 2.107489401196902673e-02
5.583990930029794075e-01 2.107469462005896049e-02
5.582130219956473738e-01 2.107451369665263100e-02
5.580270129913168509e-01 2.107441137130199385e-02
5.578410659693270324e-01 2.107433628293183675e-02
5.576551809090239953e-01 2.107405401420236676e-02
5.574693577897607000e-01 2.107419334766480468e-02
5.572835965908971012e-01 2.107406889870177061e-02
5.570978972917997041e-01 2.107411722989645242e-02
5.569122598718423411e-01 2.107359674403081612e-02
5.567266843104056173e-01 2.107343237802618285e-02
5.565411705868765768e-01 2.107346184914878073e-02
5.563557186806497024e-01 2.107328141497159454e-02
5.561703285711259159e-01 2.107295965299789062e-02
5.559850002377132450e-01 2.107290600830150767e-02
5.557997336598267113e-01 2.107279879304232995e-02
5.556145288168876650e-01 2.107305494876028293e-02
5.554293856883248948e-01 2.107258256668639515e-02
5.552443042535735174e-01 2.107250550850807772e-02
5.550592844920761992e-01 2.107250288584646553e-02
5.548743263832818240e-01 2.107239380739871562e-02
5.546894299066461587e-01 2.107267064364937506e-02
5.545045950416321867e-01 2.107232649629632928e-02
5.543198217677097750e-01 2.107180921401919510e-02
5.541351100643547856e-01 2.107196700179003734e-02
5.539504599110510741e-01 2.107189749381913405e-02
5.537658712872886024e-01 2.107188367477089500e-02
5.535813441725645490e-01 2.107231981988008651e-02
5.533968785463823092e-01 2.107159597633545892e-02
5.532124743882528284e-01 2.107143329548819347e-02
5.530281316776936018e-01 2.107160947478960156e-02
5.528438503942287863e-01 2.107089931575944000e-02
5.526596305173896440e-01 2.107185404622379660e-02
5.524754720267139874e-01 2.107173630454508423e-02
5.522913749017467344e-01 2.107074358271050427e-02
5.521073391220392423e-01 2.107084906010019132e-02
5.519233646671501958e-01 2.107047335701514590e-02
5.517394515166447189e-01 2.107103237938614398e-02
5.515555996500945968e-01 2.107124790598700198e-02
5.513718090470788313e-01 2.107085435713543578e-02
5.511880796871830857e-01 2.107048456378440848e-02
5.510044115499997952e-01 2.107046045377979765e-02
5.508208046151280568e-01 2.107040665921783296e-02
5.506372588621739617e-01 2.107029358205520994e-02
5.504537742707503734e-01 2.107086496195171091e-02
5.502703508204768168e-01 2.107055649111294615e-02
5.500869884909798113e-01 2.107017015295652163e-02
5.499036872618923155e-01 2.106985785736178313e-02
5.497204471128547265e-01 2.107028720365099542e-02
5.495372680235136587e-01 2.107052550984829867e-02
5.493541499735223876e-01 2.106993248660421481e-02
5.491710929425415166e-01 2.106967296316436880e-02
5.489880969102380881e-01 2.106959160239908063e-02
5.488051618562858058e-01 2.107026399203310377e-02
5.486222877603657011e-01 2.106941812441021425e-02
5.484394746021649114e-01 2.106949504974711326e-02
5.482567223613777907e-01 2.106905084954200161e-02
5.480740310177051322e-01 2.106939209476789768e-02
5.478914005508548346e-01 2.107095003405778239e-02
5.477088309405413469e-01 2.106861365950025641e-02
5.475263221664858904e-01 2.106947466884956724e-02
5.473438742084162367e-01 2.106852947049212693e-02
5.471614870460674851e-01 2.106945145839526218e-02
5.469791606591810629e-01 2.106899934481505296e-02
5.467968950275052809e-01 2.106909182256015353e-02
5.466146901307948891e-01 2.107037790301662453e-02
5.464325459488118542e-01 2.106984846835686931e-02
5.462504624613246929e-01 2.106841251726333103e-02
5.460684396481088054e-01 2.106938576702887395e-02
5.458864774889458094e-01 2.106930332671490616e-02
5.457045759636245386e-01 2.106811717456009980e-02
5.455227350519403773e-01 2.106750896511546886e-02
5.453409547336958152e-01 2.106789414949678668e-02
5.451592349886995592e-01 2.106779970244850378e-02
5.449775757967673107e-01 2.106817340812292688e-02
5.447959771377213212e-01 2.106829781300571455e-02
5.446144389913908368e-01 2.106760753506243741e-02
5.444329613376115429e-01 2.106926075612571697e-02
5.442515441562261191e-01 2.106806346187218432e-02
5.440701874270837957e-01 2.106768209330194680e-02
5.438888911300404638e-01 2.106852116749619724e-02
5.437076552449586764e-01 2.106897688483664807e-02
5.435264797517080915e-01 2.106810687113785940e-02
5.433453646301646955e-01 2.106742204041266858e-02
5.431643098602113584e-01 2.106782891273661223e-02
5.429833154217372782e-01 2.106804211180100458e-02
5.428023812946390914e-01 2.106735258408317171e-02
5.426215074588193188e-01 2.106775256828811310e-02
5.424406938941879197e-01 2.106791312113619891e-02
5.422599405806609596e-01 2.106755752926840058e-02
5.420792474981616094e-01 2.106767727361905790e-02
5.418986146266193682e-01 2.106727535492393735e-02
5.417180419459707297e-01 2.106753958230266413e-02
5.415375294361586267e-01 2.106826646333972639e-02
5.413570770771327645e-01 2.106794808422322168e-02
5.411766848488498427e-01 2.106710639814424191e-02
5.409963527312727782e-01 2.106815447515858475e-02
5.408160807043712603e-01 2.106841689825760325e-02
5.406358687481218617e-01 2.106683815918111366e-02
5.404557168425075941e-01 2.106845445295670721e-02
5.402756249675183531e-01 2.106831634025273930e-02
5.400955931031506951e-01 2.106705502306280980e-02
5.399156212294075052e-01 2.106658284794853814e-02
5.397357093262987737e-01 2.106673313201831363e-02
5.395558573738408192e-01 2.106640516181108522e-02
5.393760653520566217e-01 2.106644833140839182e-02
5.391963332409762666e-01 2.106603517408074666e-02
5.390166610206360565e-01 2.106603235399145957e-02
5.388370486710789553e-01 2.106587631399700969e-02
5.386574961723549215e-01 2.106565458058142978e-02
5.384780035045200197e-01 2.106555404014487029e-02
5.382985706476374199e-01 2.106547472355101494e-02
5.381191975817767315e-01 2.106524918776877392e-02
5.379398842870143360e-01 2.106546038062241666e-02
5.377606307434331656e-01 2.106555200062685748e-02
5.375814369311227026e-01 2.106527787886029041e-02
5.374023028301793126e-01 2.106518535314694587e-02
5.372232284207056896e-01 2.106528624706609232e-02
5.370442136828114110e-01 2.106519273995342834e-02
5.368652585966124935e-01 2.106513327620455206e-02
5.366863631422317260e-01 2.106514214668517293e-02
5.365075272997985589e-01 2.106502011695582030e-02
5.363287510494485488e-01 2.106514427687307400e-02
5.361500343713246908e-01 2.106495410564572859e-02
5.359713772455761971e-01 2.106486893637755931e-02
5.357927796523586084e-01 2.106485148226781498e-02
5.356142415718347927e-01 2.106479838918242503e-02
5.354357629841733912e-01 2.106479894558164687e-02
5.352573438695501507e-01 2.106480743134760830e-02
5.350789842081473680e-01 2.106468805530192778e-02
5.349006839801540014e-01 2.106461875880763848e-02
5.347224431657653376e-01 2.106473741512339057e-02
5.345442617451835465e-01 2.106457053351225989e-02
5.343661396986173484e-01 2.106452092796493383e-02
5.341880770062819028e-01 2.106452428090576506e-02
5.340100736483990307e-01 2.106446745507637233e-02
5.338321296051971032e-01 2.106444433815545664e-02
5.336542448569115971e-01 2.106446347044596892e-02
5.334764193837836510e-01 2.106450252798999431e-02
5.332986531660616203e-01 2.106440549131259610e-02
5.331209461840001884e-01 2.106436110114057181e-02
5.329432984178608113e-01 2.106432528649735542e-02
5.327657098479114950e-01 2.106435463691155169e-02
5.325881804544266851e-01 2.106452898220937883e-02
5.324107102176873774e-01 2.106471739996208792e-02
5.322332991179814510e-01 2.106419484674782600e-02
5.320559471356027803e-01 2.106436969799641706e-02
5.318786542508524562e-01 2.106415413481512247e-02
5.317014204440377867e-01 2.106421783767617809e-02
5.315242456954726302e-01 2.106405693082573014e-02
5.313471299854773955e-01 2.106417846405461008e-02
5.311700732943792636e-01 2.106416413968141207e-02
5.309930756025117438e-01 2.106399063175048297e-02
5.308161368902148958e-01 2.106418393046078502e-02
5.306392571378356626e-01 2.106427817352565790e-02
5.304624363257269826e-01 2.106424539229898377e-02
5.302856744342487882e-01 2.106389963724633607e-02
5.301089714437675626e-01 2.106385579336746486e-02
5.299323273346560059e-01 2.106410318462019135e-02
5.297557420872935907e-01 2.106382321295270296e-02
5.295792156820661178e-01 2.106385802870724619e-02
5.294027480993662715e-01 2.106373016085058905e-02
5.292263393195930643e-01 2.106393582338808232e-02
5.290499893231519479e-01 2.106358509493901424e-02
5.288736980904552576e-01 2.106380627458682639e-02
5.286974656019212127e-01 2.106367709842525693e-02
5.285212918379751379e-01 2.106368239382655494e-02
5.283451767790486864e-01 2.106355951582985359e-02
5.281691204055801725e-01 2.106361967797292650e-02
5.279931226980141279e-01 2.106351909068046244e-02
5.278171836368017455e-01 2.106376928272109261e-02
5.276413032024009908e-01 2.106359817712844321e-02
5.274654813752759352e-01 2.106372098438125118e-02
5.272897181358972007e-01 2.106390753260051901e-02
5.271140134647422926e-01 2.106378143506830100e-02
5.269383673422948222e-01 2.106339341748355437e-02
5.267627797490449515e-01 2.106358279656306634e-02
5.265872506654898366e-01 2.106335194427699092e-02
5.264117800721325180e-01 2.106333732874308279e-02
5.262363679494826973e-01 2.106323949126414838e-02
5.260610142780565157e-01 2.106334754211683716e-02
5.258857190383769975e-01 2.106319493378827970e-02
5.257104822109732734e-01 2.106323725951820408e-02
5.255353037763812463e-01 2.106332336915789361e-02
5.253601837151428144e-01 2.106327645464764475e-02
5.251851220078068705e-01 2.106339875965645633e-02
5.250101186349284133e-01 2.106321658114543305e-02
5.248351735770694360e-01 2.106331407324555163e-02
5.246602868147977050e-01 2.106333582159039541e-02
5.244854583286880922e-01 2.106338617835216628e-02
5.243106880993216867e-01 2.106327144214361138e-02
5.241359761072859058e-01 2.106393005160553736e-02
5.239613223331748282e-01 2.106354420324664523e-02
5.237867267575888608e-01 2.106353164607739289e-02
5.236121893611351830e-01 2.106383416390624624e-02
5.234377101244269692e-01 2.106324822741345928e-02
5.232632890280842775e-01 2.106372566594722287e-02
5.230889260527332718e-01 2.106316579000355738e-02
5.229146211790069998e-01 2.106297956215490499e-02
5.227403743875443931e-01 2.106313708362436699e-02
5.225661856589913778e-01 2.106303934943864684e-02
5.223920549739999863e-01 2.106314809362007726e-02
5.222179823132289123e-01 2.106291051149158586e-02
5.220439676573430665e-01 2.106299713648485117e-02
5.218700109870140214e-01 2.106293330796398314e-02
5.216961122829196773e-01 2.106295510906343663e-02
5.215222715257443742e-01 2.106286215803679709e-02
5.213484886961788911e-01 2.106292397426663687e-02
5.211747637749206685e-01 2.106283992397027516e-02
5.210010967426730311e-01 2.106288600095143973e-02
5.208274875801462978e-01 2.106285297527567615e-02
5.206539362680568939e-01 2.106283645078229141e-02
5.204804427871277950e-01 2.106285480003552632e-02
5.203070071180884160e-01 2.106288127598705817e-02
5.201336292416745000e-01 2.106281478001410107e-02
5.199603091386282294e-01 2.106279490431998275e-02
5.197870467896982261e-01 2.106277826204303039e-02
5.196138421756397729e-01 2.106277430347242019e-02
5.194406952772139263e-01 2.106293449353535338e-02
5.192676060751888478e-01 2.106288214895625163e-02
5.190945745503386943e-01 2.106280207280999961e-02
5.189216006834441730e-01 2.106283049625957970e-02
5.187486844552924303e-01 2.106286515044018121e-02
5.185758258466768300e-01 2.106279495044972166e-02
5.184030248383973971e-01 2.106287300940303669e-02
5.182302814112602629e-01 2.106288099539230241e-02
5.180575955460781090e-01 2.106294137954694071e-02
5.178849672236701673e-01 2.106285670973511576e-02
5.177123964248618870e-01 2.106303338798323765e-02
5.175398831304849345e-01 2.106297520169786788e-02
5.173674273213778596e-01 2.106293186900254008e-02
5.171950289783850963e-01 2.106299357640143213e-02
5.170226880823575177e-01 2.106322754149179965e-02
5.168504046141527697e-01 2.106307816835293473e-02
5.166781785546344929e-01 2.106300953333780854e-02
5.165060098846729897e-01 2.106307481013656654e-02
5.163338985851444463e-01 2.106313231976528894e-02
5.161618446369322655e-01 2.106315840569448344e-02
5.159898480209251792e-01 2.106311932375232177e-02
5.158179087180191358e-01 2.106318126720420000e-02
5.156460267091160787e-01 2.106330353215008291e-02
5.154742019751243909e-01 2.106331342990849786e-02
5.153024344969586723e-01 2.106338677853090285e-02
5.151307242555401844e-01 2.106318954031848739e-02
5.149590712317961838e-01 2.106343216545328301e-02
5.147874754066604774e-01 2.106330925102726723e-02
5.146159367610734225e-01 2.106374377569576739e-02
5.144444552759813716e-01 2.106329558010280878e-02
5.142730309323373383e-01 2.106356959207384208e-02
5.141016637111002208e-01 2.106334868988256337e-02
5.139303535932358002e-01 2.106377793737618243e-02
5.137591005597158533e-01 2.106350985454378058e-02
5.135879045915187069e-01 2.106369359081205345e-02
5.134167656696287940e-01 2.106370584040787725e-02
5.132456837750370982e-01 2.106370323778091955e-02
5.130746588887408199e-01 2.106354120364037352e-02
5.129036909917433773e-01 2.106412120948385203e-02
5.127327800650550715e-01 2.106385264542183153e-02
5.125619260896917551e-01 2.106356179120720540e-02
5.123911290466762747e-01 2.106386760740263861e-02
5.122203889170372504e-01 2.106400255781216979e-02
5.120497056818098525e-01 2.106375022332699146e-02
5.118790793220358015e-01 2.106410461176168314e-02
5.117085098187629244e-01 2.106442914608315509e-02
5.115379971530451542e-01 2.106341940868092580e-02
5.113675413059430852e-01 2.106456877784681006e-02
5.111971422585236402e-01 2.106383658995170799e-02
5.110267999918596260e-01 2.106423589763635126e-02
5.108565144870306218e-01 2.106429136165040641e-02
5.106862857251220911e-01 2.106388039929500341e-02
5.105161136872263805e-01 2.106397177945849505e-02
5.103459983544414991e-01 2.106452023081122754e-02
5.101759397078722280e-01 2.106394745424911702e-02
5.100059377286293438e-01 2.106438269245711550e-02
5.098359923978299513e-01 2.106451964002718780e-02
5.096661036965978164e-01 2.106436487669355317e-02
5.094962716060622565e-01 2.106421594612278847e-02
5.093264961073599162e-01 2.106535698195311640e-02
5.091567771816326582e-01 2.106377166965212738e-02
5.089871148100293397e-01 2.106398279847546476e-02
5.088175089737045909e-01 2.106471414662165059e-02
5.086479596538200365e-01 2.106450467692144723e-02
5.084784668315428524e-01 2.106461795558162500e-02
5.083090304880467647e-01 2.106485805942076225e-02
5.081396506045118278e-01 2.106446017612023658e-02
5.079703271621244243e-01 2.106474805088774313e-02
5.078010601420770431e-01 2.106493651134666925e-02
5.076318495255685015e-01 2.106460477722426131e-02
5.074626952938039448e-01 2.106478334888191306e-02
5.072935974279945137e-01 2.106514850203809741e-02
5.071245559093580102e-01 2.106442613633045802e-02
5.069555707191183425e-01 2.106492631672917532e-02
5.067866418385054139e-01 2.106578719675774800e-02
5.066177692487559003e-01 2.106436294743787088e-02
5.064489529311120286e-01 2.106410832508949157e-02
5.062801928668231310e-01 2.106455722191456076e-02
5.061114890371440911e-01 2.106467274254446992e-02
5.059428414233362314e-01 2.106513866580418670e-02
5.057742500066673141e-01 2.106482936977932888e-02
5.056057147684112074e-01 2.106444969755202901e-02
5.054372356898477747e-01 2.106426446719669027e-02
5.052688127522637629e-01 2.106427185652864215e-02
5.051004459369513588e-01 2.106401851823215543e-02
5.049321352252095219e-01 2.106418172519008980e-02
5.047638805983434285e-01 2.106420118130854571e-02
5.045956820376641394e-01 2.106403568610962923e-02
5.044275395244892657e-01 2.106463340282327054e-02
5.042594530401425246e-01 2.106446336080726109e-02
5.040914225659538506e-01 2.106444643784858087e-02
5.039234480832593954e-01 2.106486557830448622e-02
5.037555295734016392e-01 2.106449913281856212e-02
5.035876670177289460e-01 2.106519872362077467e-02
5.034198603975963415e-01 2.106474159920218581e-02
5.032521096943648464e-01 2.106329541573138259e-02
5.030844148894016987e-01 2.106462204657841286e-02
5.029167759640803537e-01 2.106426963428171401e-02
5.027491928997803727e-01 2.106346022286066655e-02
5.025816656778877567e-01 2.106353626951830774e-02
5.024141942797943905e-01 2.106407638638142094e-02
5.022467786868988204e-01 2.106278595286176225e-02
5.020794188806052549e-01 2.106223847481383110e-02
5.019121148423243417e-01 2.106164549196249194e-02
5.017448665534731678e-01 2.106126774869219315e-02
5.015776739954747043e-01 2.106091863721033103e-02
5.014105371497580288e-01 2.106044245751522229e-02
5.012434559977587689e-01 2.106041693217212268e-02
5.010764305209184366e-01 2.105991778760301844e-02
5.009094607006847610e-01 2.105963608248546601e-02
5.007425465185119107e-01 2.105943716041558389e-02
5.005756879558600492e-01 2.105927519745557502e-02
5.004088849941952244e-01 2.105900042540856387e-02
5.002421376149901455e-01 2.105857976789006145e-02
