# Target: WASP-39b
# Instrument: NIRISS/SOSS
# Pipeline: FIREFly
# Author: Rastamkulov
wave wave_error dppm dppm_err order
2.8260060884663787 0.019245441105907535 21663.844632608834 444.33915255400876 1.0
2.806767084042579 0.01923256774169202 22037.09591787375 382.390962830501 1.0
2.788046709319703 0.018208181704058912 22013.03405670115 347.82519576371243 1.0
2.769844368308668 0.01819650031801201 22000.215010502714 383.40901508935207 1.0
2.7521588690313044 0.01717449823671524 21770.689571186904 356.9064213644981 1.0
2.7349896154985283 0.017164008828836064 22336.347929924712 348.0252171664154 1.0
2.718335177336539 0.016144867495142545 22004.251646882574 326.95917653301547 1.0
2.702195077754069 0.016135331669797637 22508.289450325712 329.05673842611617 1.0
2.6865683631685835 0.015118097501173544 22496.700084713637 345.5522230880404 1.0
2.671454199195365 0.015110230445263717 22457.364832535342 326.6084199989825 1.0
2.656348259871506 0.015101648202453966 22034.977627435423 315.3690074615941 1.0
2.6412506643948235 0.015093542750911126 22187.185040752574 276.6915147036823 1.0
2.6266640699587893 0.014079646121157197 21631.046927988245 303.3073197753997 1.0
2.6125879997721366 0.014072494252148626 21917.99199329357 286.23340742637436 1.0
2.5985192006523086 0.0140651039875066 21162.751653372914 318.3905332062439 1.0
2.5849596146058778 0.013054068105355476 21232.600132015843 312.21585154211715 1.0
2.571908645643759 0.013047869818882063 21789.230284953257 337.02319810445755 1.0
2.558863874968114 0.013041671532407761 21691.248996566395 299.158019721053 1.0
2.545825302578943 0.013035473245934348 21444.67882731721 285.6511062239679 1.0
2.5332940360980993 0.012027059715752575 21351.741888389926 285.53707847495474 1.0
2.5212697179321335 0.012021576616179974 21599.39866600989 277.63519598352775 1.0
2.5092506444701064 0.012016570307873842 21565.604303600518 268.91057236029206 1.0
2.497236815712019 0.012011087208301241 21104.36188762736 268.85448020525604 1.0
2.4852284700535043 0.012005604108727752 21103.193416990285 269.8550027660945 1.0
2.473725403940432 0.01100052811741703 21886.905686341295 282.3400202131005 1.0
2.462727021383717 0.010996236996012598 21733.62941069069 261.3971923198132 1.0
2.451733049146224 0.010991707478973378 21776.4752390657 246.67033582504996 1.0
2.4407437256235864 0.01098693956630159 20987.96959482286 260.93320246337277 1.0
2.4297589316179877 0.01098264844489627 21000.66840399772 267.0072361092535 1.0
2.419277390794945 0.009980433201189243 21368.348641667602 287.1243722317252 1.0
2.4092988647588243 0.009976618871051723 21172.50993639283 262.34679854512376 1.0
2.399324033855025 0.009973042936547216 21057.188003758627 274.2669630494804 1.0
2.389352898083547 0.009969228606409253 21212.327716485703 272.45409095388555 1.0
2.379385576642206 0.009965414276271733 21855.315844928642 261.092549367039 1.0
2.369421950333187 0.009961838341767226 21020.167867277407 256.2919468193995 1.0
2.3594618999586716 0.009958262407263607 21596.178384403407 229.31914189618104 1.0
2.349505544716477 0.0099544480771252 21136.431401562564 250.8190961737467 1.0
2.340050416293953 0.00895580876792268 21152.525374695517 246.6380228155687 1.0
2.331096157097649 0.008952709624685529 21220.71590304072 239.82757245342117 1.0
2.322144877846765 0.008949848877082278 21108.924365375788 242.66677918733473 1.0
2.3131965785413016 0.008946749733845127 20988.31917506153 243.1810785661689 1.0
2.3042512591812576 0.008943888986241877 21232.92168221876 227.93047003146933 1.0
2.2953089197666343 0.00894078984300517 21158.508448078388 245.41376501441465 1.0
2.286369560297431 0.008937929095401476 20796.23079605454 234.23165427826063 1.0
2.2779295204828296 0.007942150533801762 21137.58607563556 252.35686525928844 1.0
2.269988442729379 0.007940004973099324 21273.241113892174 251.0336830647158 1.0
2.262049748932264 0.007937382621129974 21100.8204676304 240.1540230528677 1.0
2.2541134390914856 0.007935237060427092 20735.08382306022 246.56228741066275 1.0
2.2461793940092267 0.007932853104091198 20924.994610311685 242.91205551039945 1.0
2.23824785208112 0.007930230752121403 20960.203165263832 232.08055286619083 1.0
2.23031869410935 0.007928085191418521 20997.49857991854 238.27125949266335 1.0
2.2223918008960997 0.007925701235083071 20378.14743166529 447.77471643186414 1.0
2.2144672916391848 0.007923317278746289 20624.25248623382 258.32572519319706 1.0
2.206545166338606 0.007920933322410395 20636.60393457648 254.4569747555979 1.0
2.198625424994364 0.007918549366074501 21065.602841177133 230.29041206425052 1.0
2.1912027385462034 0.006926823530246207 21026.780337367738 238.16239919234403 1.0
2.1842767494006754 0.006925154760810681 20481.9153058515 257.14551686495616 1.0
2.177352548222399 0.0069232475957421435 20595.642048378566 262.74182993696365 1.0
2.170430254209191 0.006921340430673162 20662.253588073632 261.16596142917007 1.0
2.1635097481632357 0.006919671661237636 21177.621409385614 231.94908127516607 1.0
2.156591030084533 0.006917764496168655 21045.12086318802 240.62199318417137 1.0
2.1496742191708984 0.006915857331100117 20753.279987240392 239.9785051085164 1.0
2.1427591962245156 0.0069141885616645915 20851.119772927635 231.75717811622422 1.0
2.1358459612453857 0.00691228139659561 20884.337645474403 225.04707542383179 1.0
2.1289345142335074 0.006910612627160528 20922.965761140575 238.5847197467808 1.0
2.1220248551888816 0.006908705462091547 21254.611131057318 211.1026197284535 1.0
2.1151169841115074 0.006907036692656465 20698.91786389147 222.37442937103927 1.0
2.1082109010013856 0.0069051295275874836 20813.5985061582 221.74318830255513 1.0
2.1013067250563324 0.006903222362518502 21021.36182663379 220.29799600472094 1.0
2.094897220051026 0.005915787648095083 21272.228672827932 225.71982957489354 1.0
2.0889821475898316 0.005914357274293902 21334.193693484463 223.3441442646648 1.0
2.083068386304622 0.005913165296125289 21018.194118385767 224.35315628302945 1.0
2.077155936195397 0.005911734922324108 20873.519385083604 217.89439419180394 1.0
2.0712449164599738 0.0059103045485224825 20968.58621997421 228.63628469397614 1.0
2.0653352079005356 0.005909112570353869 21434.27440570007 220.2570948752164 1.0
2.059426810517082 0.005907682196552688 21057.41937345133 218.83754651651606 1.0
2.0535197243096137 0.005906490218384519 21116.8878404743 206.33915756742778 1.0
2.04761394927813 0.00590505984458245 21265.813956418155 199.75856225832013 1.0
2.0417096046204484 0.005903629470781269 20954.94200538534 194.1965299553749 1.0
2.0358065711387514 0.0059024374926131 21342.03867750395 196.9728906260106 1.0
2.029904729635222 0.0059012455144449305 21798.294556832676 210.9703941577135 1.0
2.024004199307678 0.005899815140643305 21214.360510103765 197.90602246206143 1.0
2.0181050993539356 0.00589838476684168 21490.32472814926 196.76105008839028 1.0
2.012207310576178 0.005897192788673511 21611.108325952697 195.54365646751825 1.0
2.006310832974405 0.005895762414871886 21673.821578241146 207.04259104172323 1.0
2.0009068211527676 0.004912261228403159 21216.006531909774 207.84585941333577 1.0
1.99599509631454 0.004911188448052162 20637.292444551007 203.457041504247 1.0
1.9910843250588468 0.004910354063334399 21009.892289894637 202.09821317689438 1.0
1.9861744477867798 0.004909400480799908 21339.472341563738 203.04379759988646 1.0
1.981265524097247 0.004908446898265417 21730.798112167653 353.80504980786196 1.0
1.9763574943913405 0.0049076125135478765 20796.857091901402 363.23745794902663 1.0
1.9714503586690597 0.004906658931013386 21458.32591307539 366.8335533805701 1.0
1.9665441765293135 0.004905705348479117 21474.630683460204 208.8167997550789 1.0
1.9616388883731932 0.004904870963761354 21735.15380336668 198.8171787885018 1.0
1.9567345537996075 0.004903798183409913 21741.133905920542 189.38730124653435 1.0
1.9518311728085562 0.0049029637986925945 21443.29508856725 203.76442593135891 1.0
1.9469286262022227 0.00490212941397461 21664.023534834785 213.3525812933362 1.0
1.9420269735795153 0.004901175831440341 21443.375717718216 197.41715089342458 1.0
1.9371263341382505 0.004900103051089122 21437.67239714042 201.11462610678248 1.0
1.9322265886806118 0.004899387864188309 21656.363305865507 179.8601588605292 1.0
1.9273277372065993 0.004898315083836868 21152.757260297087 198.6189932151611 1.0
1.9224298393151211 0.004897480699119328 21656.138860375526 192.05214315644247 1.0
1.917532835407269 0.004896527116585059 21237.01724710574 178.51012568696962 1.0
1.912636725483043 0.004895692731867074 21371.2474440477 183.91236832441336 1.0
1.9077415691413513 0.004894619951516077 21578.835558893363 176.02892171152251 1.0
1.902847366382194 0.004893785566798314 21426.223949033323 173.8006141168357 1.0
1.897954057606663 0.0048928319842638235 21177.266769909675 180.9824468702115 1.0
1.893061642814758 0.004891997599546283 21282.266136040686 184.99755024925324 1.0
1.8881701220064788 0.004891044017011792 21375.37064533101 187.6087911906914 1.0
1.8832795547807342 0.004890090434477523 21883.841631990133 187.34887825870786 1.0
1.8783899411375242 0.00488913685194281 21532.022861914073 173.8997949101082 1.0
1.87350122147794 0.0048883024672252695 21586.867771657886 258.9817671881115 1.0
1.8686133958019822 0.004887348884690779 21496.67107318045 222.50485557678013 1.0
1.86372646410965 0.004886514499973238 21782.95864446738 159.0226430106697 1.0
1.8588404859998526 0.004885441719621797 21498.36392087519 168.08337460526067 1.0
1.8544438745269531 0.003907781226176965 22168.230445464695 190.85592217465947 1.0
1.8505363912953183 0.0039071852370926585 21412.635248444905 177.9549565786014 1.0
1.8466295040527676 0.003906589248008796 21670.806576288465 188.67946404323376 1.0
1.8427232127993007 0.0039059932589249335 21511.5992605404 180.91035364378416 1.0
1.838817517534918 0.003905397269840627 21713.666448180902 185.67191200976413 1.0
1.8349124182596193 0.0039048012807567645 21293.606551237644 199.30290480409263 1.0
1.8310079149734046 0.00390420529167268 21731.73596493699 187.1190666371273 1.0
1.827104007676274 0.0039036093025885954 21094.95347411321 170.25586716967814 1.0
1.823200636769319 0.003903132511321461 21584.893646906545 175.4792714239581 1.0
1.819297861851448 0.0039024173244204263 21464.734400411722 178.2781599951478 1.0
1.8153956829226612 0.003901940533153292 21474.692080268585 181.45222781822366 1.0
1.811494099982958 0.0039012253462527013 21276.2920165571 183.8266352546822 1.0
1.8075931130323393 0.003900748554985123 21241.38435691173 165.89501822044815 1.0
1.8036926624718959 0.0039001525659012604 21375.405187967368 170.23138783565108 1.0
1.7997928674994452 0.0038994373790004477 21054.33954235619 173.23862476824684 1.0
1.7958936685160782 0.0038989605877333133 21627.00840245358 157.8372977827242 1.0
1.791995005922887 0.0038983645986490068 21357.795300556078 159.17014358253053 1.0
1.78809693931878 0.0038977686095651443 21240.90967259618 164.02904685636796 1.0
1.7841994687037568 0.0038971726204810597 21021.784499240097 484.7408793790275 1.0
1.7803025940778179 0.0038965766313971972 21446.848563170042 170.72836185557182 1.0
1.7764062558420544 0.003896099840129841 21164.28629512591 169.5153178905528 1.0
1.7725105135953747 0.003895384653229028 21170.159286068727 160.8498812711329 1.0
1.7686154269366878 0.0038947886641449436 21317.13051423556 183.4619663316322 1.0
1.7647208766681766 0.003894311872877587 21363.539355268957 166.69611927866143 1.0
1.7608269223887492 0.0038935966859769966 21431.68647827508 154.95613030117465 1.0
1.7569335640984058 0.00389311989470964 21509.94186612634 165.62074532123174 1.0
1.7530408017971468 0.0038924047078088275 21058.492734347845 157.2151000528606 1.0
1.7491486354849715 0.003891927916541693 21083.27509228176 153.52292197884273 1.0
1.745257005562972 0.0038913319274576086 20980.133182183214 153.93065923096773 1.0
1.7413659716300562 0.003890735938373524 21206.302556805967 158.54089083775102 1.0
1.7374755336862249 0.0038901399492894395 20966.723257827864 161.546654321184 1.0
1.7335856917314771 0.003889543960205577 21250.863803531247 158.73261560223352 1.0
1.7296964457658137 0.0038889479711214925 20927.594593606907 151.3713418490103 1.0
1.7258077957892342 0.003888351982037408 20881.119569083603 175.68201209324053 1.0
1.7219196822028304 0.0038878751907702735 20926.12221946291 152.45895698730226 1.0
1.7180321646055106 0.003887160003869239 21231.820913759046 152.7343583529462 1.0
1.714145242997275 0.0038866832126021045 21078.29287200581 151.79268002942982 1.0
1.7102589173781233 0.003885968025701514 21113.607319617593 154.13397918919102 1.0
1.7063731877480555 0.0038854912344339354 20766.36932323783 144.63511226278496 1.0
1.7024879945081635 0.003884895245350073 20860.095586990905 141.84341700611307 1.0
1.6986034568562638 0.0038841800584492603 20962.074292682086 147.16408355928516 1.0
1.6952049483023917 0.002912837049294792 21067.125366764412 167.32433224810526 1.0
1.692292290049822 0.0029124794558446077 20958.288695141477 172.18549373753237 1.0
1.6893799297917944 0.0029122410602107074 20737.09542666552 167.21180100344145 1.0
1.6864679271272172 0.002911764268943795 21332.925261742155 157.59342565486767 1.0
1.6835562820560903 0.0029115258733098948 20936.653322335496 164.58194569166068 1.0
1.6806449349795054 0.0029111682798597105 20896.990851718976 172.73154830348014 1.0
1.6777339454963711 0.002910810686409082 20891.959656947587 149.79707555641133 1.0
1.6748232540077788 0.002910572290775626 20799.7267674656 159.60432469637908 1.0
1.6719128605137283 0.0029102146973252196 20882.585678350977 153.30770664258546 1.0
1.6690028246131283 0.0029098571038745913 20901.835355138246 169.66335579199955 1.0
1.666093146305979 0.002909499510424407 21121.57055009767 166.0684968802563 1.0
1.6631838255922797 0.0029091419169740007 21186.00808247884 155.2776119459977 1.0
1.6602748028731227 0.0029089035213401004 20918.43794622608 144.35502563668004 1.0
1.6573660781485078 0.002908545927889916 21083.658628751975 145.6004715679726 1.0
1.654457711017343 0.00290818833443951 21287.356683146416 158.76554861289642 1.0
1.6515497014796288 0.0029078307409891035 21099.012461714072 154.23113434517435 1.0
1.6486419899364564 0.0029075923453552033 20892.539998543005 160.8072663856518 1.0
1.6457345763878264 0.002907234751905019 21012.44586180192 152.33616839013376 1.0
1.6428275204326466 0.0029068771584546127 21179.180120394874 138.30906749048387 1.0
1.6399208220709172 0.0029065195650042064 20868.34407942874 149.61506485267475 1.0
1.63701442170373 0.002906281169370528 21264.476898380082 156.62628266294556 1.0
1.6341083193310846 0.002905923575920122 21389.820693983744 148.54525941041737 1.0
1.6312025745518897 0.0029055659824697155 20868.97344260058 150.54663098607583 1.0
1.6282971873661451 0.0029052083890193092 21083.855535235598 148.3475240953439 1.0
1.6253920981749426 0.002904969993385631 21151.10367430437 140.688543402345 1.0
1.6224873069782821 0.0029046123999352247 21250.012586761386 158.88051088793569 1.0
1.6195828733750721 0.0029042548064850404 21267.79707064551 138.51610564288075 1.0
1.6166787973653123 0.002903897213034412 21302.327963002255 150.68262764973053 1.0
1.613775078949003 0.0029035396195840057 21096.181085941116 141.1385888030454 1.0
1.6108716585272358 0.0029033012239503275 21075.848051208788 140.82917853064112 1.0
1.6079685361000107 0.002902943630499921 21252.209125932277 142.21816965282838 1.0
1.605065771266236 0.002902586037049515 21080.70201946514 148.75892096510512 1.0
1.6021633044270032 0.0029023476414160587 21120.1231702973 169.35451251140833 1.0
1.5992611951812208 0.0029018708501487023 21205.599177568696 151.30469421300776 1.0
1.596359443528889 0.002901632454515024 21348.1499769479 156.4354388383757 1.0
1.5934579302721907 0.002901394058881568 20885.557171920882 144.8051190017385 1.0
1.5905567746089428 0.0029009172676142114 21189.67918930501 152.23401126306254 1.0
1.5876559765391454 0.0029006788719807552 21105.43967535999 141.53251824958787 1.0
1.58475547646389 0.002900321278530127 21330.616860149137 146.11351151919717 1.0
1.581855333982085 0.0028999636850797206 21294.08698071221 144.1851603177791 1.0
1.5789555490937304 0.0028996060916295363 21296.719032670084 146.42689423793487 1.0
1.5760560621999176 0.002899367695995858 21297.34400788442 165.10273763245735 1.0
1.5731568733006471 0.0028990101025452297 21380.97024193576 140.5744902009657 1.0
1.570258041994827 0.0028986525090950455 21151.207133804946 134.45291786346672 1.0
1.5673595682824573 0.002898294915644417 21229.584119665662 138.02314163858452 1.0
1.5644613925646296 0.002898056520010961 21614.110374589265 140.8083798196051 1.0
1.5615635148413438 0.0028976989265605546 21340.495541160006 142.5076543551456 1.0
1.5586659947115087 0.0028973413331099263 21103.37763790193 142.59045496811146 1.0
1.5557688321751237 0.002896983739659742 21268.272409949623 138.91303020882106 1.0
1.5528719676332807 0.0028967453440260638 21267.613525064316 129.78263512714545 1.0
1.5499754010859799 0.0028963877505756574 21248.206517771046 129.691555252776 1.0
1.5470791921321294 0.002896030157125251 21230.90052650971 140.35464083000198 1.0
1.5441833407717296 0.0028956725636746228 21059.70404097337 145.54194669604422 1.0
1.5412877874058717 0.0028954341680411666 21198.65610574545 125.33471318800738 1.0
1.538392591633464 0.002894957376774032 21301.565409278966 137.72796138844927 1.0
1.5354976938555986 0.002894838178957082 21084.825697581495 125.56780384043772 1.0
1.532603094072275 0.0028943613876899477 21294.85779277522 128.06921182181028 1.0
1.5297089114813103 0.0028940037942395413 21080.10056667128 134.29801937475816 1.0
1.5268150268848877 0.002893765398605863 21465.716702960537 121.61494574943502 1.0
1.523921440283007 0.002893407805155457 21261.50391639799 132.80115152035913 1.0
1.5210281516756683 0.0028931694095220006 21129.987190923788 128.0192314572328 1.0
1.51813522066178 0.002892692618254644 21512.240902816284 141.5869230218611 1.0
1.515242647241342 0.002892454222620966 21295.157764762054 128.65113807844378 1.0
1.5123503718154463 0.0028920966291705597 21301.533514204813 125.38883124525786 1.0
1.509458453983001 0.0028917390357201533 21417.70581921238 124.77959671964459 1.0
1.5065668341450977 0.002891500640086475 21360.2621553278 130.17275629336254 1.0
1.5036755123017362 0.002891143046636291 21762.897714196348 141.2884841945191 1.0
1.5007845480518252 0.0028907854531856625 21523.657102710993 139.2047574832159 1.0
1.4978939413953647 0.002890427859735256 21128.87613585606 124.36910122749921 1.0
1.4950036327334462 0.0028901894641018 21396.282335811175 119.02992158809208 1.0
1.4921136220660698 0.0028898318706511716 21209.511182854792 129.69789012479544 1.0
1.4892239689921438 0.0028894742772009874 21647.750825554984 124.21895317827217 1.0
1.486334673511668 0.002889116683750359 21813.047650913726 129.60693664361443 1.0
1.4834456760257344 0.002888878288116903 21330.9298695879 121.63450242302011 1.0
1.4805569765343427 0.0028885206946664965 21646.30899410591 124.25144628911262 1.0
1.4776686346364016 0.002888163101215868 21654.386409778148 123.95921404391211 1.0
1.4747806503319107 0.002887805507765684 21368.54671838354 118.35453031252244 1.0
1.4718929640219618 0.0028875671121320057 21620.785382281545 125.37632971983022 1.0
1.4690055757065552 0.0028872095186813773 21644.941598961166 124.76790636130355 1.0
1.466118544984599 0.002886851925231193 21602.43655909295 117.67217101652487 1.0
1.463231871856093 0.0028864943317807867 21495.64894868364 123.79905725969813 1.0
1.460345496722129 0.0028862559361471085 21645.92612744339 115.59396943051169 1.0
1.4574594195827073 0.00288589834269648 21480.02012658461 136.46591503325592 1.0
1.4545737000367358 0.002885540749246296 21465.34269531421 119.2214948353593 1.0
1.4516882784853062 0.0028853023536126177 21701.530248818974 124.16951819841152 1.0
1.4488031549284188 0.0028849447601622114 21642.41528484564 119.16835206993554 1.0
1.4459183889649818 0.002884587166711805 21628.315134609726 122.76264107443345 1.0
1.4430339805949952 0.0028842295732613987 21704.014898453912 121.89929153544782 1.0
1.440149929818459 0.0028838719798109924 21587.564875670287 119.5203485313075 1.0
1.437266177036465 0.002883633584177314 21728.792926552047 116.50218561327003 1.0
1.4343827222490129 0.00288327599072713 21630.45738124132 123.75591053687046 1.0
1.431499625055011 0.0028829183972765016 21858.10337012385 120.70259285302188 1.0
1.4286168258555514 0.0028826800016428233 21788.367041717236 112.27334206754567 1.0
1.4257343246506338 0.002882322408192417 21657.607912900396 120.30555469843566 1.0
1.4228521810391663 0.0028819648147422328 21650.145275320287 117.59333407406612 1.0
1.4199703950211493 0.0028816072212916044 21679.368433937085 107.50790070409299 1.0
1.4170889069976746 0.002881368825657926 21726.233489799157 120.0419937996706 1.0
1.414207716968742 0.002881011232207742 21670.731329300237 114.49498364911085 1.0
1.4113268845332594 0.0028806536387571136 21667.06728608887 119.36560579731514 1.0
1.408446350092319 0.0028804152431236574 21722.045381630433 113.06887994865195 1.0
1.4055661136459205 0.002880057649673029 21666.835440233066 113.81128061775809 1.0
1.4026862347929727 0.0028797000562228448 21567.732552860998 114.8470590360041 1.0
1.399806713533475 0.0028793424627724384 21763.291148853667 111.06407144287404 1.0
1.3969275498674278 0.00287898486932181 21746.788649468373 117.61294959949618 1.0
1.3940486841959228 0.002878746473688354 21459.540097299676 113.20388522916265 1.0
1.3911701165189598 0.0028783888802377255 21460.241362288125 110.36473008215897 1.0
1.3882918468365388 0.0028781504846042694 21793.850694036744 113.39635788452124 1.0
1.3858935271634882 0.0019184888614971474 21743.443792799808 129.66330378415347 1.0
1.3839750979008996 0.0019183696636799752 21746.856644639647 134.70764846441438 1.0
1.3820567878361278 0.0019182504658634691 21703.769740778916 131.5668480127359 1.0
1.3801385969691728 0.001918131268046519 21562.31577456417 120.75111832486701 1.0
1.3782205253000348 0.001918012070229791 21781.441046852935 131.65500202013632 1.0
1.3763026324276217 0.0019177736745961127 21591.607914705877 129.96228316289037 1.0
1.374384918351934 0.0019176544767793846 21582.544555296932 132.67021934833545 1.0
1.372467323474063 0.0019175352789624345 21680.756473381804 132.7222456299314 1.0
1.370549847794009 0.0019174160811457064 21589.88556090758 141.21629899060653 1.0
1.3686324913117716 0.0019172968833289783 21683.998070510203 132.21987875296355 1.0
1.3667153136262598 0.001917058487695078 21666.239024461625 140.41188662980798 1.0
1.364798314737473 0.001916939289878572 21629.50334104065 137.39204962889588 1.0
1.3628814350465026 0.0019168200920616218 21814.477702021806 132.61449795253975 1.0
1.3609646745533495 0.0019167008942448938 21534.41686699069 134.9700752418849 1.0
1.3590480928569213 0.0019164624986112155 21670.119688159994 127.05492932877505 1.0
1.3571316899572186 0.0019163433007944874 21801.315087169252 119.31527524906353 1.0
1.355215346656424 0.0019163433007944874 21644.353524617858 135.72927699769463 1.0
1.3532991821523548 0.0019159857073440811 21577.191608886704 128.75135043227016 1.0
1.3513831964450107 0.0019159857073440811 21794.24090407922 126.40873951844095 1.0
1.349467270336575 0.001915866509527131 21494.905932697486 129.13351755712898 1.0
1.3475515230248647 0.0019156281138936748 21515.467061513893 128.59784941361028 1.0
1.3456359545098795 0.0019155089160767247 21676.229528522505 128.56019264840867 1.0
1.343720505192711 0.0019153897182599966 21582.609660105805 128.07301133482287 1.0
1.3418051750733595 0.0019152705204432685 21542.004783848442 131.52521607875545 1.0
1.339890023750733 0.0019150321248095903 21643.769132824902 127.36465565754521 1.0
1.337975051224832 0.0019149129269926402 21374.92887360719 123.47475695385695 1.0
1.3360601978967477 0.001914793729176134 21559.818404833524 129.38191832113043 1.0
1.3341454637664798 0.001914674531359184 21488.683709850004 125.87394106169099 1.0
1.3322308488340293 0.0019145553335422338 21560.63338136797 132.70667852346554 1.0
1.3303164126983038 0.0019143169379087777 21377.00160578479 128.8593652570211 1.0
1.3284020957603948 0.0019143169379087777 21386.87238509784 125.86055134324154 1.0
1.326487898020303 0.0019140785422750994 21301.124458907845 124.2899220187432 1.0
1.3245739386758446 0.0019138401466414212 21249.888095031056 135.80989433381706 1.0
1.3226600985292032 0.0019138401466416433 21422.224089205072 136.21764997917137 1.0
1.32074631798147 0.0019137209488246931 21300.724614170707 128.82599838283664 1.0
1.318832716230462 0.001913482553191015 21362.767543351085 121.47496699572415 1.0
1.3169192932761795 0.0019133633553742868 21249.1505526505 122.13970771348973 1.0
1.3150059895197135 0.0019132441575575587 20926.297960051194 131.69179348080553 1.0
1.3130928645599729 0.0019130057619238805 21334.280873061613 134.6627214462426 1.0
1.311179858798049 0.0019130057619238805 21365.618052715727 125.41645670878073 1.0
1.3092669722339418 0.0019127673662902023 21143.743241813285 127.78508891672985 1.0
1.3073542644665601 0.0019126481684734742 21133.66451580126 122.9308740171908 1.0
1.305441675896995 0.001912528970656746 21021.175142885037 115.93135263118225 1.0
1.3035292065252468 0.001912409772839796 21138.264774509487 129.0955442326722 1.0
1.3016169159502238 0.0019121713772061177 21102.12793024672 117.61283667972383 1.0
1.299704804171926 0.0019120521793896117 20924.591121408244 121.4769228009699 1.0
1.297792811591445 0.0019119329815724395 21083.44528599577 120.11332988365679 1.0
1.2958809382087808 0.0019118137837559335 21160.84374862649 126.2648416378005 1.0
1.2939691840239331 0.0019116945859389833 21198.169637858213 119.58076088399021 1.0
1.292057608635811 0.0019114561903053051 21024.068404277656 121.59352643191421 1.0
1.2901461524455056 0.0019114561903055272 21122.47136024306 123.08827099869555 1.0
1.2882348154530172 0.0019112177946716269 21074.6990287897 120.63360105178178 1.0
1.2863236572572538 0.0019110985968551208 20871.634353465746 114.68642110969944 1.0
1.2844126778582154 0.0019108602012212206 20956.361428700646 122.13595066301858 1.0
1.2825018176569942 0.0019108602012214426 21138.480342024006 124.24466082522449 1.0
1.2805910766535895 0.0019106218055877644 21228.324982019305 120.93977683912891 1.0
1.2786805144469102 0.0019105026077710363 21127.073813839637 117.5972929727286 1.0
1.2767700714380477 0.0019103834099540862 21064.384675583737 128.047446139521 1.0
1.2748597476270018 0.001910264212137358 20875.93434297491 108.23401416930282 1.0
1.2729496026126814 0.0019100258165036799 21142.891699982527 117.90247664490572 1.0
1.2710395767961777 0.0019100258165036799 20987.66558730036 126.54694576326949 1.0
1.2691296701774908 0.0019097874208702237 21098.052382392696 119.04475369121944 1.0
1.267219942355529 0.0019096682230532736 21097.857851272627 117.4045118473489 1.0
1.2653103337313842 0.0019095490252363234 21049.84671575208 123.1577322998035 1.0
1.2634009039039646 0.0019093106296028672 21077.633194170776 116.67779730562452 1.0
1.2614915932743616 0.0019093106296030893 21058.567133399065 117.7827838842213 1.0
1.2595824018425756 0.001909072233969189 20932.244973000295 119.0264741687168 1.0
1.2576733892075147 0.001908953036152461 21048.694733855347 123.04480901278312 1.0
1.2557644957702707 0.0019088338383357328 21114.50061038577 114.2535923040263 1.0
1.2538557811297517 0.0019085954427018326 21068.643438314582 111.96884152512985 1.0
1.2519471856870499 0.0019085954427020546 21299.10585215691 121.54433713179735 1.0
1.2500387094421646 0.0019083570470685984 21005.217508635422 119.45193673415011 1.0
1.2481304119940044 0.0019082378492516483 21322.19539512991 112.72634445782822 1.0
1.2462222337436613 0.0019081186514346982 21159.232835932627 111.41664760579386 1.0
1.244314174691135 0.00190799945361797 21230.831299162513 119.21577561822689 1.0
1.2424062944353338 0.001907761057984514 21115.260773353846 120.96266565803936 1.0
1.2404985333773493 0.0019077610579842919 21076.31121499319 124.07319872369959 1.0
1.2385908915171817 0.0019075226623508357 21050.6024676327 118.10972780997264 1.0
1.2366834284537394 0.0019074034645338855 21109.084182584524 116.39620689679522 1.0
1.2347761441870222 0.0019071650689004294 21280.417466466573 110.23807037315703 1.0
1.2328689791181218 0.0019071650689004294 21238.4774356423 116.18048619783175 1.0
1.230961933247038 0.0019069266732667511 21140.816837496892 122.37723734461376 1.0
1.2290550065737715 0.0019069266732667511 21130.311094875884 111.20777495234763 1.0
1.2271481990983215 0.001906688277633073 21399.62642861904 111.92908900038536 1.0
1.225241570419597 0.0019065690798163448 21211.963384701696 115.33578168207951 1.0
1.2233351205375973 0.0019063306841826666 21457.969202176773 119.971812639277 1.0
1.2214287898534146 0.0019063306841828886 21091.199010509234 111.57125064281263 1.0
1.2195225783670485 0.0019060922885489884 21192.12874414204 115.13969725447569 1.0
1.217616545677408 0.0019059730907322603 21511.252657442637 113.784537709789 1.0
1.215710632185584 0.0019058538929155322 21196.23309762513 121.0881833048349 1.0
1.213804837891577 0.0019057346950988041 21037.230869790423 116.31895032733873 1.0
1.2118991627953866 0.001905615497281854 21127.739095186065 114.80814048731729 1.0
1.2099936664959214 0.0019053771016481758 20765.5991746229 608.4321593107562 1.0
1.2080883489931817 0.0019052579038314477 20915.429438274507 322.96380288074914 1.0
1.2061831506882585 0.0019051387060147196 21377.049895759348 121.81334994434219 1.0
1.2042780715811523 0.0019050195081979915 21432.064582516447 124.0539563525861 1.0
1.2023731116718628 0.0019049003103810414 21491.823048443664 121.57147178217701 1.0
1.2004682709603902 0.0019047811125640912 21315.923464436135 113.83620252503889 1.0
1.1985636090456429 0.001904542716930635 21152.874944061183 109.509521426335 1.0
1.1966591259276207 0.001904423519113907 21235.755011761747 114.22401873561377 1.0
1.194754762007415 0.0019043043212969568 21255.533667105006 114.84222280867623 1.0
1.1928505172850266 0.0019041851234802287 21139.062268483496 118.83608226644654 1.0
1.1909463917604546 0.0019040659256635006 21330.539024388054 112.60555655390085 1.0
1.189042445032608 0.0019038275300298224 21362.801237269592 117.6795106631557 1.0
1.1871386175025784 0.0019038275300296004 21182.81089235648 114.59718189943746 1.0
1.1852349091703653 0.0019035891343963662 21368.07578012285 110.04698674899592 1.0
1.1833313796348777 0.001903469936579194 21687.877279830485 119.00845255724067 1.0
1.1814279692972067 0.001903350738762688 21570.724378469433 113.84483692751206 1.0
1.1795247377562608 0.0019031123431290098 21417.149983018357 114.59527076680887 1.0
1.1776216254131318 0.0019031123431287877 21387.33455204166 118.95272760179479 1.0
1.1757186322678197 0.0019028739474953316 21226.841589026728 114.76774200986112 1.0
1.1738158179192328 0.0019027547496786035 21284.362182899877 108.72509048378411 1.0
1.1719131227684627 0.0019026355518616533 21336.034596405003 117.64990624092611 1.0
1.1700105468155093 0.0019025163540449253 21403.227219933695 111.6006002082698 1.0
1.1681080900603729 0.0019023971562281972 21588.982509195437 121.96697081118755 1.0
1.1662058121019614 0.001902158760594519 21293.387728746413 124.350048067609 1.0
1.164303653341367 0.001902158760594519 21352.15451268905 120.61241926744903 1.0
1.1624016137785893 0.0019019203649608407 21301.387071938385 119.07246189038904 1.0
1.160499753012537 0.0019018011671441126 21296.702825837816 113.50612796055407 1.0
1.158598011444301 0.0019016819693273845 21074.57895192863 119.1881862440109 1.0
1.1566964486727906 0.0019014435736934843 21372.746242900383 113.13900190702017 1.0
1.1547950050990972 0.0019014435736937063 21439.3340621641 109.94129048789307 1.0
1.1528936807232202 0.001901205178060028 21310.56691964965 113.9444384569599 1.0
1.1509925351440686 0.0019010859802433 21251.15498645908 127.26872972768619 1.0
1.1490915087627336 0.0019009667824263499 21350.181221103823 115.52271676089151 1.0
1.1471906015792155 0.0019008475846098438 21463.859090377075 114.75341899353414 1.0
1.1452898135935143 0.0019007283867926716 21412.631321506495 119.8378745689893 1.0
1.14338914480563 0.0019006091889761656 21388.016024458135 112.15131959600043 1.0
1.1414886548144707 0.0019003707933422653 21436.246578244398 106.04819200251173 1.0
1.1395883436200367 0.0019002515955257593 21584.665306386243 116.95940582311343 1.0
1.1376881516234194 0.0019001323977088092 21388.167832273575 113.79016108020178 1.0
1.135788078824619 0.001900013199891859 21675.436785359136 120.68828666657515 1.0
1.1338881252236357 0.001899894002075131 21529.36397912657 120.29409180758266 1.0
1.1319882908204688 0.0018997748042584028 21423.33160702967 115.29069847419272 1.0
1.1300886352140274 0.0018995364086247246 21520.576258188114 115.98195790347347 1.0
1.1281891584043109 0.0018994172108079965 21605.80739847095 120.92810009276232 1.0
1.1262898007924114 0.0018992980129912684 21351.27889263669 110.70746700841198 1.0
1.1243905623783284 0.0018991788151743183 21325.588777975914 121.5195137162881 1.0
1.1224914431620625 0.0018990596173575902 21435.02855386002 116.23992753909839 1.0
1.1205924431436134 0.00189894041954064 21411.810276704757 121.69186066232645 1.0
1.1186936219218895 0.001898702023907184 21582.555492326308 116.05130810107963 1.0
1.1167949198979823 0.001898702023907184 21529.860050246065 110.28385139981418 1.0
1.114896337071892 0.0018984636282735057 21327.9405569282 119.67708432241977 1.0
1.1129979330425268 0.0018983444304565555 21504.360572378482 118.50064461032561 1.0
1.1110996482109785 0.0018982252326400495 21460.247182917177 118.73693097868447 1.0
1.1092014825772472 0.0018981060348228773 21288.947654174386 120.29162815297771 1.0
1.1073034361413325 0.0018979868370063713 21458.274547442892 118.90623714854244 1.0
1.1054055685021429 0.001897748441372693 21491.917124639753 130.92174731090594 1.0
1.1035078796596787 0.001897629243555965 21407.49021253322 129.846523458427 1.0
1.101610250416123 0.001897629243555743 21300.112749602034 123.39160989275393 1.0
1.099712740370384 0.0018973908479222867 21251.02730599718 125.60618622113311 1.0
1.0978154091213699 0.0018972716501053366 21186.68532803821 114.84407018399403 1.0
1.0959182566690813 0.0018970332544718804 21054.455368361243 125.89330633356292 1.0
1.0940212234146096 0.0018970332544718804 21359.994152405197 125.2934689614209 1.0
1.092124249759046 0.0018969140566549303 21204.213305022167 120.15152475003613 1.0
1.0902274549002078 0.0018966756610214741 21064.546005561733 131.87929403911536 1.0
1.0883308388380948 0.001896556463204746 21404.81392830338 121.14639250413019 1.0
1.0864343419737985 0.0018964372653877959 21317.20834912447 119.19771277818862 1.0
1.0845379643073192 0.0018963180675708458 21299.19762009559 120.40183156500643 1.0
1.0826417058386566 0.0018961988697543397 21677.663334425466 122.87148895846077 1.0
1.0807455665678107 0.0018960796719373896 21329.422981790332 114.53000428275138 1.0
1.0788496060936903 0.0018958412763037114 21321.45296392321 124.94274973083989 1.0
1.0769537648173864 0.0018958412763037114 21074.888633844734 122.58984794810037 1.0
1.0750580427388994 0.0018956028806702552 21053.601716810404 119.69979611774163 1.0
1.0731624994571378 0.001895483682853305 21264.331795509046 116.38907662075259 1.0
1.0712670753731928 0.001895364485036577 21007.831827822425 126.14388441765337 1.0
1.0693717704870647 0.0018952452872196268 21176.011632906168 117.33800077268393 1.0
1.0674765847987535 0.0018951260894028987 21173.35587496186 118.18908498348424 1.0
1.0655815779071673 0.0018948876937694425 21256.81235433312 121.44418981505613 1.0
1.063686690213398 0.0018948876937692205 20928.392897109767 124.27818750648028 1.0
1.0617919217174454 0.0018946492981357643 21035.910907384397 126.16636640632049 1.0
1.0598972724193096 0.0018946492981357643 21183.453193144403 117.80896442924225 1.0
1.0580027423189908 0.001894410902502086 21260.746655062878 119.3272078771428 1.0
1.056108391015397 0.001894291704685358 21222.131572176368 119.00134333983665 1.0
1.0542142185085286 0.0018940533090516798 21171.886042529102 120.42669659225399 1.0
1.0523201651994767 0.0018940533090516798 21186.800296429174 121.37526084775027 1.0
1.0504261714893337 0.0018939341112347297 21043.114087331476 118.89536806687921 1.0
1.0485323565759157 0.0018936957156012735 20992.58392863707 119.67465255294228 1.0
1.0466386608603142 0.0018936957156012735 20993.461141214706 122.44076158917532 1.0
1.0447450843425299 0.0018934573199675953 21319.139643364368 127.12029934042876 1.0
1.0428516866214705 0.0018933381221508672 20868.450027382103 123.58302004174983 1.0
1.0409584080982281 0.001893218924334139 21168.145121093996 124.04577813836448 1.0
1.0390652487728025 0.001893099726517189 21089.69057214384 116.66679895572291 1.0
1.0371722086451935 0.0018929805287004609 21210.61703388948 125.39033480045961 1.0
1.03527934731431 0.0018927421330667826 21147.46806097569 125.1658293249492 1.0
1.0333866051812433 0.0018927421330667826 21241.119664009253 129.16192153828405 1.0
1.0314939822459932 0.0018925037374331044 21356.033272879664 126.87438461678266 1.0
1.02960147850856 0.0018925037374333264 21246.69334420722 119.075071305213 1.0
1.0277090939689435 0.0018922653417996482 20897.795170055026 597.009936637164 1.0
1.0258168882260525 0.001892146143982698 20915.495475840304 315.9441415310466 1.0
1.023924801680978 0.00189202694616597 21312.022043102457 128.34861036231766 1.0
1.0220328343337206 0.001891907748349242 21081.077929613457 123.63803796365256 1.0
1.020141045783188 0.0018916693527153416 21043.87399408267 125.06016880080801 1.0
1.0182493764304728 0.0018916693527155637 20998.730935821943 128.28060104724798 1.0
1.0163577666766654 0.0018915501548988356 21224.912641873896 125.29022240698019 1.0
1.0144663357195836 0.0018913117592651574 21387.11358586624 129.48940476485512 1.0
1.0125750835592269 0.0018911925614482072 20991.99175293251 128.85840964930745 1.0
1.0106838909977784 0.0018911925614484293 21026.3901124791 128.64136299916117 1.0
1.008792817634147 0.001890954165814751 21535.47149031052 137.99347103423457 1.0
1.0069019230672407 0.001890834967997801 21227.52177487437 129.10414184067892 1.0
1.0050111476981511 0.0018907157701810728 21097.903905547693 136.4571866720929 1.0
1.0031205511257868 0.0018904773745476167 21081.569578428367 141.78652978448662 1.0
1.0012300737512394 0.0018904773745473946 21262.035425124563 142.2123991472091 1.0
0.9993396857750545 0.0018902985778223025 21272.932515328223 129.05964088379426 1.0
0.9974494467961406 0.0018901793800055744 21247.070124689657 127.34211554510256 1.0
0.9955593270150436 0.0018900601821886243 21024.066458944937 134.18445714265442 1.0
0.9936693264317633 0.0018899409843718962 21137.218853113078 130.91080788530923 1.0
0.991779474845754 0.001889762187646582 21284.283813356826 132.66862285196035 1.0
0.9898897722570158 0.001889642989829854 21141.7707820881 139.32028023616775 1.0
0.9880001590666401 0.0018895833909214899 20770.970098778555 130.24654979935642 1.0
0.9861106948735354 0.0018893449952878116 20963.00937272519 131.4133457648717 1.0
0.9842213796777018 0.0018892853963794476 20662.746948031494 239.4212600198931 1.0
0.982332183679685 0.0018891065996541334 21088.61442582865 422.56881799575547 1.0
0.980443106879485 0.0018890470007458804 21001.004994553827 134.60117619190487 1.0
0.9785541492771018 0.0018888682040205662 20905.439570350547 134.25449410602215 1.0
0.9766653406719896 0.0018887490062038381 21065.736356789497 129.97090886509645 1.0
0.9747766512646943 0.001888629808386999 21183.765915819742 135.6162382799065 1.0
0.9728881108546699 0.0018884510116617959 21144.31807360911 134.40908587513388 1.0
0.9709996896424622 0.0018883914127533208 21194.75395585489 139.53286457556385 1.0
0.9691113876280715 0.0018882126160282287 21340.15711482038 135.58147484576375 1.0
0.9672232346109517 0.0018880934182112785 21299.378467093204 125.12730811539016 1.0
0.9653352007916487 0.0018879742203946615 21281.546694590073 141.91986927400916 1.0
0.9634472861701626 0.0018878550225777113 21351.487618837367 139.95257893219915 1.0
0.9615594907464933 0.0018877358247609832 21257.054141661214 133.23961582559895 1.0
0.9596718443200949 0.001887557028035669 21467.87291486202 134.59002038696505 1.0
0.9577843468909676 0.001887437830218941 21425.464100891004 143.14431474135827 1.0
0.9558969388602028 0.001887378231310577 21415.145249029105 141.4745329767973 1.0
0.9540096500272549 0.0018871994345852627 21219.686378492697 137.8807520657841 1.0
0.9521225399910322 0.0018870206378600596 21424.46034253178 147.21073978844967 1.0
0.9502355491526263 0.0018869610389518066 21269.985703898546 152.86090941254128 1.0
0.948348647712583 0.0018868418411348564 21656.77786261774 138.35392204975034 1.0
0.9464618952698107 0.0018866630444096533 21592.229253315858 142.8471472706175 1.0
0.9445752620248553 0.0018866034455012892 21737.27283954109 147.3880878273228 1.0
0.9422171716149768 0.0028295773742557095 20413.183921714513 785.1290476601464 1.0
0.9393877134385378 0.0028293389786221423 21137.6855711679 118.41116835617922 1.0
0.9365585234571867 0.0028290409840801 21679.713988950476 117.17135478757825 1.0
0.9337296314703776 0.002828742989538058 21268.165347949747 122.89888185999817 1.0
0.9309010374781106 0.0028284449949960155 21336.942648164997 124.91565416479727 1.0
0.9280727116809313 0.0028282065993624483 21477.23188771327 125.22424127962684 1.0
0.9252446838782942 0.002827849005912042 21575.66265873018 124.51243767373259 1.0
0.9224169242707447 0.002827670209186839 21469.968246143628 128.62743151254983 1.0
0.9195894328582831 0.0028273126157363215 21309.725906678475 121.07950125527123 1.0
0.9167622692398177 0.0028270146211943903 21483.97114797491 122.38249158909025 1.0
0.9139353738164402 0.002826776225560823 21227.62358534972 118.04004379586861 1.0
0.9111087465881504 0.00282647823101867 21356.774964264245 124.98152704229257 1.0
0.9082823875549484 0.0028262398353852136 21348.138026083125 125.4547760696336 1.0
0.9054563265162885 0.0028258822419346963 21191.37891558906 130.11425178997777 1.0
0.9026305336727164 0.002825703445209493 21569.067154804237 189.20634229727492 1.0
0.8998050090242321 0.002825345851759087 21805.920188549157 345.2206604970391 1.0
0.8969797823702899 0.0028251074561254086 21385.05051714736 132.8685692188168 1.0
0.8941548239114354 0.0028248094615834773 21296.07475439543 132.18254884463516 1.0
0.8913301634471229 0.002824511467041435 21455.10343846937 137.6646978148954 1.0
0.8885057711778983 0.002824273071407868 21404.546973278095 133.0331955391258 1.0
0.8856816471037614 0.0028239750768658256 21378.942375629245 131.14179057580256 1.0
0.8828578210241667 0.0028236770823237833 21378.07540313821 132.12573695083736 1.0
0.8800342631396596 0.002823438686690216 21214.80432643738 130.60441794879281 1.0
0.8772109734502405 0.002823140692148174 21070.103087980857 134.77962352624152 1.0
0.8743879519559091 0.0028229022965144956 21114.136396238155 142.80987104887487 1.0
0.8715651986566656 0.0028226043019725644 21301.26569671281 135.71693157401538 1.0
0.8687427433519641 0.002822306307430522 21375.797978560313 136.79280837519732 1.0
0.8659205562423503 0.002822067911796955 20822.676319528662 142.38988160850076 1.0
0.8630986373278244 0.0028217699172549127 21394.953328314517 140.91360994300004 1.0
0.8602769866083864 0.0028215315216212344 21094.01785416392 136.86377302976476 1.0
0.857455604084036 0.002821233527079303 21204.482676734053 146.08278340784045 1.0
0.8546344897547735 0.002820995131445625 21199.72471141061 146.82218135201182 1.0
0.851813643620599 0.0028206971369036937 21152.141465739365 141.15176258755577 1.0
0.8489930954809662 0.0028203991423616515 21113.771662808504 230.20588603055936 1.0
0.8461728155364214 0.0028201607467279732 20498.152791496563 558.3363032376917 1.0
0.8433527739875102 0.002819922351094406 21348.051768842975 175.14781225170256 1.0
0.8400630930403823 0.0037594395431614913 21024.99811787472 532.0014352496236 1.0
